SYMBOL,TIMESTAMP,OPEN,HIGH,LOW,CLOSE,VOLUME,DELIVERY
20MICRONS,20141008,30.65,30.65,30.35,30.45,49421,12328
3IINFOTECH,20141008,8.15,8.2,7.9,8.0,599607,374992
3MINDIA,20141008,6221.5,6300.0,6171.1,6186.55,755,636
8KMILES,20141008,492.5,543.55,492.5,543.55,154473,45365
A2ZMES,20141008,23.55,24.0,22.7,22.8,110012,77744
AARTIDRUGS,20141008,753.0,765.05,745.0,748.3,5213,3704
AARTIIND,20141008,285.8,289.5,281.0,283.35,19736,10682
AARVEEDEN,20141008,49.8,49.8,47.05,47.6,824,615
ABAN,20141008,558.1,575.95,540.1,556.8,1206096,259779
ABB,20141008,1074.6,1114.0,1066.15,1073.65,43523,20379
ABBOTINDIA,20141008,3200.0,3242.3,3170.15,3196.0,1288,714
ABCIL,20141008,264.0,277.9,253.65,258.0,19771,12290
ABGSHIP,20141008,224.45,225.3,217.85,221.5,92831,41285
ABIRLANUVO,20141008,1596.0,1629.5,1591.0,1607.6,171945,85400
ACC,20141008,1357.1,1385.95,1357.1,1380.2,249181,120509
ACCELYA,20141008,703.2,730.0,703.2,725.65,27224,20406
ACE,20141008,31.3,32.3,30.6,31.35,124157,63110
ACROPETAL,20141008,4.35,4.5,4.35,4.35,69408,61983
ADANIENT,20141008,448.55,467.5,448.55,461.6,1393748,575719
ADANIPORTS,20141008,260.9,264.85,258.55,261.15,2156752,855814
ADANIPOWER,20141008,41.5,42.85,41.45,42.65,2786287,600509
ADFFOODS,20141008,66.9,68.35,65.55,66.0,50352,30427
ADHUNIK,20141008,37.05,38.75,36.3,36.95,9498,6466
ADORWELD,20141008,211.2,222.0,211.15,217.65,997,762
ADSL,20141008,18.9,18.95,17.8,17.95,21838,17338
ADVANIHOTR,20141008,72.05,73.8,72.0,72.1,3516,1290
ADVANTA,20141008,316.0,320.5,312.0,316.7,29340,23696
AEGISCHEM,20141008,348.1,352.7,342.0,349.95,12238,7121
AFL,20141008,65.9,69.95,65.9,67.5,2663,1710
AGARIND,20141008,100.1,100.1,96.05,97.5,2925,1054
AGCNET,20141008,68.65,72.0,64.85,70.1,8853,6418
AGRODUTCH,20141008,3.2,3.7,3.2,3.3,3006,2606
AHLEAST,20141008,187.0,195.0,182.2,186.0,239,157
AHLUCONT,20141008,152.0,160.15,147.95,150.05,54669,30613
AHLWEST,20141008,104.75,107.95,104.75,104.75,105,105
AHMEDFORGE,20141008,384.0,401.7,382.0,398.6,356409,106858
AIAENG,20141008,923.5,942.25,912.0,918.0,37312,22711
AIL,20141008,460.5,471.9,460.05,460.8,96031,83541
AJANTPHARM,20141008,1723.55,1743.3,1670.0,1675.25,37104,23840
AJMERA,20141008,158.8,158.8,145.0,145.2,124734,52749
AKSHOPTFBR,20141008,18.1,18.3,17.6,17.75,56541,35955
AKZOINDIA,20141008,1244.4,1252.95,1235.0,1237.15,9289,7124
ALBK,20141008,94.25,97.4,94.25,96.35,3419458,835239
ALCHEM,20141008,44.05,46.75,44.05,45.45,2010,1673
ALEMBICLTD,20141008,53.35,54.85,50.4,52.95,1168236,372451
ALICON,20141008,161.6,167.1,159.65,163.05,7760,6059
ALKALI,20141008,21.75,22.5,20.5,21.0,3556,2821
ALKYLAMINE,20141008,373.65,375.0,355.45,361.35,2030,1619
ALLCARGO,20141008,237.0,237.8,230.15,235.95,45068,41782
ALLSEC,20141008,23.6,24.0,22.55,23.0,2897,2573
ALMONDZ,20141008,17.0,17.0,16.35,16.4,6062,3486
ALOKTEXT,20141008,12.75,13.1,12.55,12.7,12896044,5109151
ALPHAGEO,20141008,492.9,494.9,477.0,480.05,8499,4403
ALPSINDUS,20141008,2.0,2.1,1.9,2.0,6403,4400
ALSTOMT&D,20141008,335.0,337.0,325.1,328.1,710675,679390
AMARAJABAT,20141008,586.0,586.0,565.1,567.95,187594,135576
AMARJOTHI,20141008,81.0,81.0,79.1,79.9,2850,2550
AMBIKCO,20141008,465.4,479.0,455.6,463.4,3010,2158
AMBUJACEM,20141008,209.05,212.0,207.1,208.2,1416812,798401
AMDIND,20141008,27.0,28.4,26.4,26.55,7033,4572
AMLSTEEL,20141008,6.7,6.7,6.1,6.7,1793,1793
AMRUTANJAN,20141008,275.25,283.8,265.05,272.35,104711,23775
AMTEKAUTO,20141008,194.4,197.65,190.0,192.7,482451,295980
AMTEKINDIA,20141008,92.65,94.1,92.6,93.2,114150,63073
AMTL,20141008,12.1,13.1,12.0,13.1,2262,2222
ANANTRAJ,20141008,52.4,54.3,52.05,52.65,710067,289584
ANDHRABANK,20141008,63.15,66.4,63.15,65.15,3205304,714020
ANDHRACEMT,20141008,10.15,10.15,9.7,9.8,30913,16914
ANDHRSUGAR,20141008,140.5,143.0,139.6,140.2,6720,3495
ANGIND,20141008,25.0,26.75,24.65,25.55,16839,13057
ANKITMETAL,20141008,7.6,7.65,7.35,7.5,13666,10219
ANSALAPI,20141008,30.95,31.5,30.5,30.95,36821,17059
ANSALHSG,20141008,29.1,31.2,28.7,29.5,37754,20770
APARINDS,20141008,395.4,400.0,343.5,393.05,52047,24259
APCOTEXIND,20141008,320.7,327.15,320.7,323.45,3038,1656
APLAPOLLO,20141008,281.05,297.0,281.0,286.0,3265,2807
APLLTD,20141008,405.5,413.9,400.0,403.05,134684,71780
APOLLOHOSP,20141008,1077.0,1081.5,1032.3,1043.35,128767,76737
APOLLOTYRE,20141008,209.8,217.9,206.25,215.25,11410653,2954106
APTECHT,20141008,80.2,82.2,80.2,81.1,119647,41718
ARCHIDPLY,20141008,25.35,26.5,24.75,24.8,8447,7989
ARCHIES,20141008,29.05,29.4,27.15,27.9,214754,97038
ARCOTECH,20141008,370.0,379.0,370.0,373.25,15239,5036
ARIES,20141008,85.0,89.9,83.3,87.75,18829,6888
ARIHANT,20141008,45.0,48.0,44.8,47.0,1700,1142
AROGRANITE,20141008,86.5,86.95,72.75,82.05,70908,35437
ARROWTEX,20141008,11.8,12.3,11.8,12.3,3060,2385
ARSSINFRA,20141008,37.0,38.85,37.0,37.65,23792,13055
ARVIND,20141008,285.0,290.5,281.75,287.7,2399780,240526
ARVINDREM,20141008,48.15,48.5,41.3,42.05,5768738,3157605
ASAHIINDIA,20141008,103.2,106.8,102.0,105.4,20484,11699
ASAHISONG,20141008,152.75,152.75,145.65,147.4,17119,8680
ASAL,20141008,53.4,55.0,52.75,53.2,370,305
ASHAPURMIN,20141008,70.65,71.3,69.25,69.95,90829,31070
ASHIANA,20141008,160.0,167.0,159.0,159.5,22968,10432
ASHIMASYN,20141008,8.25,8.25,8.0,8.1,3560,3560
ASHOKA,20141008,132.0,134.0,128.0,130.1,50251,28637
ASHOKLEY,20141008,42.95,44.1,42.25,43.85,13356247,3934950
ASIANHOTNR,20141008,128.0,134.8,127.05,128.7,781,604
ASIANPAINT,20141008,625.0,640.8,623.4,635.3,1066246,640755
ASIL,20141008,1.0,1.0,1.0,1.0,50,50
ASSAMCO,20141008,4.5,4.65,4.4,4.5,413055,214064
ASTEC,20141008,65.9,68.45,65.0,67.0,13726,10721
ASTRAL,20141008,380.25,395.55,375.1,378.95,20592,14789
ASTRAMICRO,20141008,103.9,113.6,102.85,112.65,1115408,352481
ASTRAZEN,20141008,894.0,924.8,894.0,905.7,4551,2849
ATFL,20141008,616.05,634.8,606.05,609.55,7803,3660
ATLANTA,20141008,65.25,67.55,65.15,65.5,64831,14039
ATLASCYCLE,20141008,261.35,269.0,259.2,261.25,44934,9173
ATNINTER,20141008,0.5,0.5,0.5,0.5,300,300
ATUL,20141008,1383.2,1402.0,1365.0,1375.4,12197,6777
ATULAUTO,20141008,366.45,366.8,343.7,353.65,26662,12474
AURIONPRO,20141008,271.0,276.4,266.0,269.45,26872,17214
AUROPHARMA,20141008,989.0,994.0,941.8,953.45,1873018,591287
AUSTRAL,20141008,0.75,0.8,0.7,0.7,59934,30438
AUTOAXLES,20141008,640.05,659.95,640.05,654.8,3744,2135
AUTOIND,20141008,95.65,99.3,95.0,96.2,220491,40908
AUTOLITIND,20141008,29.65,29.65,26.65,27.05,6098,4276
AVANTI,20141008,1658.35,1664.95,1615.15,1633.0,7674,5285
AVTNPL,20141008,47.75,47.75,45.55,45.85,83909,57382
AXISBANK,20141008,372.75,380.25,372.35,379.0,3182969,1176318
AXISCADES,20141008,131.95,131.95,122.65,124.1,59177,25973
AXISGOLD,20141008,2547.05,2549.5,2526.0,2548.05,126,69
BAFNAPHARM,20141008,32.95,33.7,31.85,33.0,45032,32018
BAGFILMS,20141008,3.95,4.0,3.85,3.95,117851,93613
BAJAJ-AUTO,20141008,2332.0,2356.85,2318.0,2348.5,122320,62778
BAJAJCORP,20141008,272.9,272.9,262.55,264.75,32516,21197
BAJAJELEC,20141008,269.6,274.8,268.0,269.85,396625,348752
BAJAJFINSV,20141008,1112.0,1131.9,1104.9,1115.25,31647,24529
BAJAJHIND,20141008,18.4,19.2,18.3,18.5,2768462,603424
BAJAJHLDNG,20141008,1374.1,1380.0,1368.0,1370.65,2804,1499
BAJFINANCE,20141008,2700.8,2727.2,2670.55,2701.4,13412,10479
BALAJITELE,20141008,78.0,81.0,76.95,79.0,60848,29603
BALAMINES,20141008,76.1,77.7,75.1,75.6,13962,8806
BALKRISIND,20141008,757.0,773.4,755.25,767.65,19093,9605
BALLARPUR,20141008,17.35,17.75,16.85,16.95,941476,470084
BALMLAWRIE,20141008,595.0,600.0,587.95,590.0,18841,10505
BALPHARMA,20141008,66.3,66.35,64.8,65.05,8291,6072
BALRAMCHIN,20141008,55.0,56.5,53.3,54.0,718802,216113
BANARBEADS,20141008,44.25,49.6,44.25,45.05,1954,525
BANARISUG,20141008,1200.0,1234.2,1171.05,1200.7,1351,1272
BANCOINDIA,20141008,145.4,147.4,138.05,138.95,54790,35300
BANG,20141008,12.05,12.05,12.0,12.0,200,200
BANKBARODA,20141008,860.0,876.8,846.75,858.0,1490974,504098
BANKBEES,20141008,1556.0,1565.0,1542.0,1547.63,4965,4639
BANKINDIA,20141008,224.7,233.5,224.6,231.6,3325268,843900
BANSWRAS,20141008,80.05,80.2,78.65,78.8,1144,677
BARTRONICS,20141008,11.05,11.05,10.3,10.45,24529,19312
BASF,20141008,1332.9,1346.25,1292.1,1297.45,14760,7358
BASML,20141008,129.5,129.5,125.05,127.45,1397,1051
BATAINDIA,20141008,1382.0,1388.0,1335.0,1344.55,104764,37360
BAYERCROP,20141008,2425.8,2498.0,2386.0,2410.5,4047,2117
BBL,20141008,554.95,573.55,554.95,567.55,1645,1061
BBTC,20141008,240.6,244.2,233.95,236.75,60044,20216
BEARDSELL,20141008,67.0,67.0,67.0,67.0,2,2
BEDMUTHA,20141008,18.95,19.7,18.35,18.75,13820,8422
BEL,20141008,2010.1,2025.0,1976.0,1980.7,58393,37604
BEML,20141008,579.8,606.0,575.25,582.0,391908,74158
BEPL,20141008,16.2,16.4,15.55,16.4,2423,101
BERGEPAINT,20141008,406.2,407.15,389.55,395.55,176805,59667
BFINVEST,20141008,101.95,104.85,100.05,102.2,9282,5594
BFUTILITIE,20141008,509.0,567.3,508.7,558.0,316441,62145
BGRENERGY,20141008,144.1,147.75,144.1,146.25,119876,46751
BHAGYNAGAR,20141008,18.2,18.65,17.6,17.65,3550,3300
BHARATFORG,20141008,819.7,827.0,798.05,804.25,969573,246223
BHARATGEAR,20141008,71.5,77.4,71.5,72.65,16404,9411
BHARATRAS,20141008,625.0,633.0,625.0,633.0,150,150
BHARTIARTL,20141008,400.0,406.5,397.1,399.7,6020242,5130901
BHARTISHIP,20141008,35.75,35.85,34.5,35.5,13828,8241
BHEL,20141008,197.5,205.5,197.05,202.1,7678202,3354439
BHUSANSTL,20141008,114.8,114.8,102.35,106.6,475116,198829
BIL,20141008,391.0,396.55,390.05,392.7,12651,2145
BILENERGY,20141008,1.6,1.6,1.45,1.6,1460,1460
BILPOWER,20141008,1.85,1.85,1.7,1.85,24787,24787
BIMETAL,20141008,291.0,309.95,288.35,299.85,8911,934
BINANIIND,20141008,108.5,129.0,108.5,117.8,272336,56891
BINDALAGRO,20141008,31.0,32.65,30.9,31.55,111859,69876
BIOCON,20141008,494.0,496.25,483.75,486.55,454931,178862
BIRLACORPN,20141008,472.35,489.55,470.7,483.85,19293,11257
BIRLACOT,20141008,0.1,0.15,0.1,0.15,698216,497605
BIRLAMONEY,20141008,25.2,25.2,24.2,24.55,24699,13454
BLISSGVS,20141008,58.0,59.3,57.25,58.65,49997,35211
BLKASHYAP,20141008,13.8,14.0,13.75,13.75,282469,156767
BLUECHIP,20141008,0.65,0.65,0.5,0.55,15320,11820
BLUEDART,20141008,5202.5,5300.05,5110.6,5232.95,1536,1046
BLUESTARCO,20141008,344.0,349.0,339.95,341.85,14833,6502
BLUESTINFO,20141008,228.0,234.0,219.7,223.6,3478,1283
BODALCHEM,20141008,36.15,36.15,36.15,36.15,69468,69046
BOMDYEING,20141008,66.15,67.2,65.25,66.05,571925,227144
BOSCHLTD,20141008,14836.2,14836.2,14675.0,14703.9,3578,3028
BPCL,20141008,651.0,678.0,650.35,674.7,2164656,697832
BPL,20141008,21.95,21.95,20.6,20.9,79708,46833
BRANDHOUSE,20141008,2.05,2.05,1.85,1.9,136613,73411
BRFL,20141008,148.0,148.0,144.1,144.6,1040,770
BRIGADE,20141008,143.0,145.95,141.15,141.45,21578,12979
BRITANNIA,20141008,1392.5,1406.0,1362.25,1371.7,45784,36674
BROOKS,20141008,39.25,40.95,38.8,40.45,43035,24004
BSELINFRA,20141008,2.4,2.7,2.4,2.6,13344,13073
BSL,20141008,32.0,32.65,30.3,31.3,2501,1907
BSLGOLDETF,20141008,2541.0,2616.0,2541.0,2597.15,113,94
BSLIMITED,20141008,26.9,27.25,22.25,25.6,583415,97064
BSLNIFTY,20141008,77.5,77.99,75.57,75.77,600,555
BURNPUR,20141008,12.6,12.85,12.35,12.45,29441,18392
BUTTERFLY,20141008,285.0,286.5,275.1,277.15,1158,898
BVCL,20141008,13.1,14.3,13.05,14.15,850,750
CADILAHC,20141008,1348.0,1348.0,1310.0,1318.5,166209,145981
CAIRN,20141008,291.0,295.3,286.0,294.25,2824506,1760670
CANBK,20141008,344.8,358.0,344.05,356.3,1629138,381890
CANDC,20141008,50.05,52.75,50.05,51.85,7271,4433
CANFINHOME,20141008,475.0,475.0,441.0,450.9,33254,14189
CANTABIL,20141008,27.2,28.8,26.8,27.45,3977,2380
CAPF,20141008,306.75,309.0,298.35,305.5,129111,43486
CAPLIPOINT,20141008,428.3,428.3,378.0,385.0,16308,10841
CARBORUNIV,20141008,190.1,195.2,190.1,194.5,51268,25662
CAREERP,20141008,122.7,129.9,122.0,124.6,10048,8256
CARERATING,20141008,1524.95,1524.95,1403.35,1420.9,22900,11407
CASTROLIND,20141008,431.15,435.0,428.35,430.35,102684,56351
CCCL,20141008,7.0,7.0,6.4,6.45,40596,32634
CCL,20141008,116.4,130.75,113.3,122.95,2345692,659721
CEATLTD,20141008,770.0,781.6,758.0,766.9,626872,64983
CEBBCO,20141008,19.7,19.7,18.4,18.8,16778,13864
CELEBRITY,20141008,16.15,16.25,14.8,16.0,18222,12909
CELESTIAL,20141008,30.0,30.9,29.55,30.2,97851,38946
CENTENKA,20141008,163.75,163.8,159.9,160.05,32732,29245
CENTEXT,20141008,1.95,1.95,1.8,1.9,1928,1718
CENTRALBK,20141008,58.25,59.5,58.15,59.15,383171,132226
CENTUM,20141008,471.0,480.0,453.15,461.05,16323,6263
CENTURYPLY,20141008,111.0,113.0,110.05,111.9,338377,261564
CENTURYTEX,20141008,517.05,532.5,517.0,529.75,518889,87598
CERA,20141008,1729.9,1754.0,1685.05,1714.3,70834,27402
CEREBRAINT,20141008,9.5,9.7,9.15,9.3,5660,5154
CESC,20141008,735.35,753.35,730.3,736.45,423547,261946
CGCL,20141008,198.4,209.8,196.0,201.3,12692,5830
CHAMBLFERT,20141008,62.95,63.7,60.75,61.35,1983092,596244
CHEMFALKAL,20141008,99.5,99.5,97.0,98.2,2923,1433
CHENNPETRO,20141008,97.25,102.9,97.25,102.0,1044327,303580
CHESLINTEX,20141008,7.8,7.95,7.0,7.6,3083,327
CHOLAFIN,20141008,462.0,479.7,462.0,471.05,11356,6029
CHROMATIC,20141008,4.25,4.6,4.15,4.5,6371,4072
CIMMCO,20141008,44.0,45.0,41.4,41.65,17472,15561
CINELINE,20141008,12.7,12.95,12.3,12.35,569,545
CINEVISTA,20141008,3.85,3.85,3.75,3.75,210,210
CIPLA,20141008,603.9,603.9,578.8,585.65,2870865,1563785
CLNINDIA,20141008,913.0,920.0,911.0,919.05,6277,4328
CLUTCHAUTO,20141008,24.0,24.5,23.4,23.75,11756,7836
CMAHENDRA,20141008,17.15,17.15,17.15,17.15,25149,25149
CMC,20141008,2118.0,2142.0,2085.0,2100.85,11983,7620
CNOVAPETRO,20141008,16.0,16.0,16.0,16.0,250,250
COALINDIA,20141008,338.15,343.9,338.15,341.7,2646998,1792116
COLPAL,20141008,1739.65,1739.65,1715.0,1719.15,80172,58378
COMPUAGE,20141008,129.0,132.95,125.5,129.85,43111,2087
COMPUSOFT,20141008,11.9,12.2,11.6,11.75,7392,4974
CONCOR,20141008,1300.0,1329.5,1272.0,1317.4,36689,23756
CONSOFINVT,20141008,47.6,49.0,47.5,47.7,4418,4236
CORDSCABLE,20141008,27.0,27.0,25.0,25.0,204,189
COREEDUTEC,20141008,11.5,11.7,11.3,11.5,148786,109155
COROENGG,20141008,48.1,49.5,46.8,48.35,2326,1700
COROMANDEL,20141008,298.0,301.8,292.6,293.75,30950,14523
CORPBANK,20141008,317.0,322.85,316.0,320.5,29660,11875
COSMOFILMS,20141008,104.6,108.85,104.5,105.3,46721,23950
COUNCODOS,20141008,2.45,2.5,2.45,2.5,10724,10724
COX&KINGS,20141008,309.0,322.0,309.0,319.5,654107,266888
CPSEETF,20141008,24.0,24.3,23.8,24.21,404385,279120
CREATIVEYE,20141008,4.35,4.65,4.05,4.1,815,515
CRISIL,20141008,1905.0,1905.0,1859.05,1869.1,35318,27408
CROMPGREAV,20141008,194.0,203.4,193.0,201.9,4492376,1593307
CTE,20141008,6.1,6.6,6.1,6.6,755,755
CUB,20141008,84.1,84.95,83.4,84.55,2915268,2763992
CUMMINSIND,20141008,650.25,659.65,648.05,652.6,291575,239447
CYBERTECH,20141008,41.9,43.95,40.6,43.05,15153,5980
CYIENT,20141008,440.5,440.5,426.1,433.2,714600,695158
DAAWAT,20141008,111.95,112.5,109.85,111.3,14601,8246
DABUR,20141008,216.0,219.45,215.3,216.75,847174,394921
DALMIABHA,20141008,421.0,431.4,421.0,425.9,4916,3620
DALMIAREF,20141008,100.8,100.8,100.8,100.8,1,1
DALMIASUG,20141008,19.75,21.0,19.75,20.8,13709,11429
DATAMATICS,20141008,78.45,78.45,70.6,71.8,126790,85607
DBCORP,20141008,345.0,345.0,334.75,339.0,30330,27921
DBREALTY,20141008,63.75,66.35,62.55,62.9,211748,117380
DBSTOCKBRO,20141008,65.35,65.4,65.15,65.25,35033,1
DCBBANK,20141008,80.55,81.45,80.0,80.8,469588,235828
DCM,20141008,83.7,85.5,80.65,81.9,22744,17708
DCMSHRIRAM,20141008,232.5,234.0,226.5,231.5,62368,39046
DCW,20141008,23.7,24.35,23.5,23.8,759632,297031
DECCANCE,20141008,396.0,396.0,384.55,393.55,759,624
DECOLIGHT,20141008,2.35,2.5,2.35,2.35,2243,2243
DEEPAKFERT,20141008,158.5,163.7,158.5,161.0,105004,54433
DEEPAKNTR,20141008,73.6,73.6,71.2,71.95,12781,9918
DEEPIND,20141008,71.35,72.5,69.8,70.45,34564,18147
DELTACORP,20141008,89.0,90.2,87.65,88.7,1115178,333542
DELTAMAGNT,20141008,42.0,44.85,40.65,42.0,2261,1951
DEN,20141008,126.9,133.45,126.5,129.2,384918,233959
DENABANK,20141008,57.1,58.3,57.05,57.5,682782,209489
DENORA,20141008,168.0,173.9,167.3,171.6,2965,1982
DHAMPURSUG,20141008,48.8,51.4,48.6,49.2,52721,15891
DHANBANK,20141008,41.7,43.35,41.7,42.75,206353,133768
DHANUKA,20141008,487.05,492.95,480.05,484.1,7899,4524
DHARSUGAR,20141008,22.0,22.05,20.45,22.0,496,302
DHFL,20141008,335.0,336.8,318.1,319.75,238049,137934
DIAPOWER,20141008,118.0,119.15,115.1,116.5,60043,34492
DICIND,20141008,622.7,624.4,600.2,610.0,12721,8217
DIGJAM,20141008,8.75,9.0,8.5,8.95,81230,53605
DISHMAN,20141008,170.3,172.75,160.45,161.95,993773,461538
DISHTV,20141008,53.25,54.2,52.75,53.85,1734551,605846
DIVISLAB,20141008,1776.9,1779.6,1720.95,1728.7,125774,66873
DLF,20141008,140.2,149.6,140.15,148.85,12068862,2342061
DLINKINDIA,20141008,124.0,129.9,120.55,129.9,100715,64352
DOLPHINOFF,20141008,121.95,139.4,117.8,137.0,1044066,239482
DONEAR,20141008,20.9,21.0,20.0,20.3,251,201
DPSCLTD,20141008,18.5,18.5,17.65,18.15,8928,8213
DPTL,20141008,94.2,103.35,94.2,98.6,10977,4717
DQE,20141008,29.0,30.5,27.0,27.95,370539,131055
DRDATSONS,20141008,14.0,15.15,12.8,14.85,1155084,438921
DREDGECORP,20141008,424.0,432.9,421.5,426.45,40270,11713
DRREDDY,20141008,3115.0,3118.0,2950.0,2966.2,439272,289381
DSKULKARNI,20141008,90.95,91.0,87.0,87.85,29285,14596
DSSL,20141008,7.1,7.4,6.75,7.35,5183,4937
DWARKESH,20141008,32.0,34.15,31.5,33.35,14334,9752
DYNAMATECH,20141008,2450.0,2456.3,2328.0,2430.9,18926,8506
EASTSILK,20141008,2.35,2.35,2.35,2.35,7546,7546
EASUNREYRL,20141008,60.75,60.8,58.0,59.1,10758,8190
ECEIND,20141008,114.2,127.7,111.45,123.15,5221,2516
ECLERX,20141008,1359.2,1384.0,1341.6,1368.5,6474,3568
ECLFINANCE,20141008,1020.5,1020.5,1019.0,1020.0,659,659
ECLFINANCE,20141008,1020.5,1020.5,1019.0,1020.0,87,87
ECLFINANCE,20141008,1020.5,1020.5,1019.0,1020.0,501,501
ECLFINANCE,20141008,1020.5,1020.5,1019.0,1020.0,22,22
ECLFINANCE,20141008,1020.5,1020.5,1019.0,1020.0,4294,3823
ECLFINANCE,20141008,1020.5,1020.5,1019.0,1020.0,100,100
ECLFINANCE,20141008,1065.25,1065.25,1065.25,1065.25,659,659
ECLFINANCE,20141008,1065.25,1065.25,1065.25,1065.25,87,87
ECLFINANCE,20141008,1065.25,1065.25,1065.25,1065.25,501,501
ECLFINANCE,20141008,1065.25,1065.25,1065.25,1065.25,22,22
ECLFINANCE,20141008,1065.25,1065.25,1065.25,1065.25,4294,3823
ECLFINANCE,20141008,1065.25,1065.25,1065.25,1065.25,100,100
ECLFINANCE,20141008,1027.0,1030.0,1027.0,1030.0,659,659
ECLFINANCE,20141008,1027.0,1030.0,1027.0,1030.0,87,87
ECLFINANCE,20141008,1027.0,1030.0,1027.0,1030.0,501,501
ECLFINANCE,20141008,1027.0,1030.0,1027.0,1030.0,22,22
ECLFINANCE,20141008,1027.0,1030.0,1027.0,1030.0,4294,3823
ECLFINANCE,20141008,1027.0,1030.0,1027.0,1030.0,100,100
ECLFINANCE,20141008,1098.0,1100.0,1098.0,1100.0,659,659
ECLFINANCE,20141008,1098.0,1100.0,1098.0,1100.0,87,87
ECLFINANCE,20141008,1098.0,1100.0,1098.0,1100.0,501,501
ECLFINANCE,20141008,1098.0,1100.0,1098.0,1100.0,22,22
ECLFINANCE,20141008,1098.0,1100.0,1098.0,1100.0,4294,3823
ECLFINANCE,20141008,1098.0,1100.0,1098.0,1100.0,100,100
ECLFINANCE,20141008,1013.4,1015.89,1013.4,1014.83,659,659
ECLFINANCE,20141008,1013.4,1015.89,1013.4,1014.83,87,87
ECLFINANCE,20141008,1013.4,1015.89,1013.4,1014.83,501,501
ECLFINANCE,20141008,1013.4,1015.89,1013.4,1014.83,22,22
ECLFINANCE,20141008,1013.4,1015.89,1013.4,1014.83,4294,3823
ECLFINANCE,20141008,1013.4,1015.89,1013.4,1014.83,100,100
ECLFINANCE,20141008,1030.0,1030.0,1030.0,1030.0,659,659
ECLFINANCE,20141008,1030.0,1030.0,1030.0,1030.0,87,87
ECLFINANCE,20141008,1030.0,1030.0,1030.0,1030.0,501,501
ECLFINANCE,20141008,1030.0,1030.0,1030.0,1030.0,22,22
ECLFINANCE,20141008,1030.0,1030.0,1030.0,1030.0,4294,3823
ECLFINANCE,20141008,1030.0,1030.0,1030.0,1030.0,100,100
EDELWEISS,20141008,46.25,48.1,46.15,47.25,298827,186549
EDL,20141008,36.0,36.0,34.4,34.6,11910,9414
EDUCOMP,20141008,30.0,30.4,28.9,29.2,265607,127540
EICHERMOT,20141008,11798.0,11798.0,11650.1,11707.0,28361,13591
EIDPARRY,20141008,222.15,223.5,215.0,215.55,78034,43737
EIHAHOTELS,20141008,202.4,204.5,195.35,197.0,576,356
EIHOTEL,20141008,99.45,101.4,99.0,100.75,101461,93718
EKC,20141008,14.5,14.95,14.25,14.45,84329,53968
ELDERPHARM,20141008,181.45,184.55,180.2,180.7,36104,16781
ELECON,20141008,46.05,46.75,46.05,46.4,80814,40323
ELECTCAST,20141008,20.75,21.0,20.0,20.5,261446,140193
ELECTHERM,20141008,20.8,20.95,20.8,20.8,1355,1347
ELFORGE,20141008,9.7,10.4,9.65,9.65,6516,5938
ELGIEQUIP,20141008,119.05,122.5,119.05,120.15,22491,18538
ELGIRUBCO,20141008,31.95,31.95,30.0,30.9,5901,4632
EMAMIINFRA,20141008,34.9,34.9,33.0,33.2,11803,11462
EMAMILTD,20141008,685.75,706.0,681.1,688.5,97103,50379
EMCO,20141008,34.15,38.9,34.15,38.3,121656,70616
EMKAY,20141008,40.15,43.0,40.15,43.0,225,175
EMMBI,20141008,15.25,15.4,14.4,14.75,24919,11500
EMPEESUG,20141008,4.4,4.4,4.2,4.25,2367,2367
ENERGYDEV,20141008,17.0,19.0,16.8,17.35,616,200
ENGINERSIN,20141008,242.2,246.0,236.25,237.4,435158,361159
ENIL,20141008,421.0,437.05,417.05,434.2,12283,11581
EON,20141008,26.6,27.75,25.1,25.8,6948,5719
ERAINFRA,20141008,14.0,14.15,13.75,13.85,207050,150934
EROSMEDIA,20141008,259.9,259.9,249.75,250.6,181429,104417
ESABINDIA,20141008,616.0,616.0,566.0,586.3,2278,1240
ESCORTS,20141008,155.4,156.0,150.6,152.55,1272830,311074
ESL,20141008,4.4,4.5,4.35,4.4,191836,141239
ESSAROIL,20141008,117.2,118.0,116.25,116.7,195727,97155
ESSARPORTS,20141008,90.5,94.9,90.0,94.65,64345,46690
ESSARSHPNG,20141008,18.15,20.0,18.15,19.5,141305,100077
ESSDEE,20141008,372.0,384.7,360.4,369.45,88852,36315
ESSELPACK,20141008,109.0,114.0,106.5,112.2,142456,69957
ESTER,20141008,23.7,24.5,23.2,23.35,36698,28324
EUROTEXIND,20141008,29.9,29.9,29.9,29.9,102,102
EVEREADY,20141008,98.5,101.1,97.0,98.55,147645,85839
EVERESTIND,20141008,247.0,256.9,247.0,252.2,21177,11721
EVERONN,20141008,32.1,34.55,32.1,33.65,22846,13085
EXCELCROP,20141008,1090.0,1119.0,1071.4,1108.75,3513,2367
EXCELINDUS,20141008,298.85,307.7,287.0,291.25,25138,16626
EXCELINFO,20141008,19.0,19.0,18.1,18.4,6991,6280
EXIDEIND,20141008,167.6,169.45,165.6,167.9,1263880,493820
FACT,20141008,31.15,33.0,31.15,31.65,119710,43928
FAGBEARING,20141008,2900.0,2900.0,2706.6,2848.35,2496,1360
FARMAXIND,20141008,1.2,1.3,1.15,1.25,329325,245882
FCEL,20141008,11.2,11.9,10.85,11.85,2695993,1192909
FCSSOFT,20141008,0.35,0.4,0.35,0.35,122144,122112
FDC,20141008,154.85,154.85,148.5,149.55,100953,59710
FEDDERLOYD,20141008,63.3,65.3,63.2,63.55,40287,23414
FEDERALBNK,20141008,122.0,124.0,121.2,122.35,1725390,601636
FIEMIND,20141008,640.0,645.95,639.0,642.7,28949,12552
FINANTECH,20141008,214.25,219.5,208.0,208.75,191819,90453
FINCABLES,20141008,207.7,215.0,206.0,208.55,102061,37164
FINPIPE,20141008,321.0,328.5,308.05,320.0,96450,71413
FLEXITUFF,20141008,211.0,214.9,207.0,210.5,21247,394
FLFL,20141008,90.0,91.5,89.5,90.45,89087,53590
FMGOETZE,20141008,272.35,284.0,270.0,280.7,4413,3075
FMNL,20141008,12.25,12.3,10.4,12.15,6418,3815
FORTIS,20141008,115.4,116.5,115.0,115.45,163024,93151
FOSECOIND,20141008,960.0,983.2,932.5,940.15,536,211
FRL,20141008,112.5,117.25,111.15,116.95,660255,312979
FRLDVR,20141008,56.55,60.0,56.0,58.25,14559,10613
FSL,20141008,41.15,41.3,39.55,39.75,1647354,886021
FTFTF12CDV,20141008,13.6,13.6,12.5,13.6,50,50
GABRIEL,20141008,78.2,85.4,78.2,83.0,1866678,856010
GAEL,20141008,57.55,61.35,54.0,60.65,102453,61762
GAIL,20141008,443.0,443.7,437.4,441.1,1434556,1002386
GAL,20141008,41.1,44.0,40.8,41.5,12568,8531
GALLANTT,20141008,18.2,20.6,15.1,19.25,153815,47632
GALLISPAT,20141008,371.0,380.0,371.0,376.4,14541,3147
GAMMNINFRA,20141008,14.85,15.0,14.2,14.65,372375,184609
GAMMONIND,20141008,33.6,34.9,33.1,34.6,247382,114632
GANDHITUBE,20141008,180.9,210.1,180.9,210.1,11792,7394
GANESHHOUC,20141008,158.0,158.0,147.75,152.15,9289,4482
GARDENSILK,20141008,38.0,38.0,37.1,37.15,16805,12373
GARWALLROP,20141008,167.75,172.4,163.05,164.65,14026,9300
GATI,20141008,188.0,192.7,185.5,189.75,1016150,259934
GAYAPROJ,20141008,168.0,170.1,162.2,164.9,21128,14257
GDL,20141008,261.35,261.4,251.0,252.35,335137,264911
GEECEE,20141008,34.0,39.85,34.0,37.95,2262,2090
GEINDSYS,20141008,26.5,26.5,23.6,24.4,18412,12298
GEMINI,20141008,1.65,1.7,1.5,1.65,22255,21905
GENESYS,20141008,63.5,66.0,62.0,65.0,2726,1929
GENUSPOWER,20141008,26.0,26.95,25.8,26.2,99105,64993
GEOJITBNPP,20141008,37.4,39.0,37.05,38.45,79745,45160
GEOMETRIC,20141008,139.4,140.7,136.1,137.7,504653,292258
GESHIP,20141008,423.0,423.95,415.0,415.75,13205,7030
GHCL,20141008,98.0,99.65,94.0,95.25,135973,66229
GICHSGFIN,20141008,155.0,156.75,153.05,154.4,113364,35395
GILLANDERS,20141008,71.95,71.95,67.1,68.1,4410,3039
GILLETTE,20141008,2804.65,2885.7,2802.0,2865.1,8518,5838
GINNIFILA,20141008,13.8,14.2,13.6,13.75,23945,16888
GIPCL,20141008,82.9,86.0,82.1,83.6,151356,76434
GISOLUTION,20141008,3.7,3.7,3.7,3.7,50,50
GITANJALI,20141008,62.5,63.45,61.35,61.75,438974,207489
GKB,20141008,42.2,47.9,40.25,47.15,8593,6424
GKWLIMITED,20141008,345.0,430.0,345.0,415.55,115,90
GLAXO,20141008,2900.0,2900.0,2790.2,2807.6,15122,9723
GLENMARK,20141008,722.85,722.85,697.05,706.6,924284,722728
GLOBOFFS,20141008,461.0,500.0,461.0,487.3,52762,25543
GLOBUSSPR,20141008,75.05,75.85,74.3,74.45,59025,34810
GLODYNE,20141008,3.75,3.95,3.65,3.65,69491,56246
GMBREW,20141008,108.0,108.95,104.6,105.1,4800,2846
GMDCLTD,20141008,139.6,141.3,137.75,139.35,87958,52530
GMRINFRA,20141008,19.95,20.25,19.4,20.0,24599205,4657402
GNFC,20141008,91.5,93.25,90.6,92.35,254587,53363
GOACARBON,20141008,87.35,88.6,86.0,86.55,15309,6857
GODFRYPHLP,20141008,2867.0,2885.0,2824.95,2836.9,2319,1906
GODREJCP,20141008,994.0,1015.0,946.05,980.5,195497,115510
GODREJIND,20141008,300.0,303.8,288.8,291.35,714688,322257
GODREJPROP,20141008,237.75,238.4,234.35,235.35,109219,80551
GOKEX,20141008,60.15,60.9,59.35,60.15,21005,18790
GOKUL,20141008,18.9,18.95,18.1,18.25,2541,2464
GOLDBEES,20141008,2472.9,2494.95,2462.5,2488.4,22997,15389
GOLDENTOBC,20141008,21.8,22.7,21.8,21.95,23103,23103
GOLDIAM,20141008,31.85,32.55,30.5,30.8,3918,3040
GOLDINFRA,20141008,10.7,11.5,10.4,11.25,22407,16551
GOLDSHARE,20141008,2456.0,2488.5,2456.0,2470.4,2500,1796
GOLDTECH,20141008,7.55,7.55,7.2,7.25,6996,6371
GPIL,20141008,148.0,154.75,146.05,149.55,13870,8859
GPPL,20141008,165.9,167.85,162.95,164.6,223725,113194
GRANULES,20141008,880.0,890.9,852.0,865.3,113536,32793
GRAPHITE,20141008,96.0,97.15,94.4,94.9,30506,23017
GRASIM,20141008,3420.0,3474.9,3401.35,3460.55,78829,51960
GRAVITA,20141008,85.0,86.55,83.0,84.2,66280,46906
GREAVESCOT,20141008,127.55,130.0,127.0,129.6,164179,117575
GREENFIRE,20141008,1.25,1.25,1.2,1.25,26584,25584
GREENPLY,20141008,910.0,921.0,875.05,884.15,1875,1497
GREENPOWER,20141008,12.45,12.45,11.6,11.95,71887,45785
GRINDWELL,20141008,501.95,504.9,487.85,502.15,6259,5607
GRUH,20141008,190.8,193.0,190.1,191.05,166136,139019
GSCLCEMENT,20141008,35.75,35.95,34.75,34.95,38562,27089
GSFC,20141008,112.25,119.4,110.2,118.65,5261406,1448905
GSKCONS,20141008,5472.0,5505.95,5241.0,5295.65,10496,5041
GSPL,20141008,87.45,89.5,87.4,87.9,279904,190754
GSS,20141008,30.5,31.3,30.2,30.35,2698,1884
GTL,20141008,21.75,23.35,21.5,22.5,381881,127164
GTLINFRA,20141008,2.7,2.75,2.65,2.7,1567383,639955
GTNIND,20141008,13.2,13.6,12.8,13.6,346,344
GTNTEX,20141008,9.2,10.9,9.1,10.65,2558,1627
GTOFFSHORE,20141008,91.5,96.3,91.0,95.2,226990,62492
GUFICBIO,20141008,18.8,20.0,18.3,18.75,47335,28997
GUJALKALI,20141008,198.45,203.4,198.45,200.55,78664,34398
GUJAPOLLO,20141008,121.75,121.75,117.65,118.95,7007,5295
GUJFLUORO,20141008,679.0,699.75,679.0,692.9,50786,33155
GUJNRECOKE,20141008,7.4,7.55,7.25,7.35,2293863,1207440
GUJNREDVR,20141008,3.7,3.8,3.6,3.65,18890,18890
GUJRATGAS,20141008,496.0,518.0,482.0,495.95,49143,22438
GULFCORP,20141008,157.2,169.9,152.3,164.65,36522,18847
GULFOILLUB,20141008,294.0,300.0,294.0,298.8,19024,14199
GVKPIL,20141008,9.95,10.15,9.6,9.65,4174268,2038558
HARITASEAT,20141008,114.0,124.45,106.0,110.45,704,500
HARRMALAYA,20141008,70.5,73.5,69.7,70.1,100349,66234
HATHWAY,20141008,303.0,314.0,288.05,305.05,4456958,4159245
HATSUN,20141008,307.0,314.9,302.0,303.85,5643,4105
HAVELLS,20141008,264.0,269.9,263.2,268.85,706175,258338
HBLPOWER,20141008,17.7,18.75,17.7,18.4,118581,81518
HBSTOCK,20141008,18.1,18.25,17.65,18.25,2477,2047
HCC,20141008,30.85,31.55,30.25,31.15,2158513,998817
HCIL,20141008,29.7,32.9,29.25,31.35,165290,58805
HCL-INSYS,20141008,80.4,81.25,78.5,79.45,1128577,308917
HCLTECH,20141008,1725.1,1744.55,1665.0,1673.1,1077075,665696
HDFC,20141008,1016.1,1025.65,1006.85,1014.65,1956573,1441196
HDFCBANK,20141008,860.55,870.0,858.3,867.6,785096,378540
HDFCMFGETF,20141008,2578.0,2590.0,2570.1,2584.6,737,435
HDIL,20141008,81.7,82.85,79.0,80.15,13612990,1582170
HEG,20141008,282.0,286.9,279.1,283.9,10486,4684
HEIDELBERG,20141008,93.9,96.3,90.0,91.8,870178,303142
HELIOSMATH,20141008,140.25,141.45,130.5,133.85,504543,141999
HERCULES,20141008,188.1,192.2,185.2,187.0,66937,8883
HERITGFOOD,20141008,367.2,369.1,356.0,358.9,22905,9381
HEROMOTOCO,20141008,2802.0,2819.75,2777.5,2799.05,431918,253551
HEXATRADEX,20141008,25.85,26.75,25.65,26.65,4279,4163
HEXAWARE,20141008,199.0,199.0,186.5,189.0,2492973,637591
HFCL,20141008,18.5,21.2,18.5,20.9,17440945,4999916
HGS,20141008,664.0,676.25,646.25,652.2,21146,10739
HIKAL,20141008,696.7,727.95,696.7,719.0,5235,3253
HIL,20141008,642.75,643.4,625.45,629.0,4009,2261
HILTON,20141008,18.55,20.65,18.55,20.0,4094,2718
HIMATSEIDE,20141008,91.3,93.95,91.3,92.4,72953,28208
HINDALCO,20141008,146.8,149.8,145.7,148.8,9467940,4458124
HINDCOMPOS,20141008,680.0,717.0,646.0,700.45,230,115
HINDCOPPER,20141008,77.1,79.0,77.0,77.85,180451,51680
HINDDORROL,20141008,14.6,15.5,14.6,14.85,11571,6243
HINDMOTORS,20141008,9.75,9.95,9.5,9.7,771727,497082
HINDNATGLS,20141008,141.9,141.9,135.05,136.45,1864,1379
HINDOILEXP,20141008,55.25,57.4,54.9,56.25,478777,104784
HINDPETRO,20141008,489.0,514.4,484.3,511.95,3101088,906482
HINDSYNTEX,20141008,10.85,11.5,10.85,11.5,350,250
HINDUJAFO,20141008,44.5,49.95,44.5,48.45,4196,3305
HINDUJAVEN,20141008,286.0,292.0,285.7,287.35,15605,7464
HINDUNILVR,20141008,732.05,744.0,728.4,734.75,951087,627657
HINDZINC,20141008,155.9,163.0,155.0,162.7,647217,266113
HIRECT,20141008,46.75,49.5,46.7,48.15,3796,1548
HITACHIHOM,20141008,635.0,652.3,615.05,627.25,225240,54369
HITECHGEAR,20141008,186.0,195.6,185.4,190.95,17075,11745
HITECHPLAS,20141008,102.2,102.2,98.75,100.0,33690,29894
HMT,20141008,28.75,29.4,28.75,28.95,60684,30622
HMVL,20141008,156.55,158.05,152.0,152.9,10200,7155
HNGSNGBEES,20141008,2000.0,2000.0,2000.0,2000.0,6,6
HOCL,20141008,25.2,27.4,25.2,26.6,249133,98487
HONAUT,20141008,5326.7,5380.0,5315.0,5351.35,508,182
HONDAPOWER,20141008,927.0,965.0,910.2,944.65,3087,2692
HOTELEELA,20141008,21.5,21.85,21.1,21.35,109031,58890
HOTELRUGBY,20141008,4.15,4.7,4.15,4.7,276,201
HOVS,20141008,175.9,179.3,158.6,169.45,1269284,217523
HTMEDIA,20141008,108.85,110.0,106.3,107.45,62434,45901
HUBTOWN,20141008,110.75,112.5,108.2,110.4,25462,12196
HUDCO,20141008,1104.0,1108.9,1104.0,1108.9,1760,1300
HUDCO,20141008,1104.0,1108.9,1104.0,1108.9,285,260
HUDCO,20141008,1104.0,1108.9,1104.0,1108.9,1794,1724
HUDCO,20141008,1104.0,1108.9,1104.0,1108.9,1791,1380
HUDCO,20141008,1082.1,1086.0,1082.01,1084.0,1760,1300
HUDCO,20141008,1082.1,1086.0,1082.01,1084.0,285,260
HUDCO,20141008,1082.1,1086.0,1082.01,1084.0,1794,1724
HUDCO,20141008,1082.1,1086.0,1082.01,1084.0,1791,1380
HUDCO,20141008,1020.0,1043.0,1020.0,1028.55,1760,1300
HUDCO,20141008,1020.0,1043.0,1020.0,1028.55,285,260
HUDCO,20141008,1020.0,1043.0,1020.0,1028.55,1794,1724
HUDCO,20141008,1020.0,1043.0,1020.0,1028.55,1791,1380
HUDCO,20141008,1040.0,1047.0,1035.0,1046.5,1760,1300
HUDCO,20141008,1040.0,1047.0,1035.0,1046.5,285,260
HUDCO,20141008,1040.0,1047.0,1035.0,1046.5,1794,1724
HUDCO,20141008,1040.0,1047.0,1035.0,1046.5,1791,1380
HYDROS&S,20141008,188.05,198.7,182.2,198.7,7833,6074
IBIPL,20141008,4.5,4.55,4.35,4.5,624202,452835
IBPOW,20141008,12.8,13.05,12.4,12.65,7341930,4340708
IBREALEST,20141008,65.8,67.4,65.0,66.4,5345005,940386
IBSEC,20141008,23.8,23.95,23.55,23.65,199082,132825
IBULHSGFIN,20141008,395.55,401.8,380.4,386.75,441641,238142
IBWSL,20141008,19.25,20.3,19.15,19.6,130176,65695
ICICIBANK,20141008,1427.6,1454.65,1427.0,1448.55,1915055,1071782
ICIL,20141008,175.0,175.0,165.5,169.45,68658,51815
ICNX100,20141008,80.2,80.65,80.2,80.65,126,126
ICRA,20141008,2570.05,2599.9,2570.05,2589.05,1082,589
ICSA,20141008,4.6,4.6,4.05,4.4,12257,6675
IDBI,20141008,59.55,60.85,59.55,60.25,1838546,478877
IDBIGOLD,20141008,2660.0,2660.0,2585.0,2590.0,24,23
IDEA,20141008,165.0,166.45,157.35,158.15,3931893,2219715
IDFC,20141008,135.0,139.45,134.15,138.85,5353472,1982346
IFBAGRO,20141008,255.0,304.2,250.0,304.2,90986,49162
IFBIND,20141008,339.95,366.5,336.65,348.45,441791,108078
IFCI,20141008,33.85,34.4,33.5,33.9,4465049,1104070
IFGLREFRAC,20141008,190.95,192.9,182.0,183.45,17651,14233
IGARASHI,20141008,285.0,295.45,278.6,285.7,101605,24530
IGL,20141008,414.05,420.7,409.4,412.05,337269,140536
IGOLD,20141008,2573.8,2602.9,2565.0,2573.8,125,64
IGPL,20141008,68.05,71.45,66.2,66.95,15265,9682
IIFL,20141008,148.35,159.85,145.0,147.75,1279951,1207251
IIFLFIN,20141008,1420.88,1420.88,1420.88,1420.88,4,4
IIFLFIN,20141008,1420.88,1420.88,1420.88,1420.88,154,154
IIFLFIN,20141008,1420.88,1420.88,1420.88,1420.88,1088,906
IIFLFIN,20141008,1420.88,1420.88,1420.88,1420.88,5,5
IIFLFIN,20141008,1420.88,1420.88,1420.88,1420.88,2077,1668
IIFLFIN,20141008,1420.88,1420.88,1420.88,1420.88,80,80
IIFLFIN,20141008,1420.88,1420.88,1420.88,1420.88,610,415
IIFLFIN,20141008,1420.88,1420.88,1420.88,1420.88,80,80
IIFLFIN,20141008,1067.7,1067.7,1067.7,1067.7,4,4
IIFLFIN,20141008,1067.7,1067.7,1067.7,1067.7,154,154
IIFLFIN,20141008,1067.7,1067.7,1067.7,1067.7,1088,906
IIFLFIN,20141008,1067.7,1067.7,1067.7,1067.7,5,5
IIFLFIN,20141008,1067.7,1067.7,1067.7,1067.7,2077,1668
IIFLFIN,20141008,1067.7,1067.7,1067.7,1067.7,80,80
IIFLFIN,20141008,1067.7,1067.7,1067.7,1067.7,610,415
IIFLFIN,20141008,1067.7,1067.7,1067.7,1067.7,80,80
IIFLFIN,20141008,1045.0,1055.0,1045.0,1047.99,4,4
IIFLFIN,20141008,1045.0,1055.0,1045.0,1047.99,154,154
IIFLFIN,20141008,1045.0,1055.0,1045.0,1047.99,1088,906
IIFLFIN,20141008,1045.0,1055.0,1045.0,1047.99,5,5
IIFLFIN,20141008,1045.0,1055.0,1045.0,1047.99,2077,1668
IIFLFIN,20141008,1045.0,1055.0,1045.0,1047.99,80,80
IIFLFIN,20141008,1045.0,1055.0,1045.0,1047.99,610,415
IIFLFIN,20141008,1045.0,1055.0,1045.0,1047.99,80,80
IIFLFIN,20141008,1250.03,1250.03,1250.03,1250.03,4,4
IIFLFIN,20141008,1250.03,1250.03,1250.03,1250.03,154,154
IIFLFIN,20141008,1250.03,1250.03,1250.03,1250.03,1088,906
IIFLFIN,20141008,1250.03,1250.03,1250.03,1250.03,5,5
IIFLFIN,20141008,1250.03,1250.03,1250.03,1250.03,2077,1668
IIFLFIN,20141008,1250.03,1250.03,1250.03,1250.03,80,80
IIFLFIN,20141008,1250.03,1250.03,1250.03,1250.03,610,415
IIFLFIN,20141008,1250.03,1250.03,1250.03,1250.03,80,80
IIFLFIN,20141008,1016.75,1019.0,1013.41,1016.15,4,4
IIFLFIN,20141008,1016.75,1019.0,1013.41,1016.15,154,154
IIFLFIN,20141008,1016.75,1019.0,1013.41,1016.15,1088,906
IIFLFIN,20141008,1016.75,1019.0,1013.41,1016.15,5,5
IIFLFIN,20141008,1016.75,1019.0,1013.41,1016.15,2077,1668
IIFLFIN,20141008,1016.75,1019.0,1013.41,1016.15,80,80
IIFLFIN,20141008,1016.75,1019.0,1013.41,1016.15,610,415
IIFLFIN,20141008,1016.75,1019.0,1013.41,1016.15,80,80
IIFLFIN,20141008,1070.2,1070.2,1070.2,1070.2,4,4
IIFLFIN,20141008,1070.2,1070.2,1070.2,1070.2,154,154
IIFLFIN,20141008,1070.2,1070.2,1070.2,1070.2,1088,906
IIFLFIN,20141008,1070.2,1070.2,1070.2,1070.2,5,5
IIFLFIN,20141008,1070.2,1070.2,1070.2,1070.2,2077,1668
IIFLFIN,20141008,1070.2,1070.2,1070.2,1070.2,80,80
IIFLFIN,20141008,1070.2,1070.2,1070.2,1070.2,610,415
IIFLFIN,20141008,1070.2,1070.2,1070.2,1070.2,80,80
IIFLFIN,20141008,1021.61,1030.0,1021.61,1022.0,4,4
IIFLFIN,20141008,1021.61,1030.0,1021.61,1022.0,154,154
IIFLFIN,20141008,1021.61,1030.0,1021.61,1022.0,1088,906
IIFLFIN,20141008,1021.61,1030.0,1021.61,1022.0,5,5
IIFLFIN,20141008,1021.61,1030.0,1021.61,1022.0,2077,1668
IIFLFIN,20141008,1021.61,1030.0,1021.61,1022.0,80,80
IIFLFIN,20141008,1021.61,1030.0,1021.61,1022.0,610,415
IIFLFIN,20141008,1021.61,1030.0,1021.61,1022.0,80,80
IIFLFIN,20141008,1061.65,1063.0,1061.65,1061.65,4,4
IIFLFIN,20141008,1061.65,1063.0,1061.65,1061.65,154,154
IIFLFIN,20141008,1061.65,1063.0,1061.65,1061.65,1088,906
IIFLFIN,20141008,1061.65,1063.0,1061.65,1061.65,5,5
IIFLFIN,20141008,1061.65,1063.0,1061.65,1061.65,2077,1668
IIFLFIN,20141008,1061.65,1063.0,1061.65,1061.65,80,80
IIFLFIN,20141008,1061.65,1063.0,1061.65,1061.65,610,415
IIFLFIN,20141008,1061.65,1063.0,1061.65,1061.65,80,80
IIFLNIFTY,20141008,803.0,810.0,801.1,801.1,48,45
IIHFL,20141008,1004.5,1007.75,1004.5,1007.21,3910,2730
IIHFL,20141008,1004.5,1007.75,1004.5,1007.21,1363,1318
IIHFL,20141008,1008.0,1010.0,1005.2,1009.58,3910,2730
IIHFL,20141008,1008.0,1010.0,1005.2,1009.58,1363,1318
IL&FSENGG,20141008,54.0,55.1,53.35,53.55,4651,3997
IL&FSTRANS,20141008,166.1,172.9,166.1,169.45,89452,55599
IMFA,20141008,231.05,235.1,220.0,222.35,2986,2425
IMPAL,20141008,665.0,665.0,650.0,651.95,353,191
IMPEXFERRO,20141008,4.6,4.6,4.2,4.35,88620,45625
INDBANK,20141008,5.95,5.95,5.15,5.45,13361,9349
INDHOTEL,20141008,84.0,85.2,84.0,84.77,28965,26086
INDHOTEL,20141008,84.0,85.2,84.0,84.77,288184,206101
INDHOTEL,20141008,93.2,95.0,93.1,94.55,28965,26086
INDHOTEL,20141008,93.2,95.0,93.1,94.55,288184,206101
INDIACEM,20141008,107.8,108.55,104.45,107.65,1811571,248075
INDIAGLYCO,20141008,125.0,126.5,122.2,124.1,81990,22462
INDIANB,20141008,152.8,156.7,148.6,149.7,708236,483030
INDIANCARD,20141008,123.35,123.4,120.7,121.05,241,209
INDIANHUME,20141008,296.5,304.55,288.2,291.45,16063,7557
INDNIPPON,20141008,361.75,361.75,342.55,353.15,9034,5469
INDOCO,20141008,280.95,280.95,272.0,276.3,37637,20774
INDORAMA,20141008,23.0,23.8,22.75,22.9,33185,24321
INDOSOLAR,20141008,5.7,5.75,5.4,5.45,274586,122952
INDOTECH,20141008,180.25,185.9,178.65,179.45,4850,3693
INDOTHAI,20141008,14.6,16.5,14.6,15.85,2199,1999
INDRAMEDCO,20141008,50.0,51.45,49.35,50.1,50353,25441
INDSWFTLAB,20141008,35.2,35.75,34.5,34.7,161109,75181
INDTERRAIN,20141008,336.0,359.6,330.0,339.45,1305,915
INDUSINDBK,20141008,595.25,627.9,594.5,623.1,928741,420746
INFINITE,20141008,183.1,188.8,181.1,182.9,22661,6089
INFODRIVE,20141008,4.9,4.9,4.6,4.65,5296,4498
INFOMEDIA,20141008,3.5,3.5,3.3,3.4,12772,10705
INFRABEES,20141008,307.99,309.0,303.0,306.71,1406,1218
INFRATEL,20141008,287.1,294.7,287.05,289.55,834600,606788
INFY,20141008,3785.0,3792.0,3641.0,3650.15,2540960,1800583
INGERRAND,20141008,691.0,698.85,680.4,683.7,11642,3052
INGVYSYABK,20141008,593.0,608.7,587.0,602.1,102826,90817
INIFTY,20141008,80.25,82.0,80.05,80.66,1065,831
INNOIND,20141008,15.55,15.95,15.15,15.25,18234,14240
INOXLEISUR,20141008,169.0,174.0,168.5,171.65,92667,34018
INSECTICID,20141008,711.6,732.05,705.25,719.1,11134,4915
INTEGRA,20141008,2.9,2.9,2.9,2.9,500,500
INVENTURE,20141008,11.45,11.95,11.4,11.4,13146,9220
IOB,20141008,55.6,57.25,55.55,56.7,949569,233534
IOC,20141008,356.6,385.95,356.6,382.0,2317385,829907
IPAPPM,20141008,306.5,319.85,300.05,315.05,61517,27439
IPCALAB,20141008,752.0,758.0,736.0,738.55,56370,32491
IPCALAB,20141008,752.0,758.0,736.0,738.55,72000,72000
IPCALAB,20141008,759.0,759.0,750.0,750.0,56370,32491
IPCALAB,20141008,759.0,759.0,750.0,750.0,72000,72000
IPRINGLTD,20141008,70.5,74.0,69.5,70.35,7721,1024
IRB,20141008,218.6,222.5,214.65,220.7,3586949,751812
IREDA,20141008,1015.0,1115.0,1000.0,1111.12,7506,5000
IREDA,20141008,1015.0,1115.0,1000.0,1111.12,350,350
IREDA,20141008,1015.0,1115.0,1000.0,1111.12,3,1
IREDA,20141008,1153.01,1156.01,1153.01,1155.84,7506,5000
IREDA,20141008,1153.01,1156.01,1153.01,1155.84,350,350
IREDA,20141008,1153.01,1156.01,1153.01,1155.84,3,1
IREDA,20141008,1175.0,1175.0,1160.0,1160.0,7506,5000
IREDA,20141008,1175.0,1175.0,1160.0,1160.0,350,350
IREDA,20141008,1175.0,1175.0,1160.0,1160.0,3,1
IRFC,20141008,1037.0,1043.0,1037.0,1043.0,249,248
IRFC,20141008,1037.0,1043.0,1037.0,1043.0,400,400
IRFC,20141008,1037.0,1043.0,1037.0,1043.0,500,500
IRFC,20141008,1037.0,1043.0,1037.0,1043.0,7,7
IRFC,20141008,1037.0,1043.0,1037.0,1043.0,80,80
IRFC,20141008,1037.0,1043.0,1037.0,1043.0,638,367
IRFC,20141008,1037.0,1043.0,1037.0,1043.0,270,270
IRFC,20141008,1055.0,1055.0,1051.01,1051.01,249,248
IRFC,20141008,1055.0,1055.0,1051.01,1051.01,400,400
IRFC,20141008,1055.0,1055.0,1051.01,1051.01,500,500
IRFC,20141008,1055.0,1055.0,1051.01,1051.01,7,7
IRFC,20141008,1055.0,1055.0,1051.01,1051.01,80,80
IRFC,20141008,1055.0,1055.0,1051.01,1051.01,638,367
IRFC,20141008,1055.0,1055.0,1051.01,1051.01,270,270
IRFC,20141008,990.0,995.0,990.0,995.0,249,248
IRFC,20141008,990.0,995.0,990.0,995.0,400,400
IRFC,20141008,990.0,995.0,990.0,995.0,500,500
IRFC,20141008,990.0,995.0,990.0,995.0,7,7
IRFC,20141008,990.0,995.0,990.0,995.0,80,80
IRFC,20141008,990.0,995.0,990.0,995.0,638,367
IRFC,20141008,990.0,995.0,990.0,995.0,270,270
IRFC,20141008,917.01,917.01,917.01,917.01,249,248
IRFC,20141008,917.01,917.01,917.01,917.01,400,400
IRFC,20141008,917.01,917.01,917.01,917.01,500,500
IRFC,20141008,917.01,917.01,917.01,917.01,7,7
IRFC,20141008,917.01,917.01,917.01,917.01,80,80
IRFC,20141008,917.01,917.01,917.01,917.01,638,367
IRFC,20141008,917.01,917.01,917.01,917.01,270,270
IRFC,20141008,1089.0,1095.0,1089.0,1092.25,249,248
IRFC,20141008,1089.0,1095.0,1089.0,1092.25,400,400
IRFC,20141008,1089.0,1095.0,1089.0,1092.25,500,500
IRFC,20141008,1089.0,1095.0,1089.0,1092.25,7,7
IRFC,20141008,1089.0,1095.0,1089.0,1092.25,80,80
IRFC,20141008,1089.0,1095.0,1089.0,1092.25,638,367
IRFC,20141008,1089.0,1095.0,1089.0,1092.25,270,270
IRFC,20141008,1139.85,1139.85,1132.05,1137.76,249,248
IRFC,20141008,1139.85,1139.85,1132.05,1137.76,400,400
IRFC,20141008,1139.85,1139.85,1132.05,1137.76,500,500
IRFC,20141008,1139.85,1139.85,1132.05,1137.76,7,7
IRFC,20141008,1139.85,1139.85,1132.05,1137.76,80,80
IRFC,20141008,1139.85,1139.85,1132.05,1137.76,638,367
IRFC,20141008,1139.85,1139.85,1132.05,1137.76,270,270
IRFC,20141008,1180.0,1180.05,1180.0,1180.0,249,248
IRFC,20141008,1180.0,1180.05,1180.0,1180.0,400,400
IRFC,20141008,1180.0,1180.05,1180.0,1180.0,500,500
IRFC,20141008,1180.0,1180.05,1180.0,1180.0,7,7
IRFC,20141008,1180.0,1180.05,1180.0,1180.0,80,80
IRFC,20141008,1180.0,1180.05,1180.0,1180.0,638,367
IRFC,20141008,1180.0,1180.05,1180.0,1180.0,270,270
ISFT,20141008,47.45,49.45,46.0,46.75,38526,28627
ISMTLTD,20141008,19.15,20.5,19.15,20.5,135367,80103
ITC,20141008,363.0,367.95,362.25,365.7,5559900,4167658
ITI,20141008,25.0,26.05,24.8,25.25,101157,23841
IVC,20141008,21.0,21.5,20.7,20.85,80498,55314
IVP,20141008,59.95,61.8,57.0,57.0,380,365
IVRCLINFRA,20141008,16.6,16.95,16.35,16.4,837743,344442
J&KBANK,20141008,137.0,140.0,137.0,137.35,234692,137345
JAGRAN,20141008,124.55,124.55,120.65,122.25,51330,41416
JAGSNPHARM,20141008,22.55,22.8,22.4,22.6,5005,4449
JAIBALAJI,20141008,14.25,15.0,14.15,14.6,11180,9021
JAICORPLTD,20141008,84.1,87.55,83.8,84.8,961921,167082
JAIHINDPRO,20141008,16.65,18.4,16.65,18.3,905,800
JAMNAAUTO,20141008,148.0,148.0,136.0,138.1,5228,3880
JAYAGROGN,20141008,141.8,141.8,133.25,133.95,4737,4043
JAYBARMARU,20141008,106.85,114.7,106.8,108.2,9159,6380
JAYNECOIND,20141008,11.1,11.15,10.45,10.95,78856,39843
JAYSREETEA,20141008,90.0,92.4,90.0,90.95,64050,16263
JBCHEPHARM,20141008,221.4,226.8,220.35,221.2,116268,44828
JBFIND,20141008,147.2,152.4,146.25,150.25,38884,19019
JCTEL,20141008,0.65,0.65,0.6,0.65,4950,1850
JENSONICOL,20141008,3.45,3.65,3.45,3.65,4500,4200
JETAIRWAYS,20141008,209.2,222.5,208.1,220.05,1000193,306954
JHS,20141008,8.0,8.2,8.0,8.05,4887,3412
JIKIND,20141008,0.85,1.0,0.85,0.95,28266,28262
JINDALPHOT,20141008,186.05,192.55,185.05,186.6,5208,3337
JINDALPOLY,20141008,287.1,290.9,281.5,283.9,104660,36556
JINDALSAW,20141008,77.15,82.0,75.7,81.45,837559,353400
JINDALSTEL,20141008,161.5,168.0,160.8,166.25,4232576,998968
JINDCOT,20141008,14.65,14.65,13.55,14.1,76456,44580
JINDRILL,20141008,220.0,220.0,212.0,216.0,14642,12728
JINDWORLD,20141008,120.1,128.9,120.05,120.15,158,150
JISLDVREQS,20141008,55.65,57.0,52.9,53.35,61640,38627
JISLJALEQS,20141008,78.2,80.05,77.05,77.9,2916694,1116031
JKCEMENT,20141008,513.0,516.05,501.55,507.0,256204,182936
JKIL,20141008,308.4,318.4,305.1,310.7,16330,9853
JKLAKSHMI,20141008,359.5,361.5,337.1,339.95,222234,98687
JKPAPER,20141008,31.0,31.2,30.75,30.75,17891,11235
JKTYRE,20141008,501.9,506.9,486.75,496.4,1354975,160669
JMCPROJECT,20141008,134.0,135.0,132.1,133.25,2223,1006
JMFINANCIL,20141008,37.5,39.5,37.5,39.25,506514,368488
JMTAUTOLTD,20141008,133.0,143.0,123.05,127.65,4576,3245
JOCIL,20141008,139.95,144.9,139.5,143.45,1619,797
JPASSOCIAT,20141008,27.45,28.5,27.45,28.15,33358304,7319838
JPINFRATEC,20141008,21.5,22.05,21.45,21.6,1130896,355106
JPOLYINVST,20141008,147.0,149.85,140.5,149.85,1434,1383
JPPOWER,20141008,12.2,12.4,12.1,12.2,5963081,1483957
JSL,20141008,35.0,35.6,34.6,34.95,104174,68198
JSWENERGY,20141008,71.0,71.5,68.3,69.15,1381444,434506
JSWHL,20141008,833.25,869.0,833.25,864.8,33826,16466
JSWSTEEL,20141008,1150.9,1179.95,1138.05,1174.55,373339,75179
JSWSTEEL,20141008,1150.9,1179.95,1138.05,1174.55,50,0
JSWSTEEL,20141008,1150.9,1179.95,1138.05,1174.55,121542,121143
JSWSTEEL,20141008,18.95,18.95,18.95,18.95,373339,75179
JSWSTEEL,20141008,18.95,18.95,18.95,18.95,50,0
JSWSTEEL,20141008,18.95,18.95,18.95,18.95,121542,121143
JSWSTEEL,20141008,5.95,6.1,5.95,6.05,373339,75179
JSWSTEEL,20141008,5.95,6.1,5.95,6.05,50,0
JSWSTEEL,20141008,5.95,6.1,5.95,6.05,121542,121143
JUBILANT,20141008,153.5,154.9,144.3,145.7,120690,61540
JUBLFOOD,20141008,1251.7,1251.7,1224.7,1238.3,123270,64671
JUBLINDS,20141008,86.0,89.9,84.05,88.6,2014,1378
JUNIORBEES,20141008,169.35,169.4,167.05,167.96,9167,5642
JUSTDIAL,20141008,1724.9,1724.9,1635.4,1662.85,243476,96443
JVLAGRO,20141008,18.6,19.0,18.25,18.35,39971,25766
JYOTHYLAB,20141008,238.1,242.75,235.35,239.7,170103,135094
JYOTISTRUC,20141008,40.9,41.7,40.2,40.55,448887,241871
KABRAEXTRU,20141008,71.6,72.55,68.85,69.7,30093,16110
KAJARIACER,20141008,675.0,686.1,653.2,664.45,163863,111070
KAKATCEM,20141008,107.0,110.85,107.0,110.2,3144,2820
KALINDEE,20141008,89.75,92.0,88.0,90.9,40382,15137
KALPATPOWR,20141008,151.45,157.5,151.45,154.45,363084,328319
KAMATHOTEL,20141008,74.0,80.95,71.55,71.55,176,106
KANANIIND,20141008,9.75,9.75,8.9,9.0,4471,3882
KANDAGIRI,20141008,61.4,61.4,61.4,61.4,100,100
KANORICHEM,20141008,46.5,48.7,45.85,46.85,52174,22728
KANSAINER,20141008,1885.0,1939.9,1885.0,1916.15,9566,8343
KARMAENG,20141008,14.2,18.5,14.1,18.25,1126,1025
KARURKCP,20141008,47.8,49.95,47.8,49.95,860,760
KARURVYSYA,20141008,516.0,519.95,513.3,518.55,75958,49742
KAUSHALYA,20141008,5.95,5.95,5.15,5.6,5713,3532
KAVVERITEL,20141008,16.5,16.9,16.5,16.85,1467,916
KBIL,20141008,3830.0,3830.0,3760.0,3762.5,66,53
KCP,20141008,49.95,51.0,48.55,49.6,30775,21709
KCPSUGIND,20141008,22.0,22.4,21.25,21.5,44702,26486
KEC,20141008,101.15,106.35,101.15,103.4,769700,265667
KECL,20141008,32.3,33.25,31.15,32.1,23836,18320
KEI,20141008,32.3,33.4,31.3,32.7,70060,46896
KESARENT,20141008,36.45,36.5,34.5,34.65,1300,1000
KESORAMIND,20141008,123.35,128.3,121.1,123.55,620552,130364
KGL,20141008,1.2,1.3,1.2,1.25,267933,181987
KHAITANELE,20141008,65.0,65.0,64.7,64.7,1041,1031
KHANDSE,20141008,18.3,18.3,18.3,18.3,25,25
KICL,20141008,1400.0,1400.0,1232.65,1249.75,787,356
KIL,20141008,52.1,53.4,52.1,52.55,2187,1559
KILITCH,20141008,26.8,26.8,25.1,25.35,3638,2814
KIRIINDUS,20141008,131.85,132.0,121.5,123.3,32644,22094
KIRLOSBROS,20141008,252.1,260.8,246.05,254.15,6994,5094
KIRLOSENG,20141008,250.15,253.75,246.05,247.0,9832,5942
KIRLOSIND,20141008,559.55,597.0,559.55,582.2,731,152
KITEX,20141008,473.7,480.0,464.2,475.4,110086,45146
KKCL,20141008,1859.95,1859.95,1822.0,1834.55,214,152
KMSUGAR,20141008,3.6,3.8,3.6,3.8,6112,6111
KNRCON,20141008,272.55,274.9,262.55,269.85,22168,13889
KOHINOOR,20141008,49.75,49.9,47.75,48.0,35440,21546
KOKUYOCMLN,20141008,71.0,73.7,69.05,70.25,179811,48450
KOLTEPATIL,20141008,185.7,194.9,184.05,192.75,685159,213448
KOPRAN,20141008,64.2,64.7,62.0,62.95,434309,171369
KOTAKBANK,20141008,1007.0,1011.4,997.2,1000.25,1246155,1030347
KOTAKGOLD,20141008,2470.0,2495.0,2467.0,2485.0,1411,960
KOTAKNIFTY,20141008,795.0,796.95,792.5,795.12,4943,518
KOTAKPSUBK,20141008,349.15,350.9,344.05,350.75,6150,468
KOTARISUG,20141008,9.15,9.35,8.8,9.25,4568,4468
KOTHARIPET,20141008,14.3,14.3,12.55,12.95,3172,2206
KOTHARIPRO,20141008,238.0,238.0,230.05,231.75,3907,2391
KPIT,20141008,162.5,164.0,157.8,159.55,421693,249120
KPRMILL,20141008,305.0,313.0,302.0,308.75,63414,35519
KRBL,20141008,103.8,103.8,100.0,103.1,156269,102838
KRISHNAENG,20141008,1.25,1.35,1.25,1.3,2005,2004
KRITIIND,20141008,9.75,10.6,9.75,9.9,4121,4115
KSBPUMPS,20141008,540.0,540.85,527.0,530.0,5500,3738
KSCL,20141008,861.05,879.0,861.05,871.55,159121,119111
KSERASERA,20141008,13.05,13.05,13.0,13.0,1080804,850048
KSK,20141008,72.35,73.7,70.65,71.9,32726,24970
KSL,20141008,132.9,146.7,132.9,142.4,1015992,236824
KTIL,20141008,294.05,294.05,280.4,282.7,6807,5318
KTKBANK,20141008,109.0,112.9,108.65,111.1,2161006,330748
KWALITY,20141008,48.4,48.5,46.15,47.15,348495,88288
L&TFH,20141008,64.85,65.65,64.5,65.15,1857452,678295
L&TFINANCE,20141008,1622.25,1632.8,1622.25,1632.69,415,414
L&TFINANCE,20141008,1622.25,1632.8,1622.25,1632.69,760,710
L&TFINANCE,20141008,1051.95,1054.0,1045.01,1054.0,415,414
L&TFINANCE,20141008,1051.95,1054.0,1045.01,1054.0,760,710
LAKPRE,20141008,47.0,48.95,46.05,46.5,1175,852
LAKSHMIEFL,20141008,15.05,15.2,14.8,14.95,51189,30007
LAKSHMIMIL,20141008,2274.95,2275.0,2200.0,2210.0,66,64
LAKSHVILAS,20141008,73.75,74.75,73.6,74.1,184580,137859
LANCOIN,20141008,53.25,56.0,53.2,54.85,100691,41856
LAOPALA,20141008,344.0,344.0,323.0,337.2,36302,14947
LAXMIMACH,20141008,4005.35,4019.95,3943.0,3999.35,2937,1877
LCCINFOTEC,20141008,0.4,0.4,0.35,0.4,12001,12000
LGBBROSLTD,20141008,670.0,688.45,654.0,661.25,17797,10043
LGBFORGE,20141008,4.0,4.2,3.8,3.85,58725,56575
LIBERTSHOE,20141008,303.85,304.4,293.0,296.5,94424,31873
LICHSGFIN,20141008,311.0,311.85,303.75,307.0,2349341,1159880
LINDEINDIA,20141008,383.55,394.0,375.1,378.05,4563,2994
LIQUIDBEES,20141008,1000.0,1000.01,999.99,999.99,325064,281471
LITL,20141008,7.1,7.45,6.9,7.0,5113705,2146620
LLOYDELENG,20141008,153.05,159.95,146.2,157.85,257625,122774
LML,20141008,8.95,9.4,8.95,9.15,439259,187876
LOGIXMICRO,20141008,16.3,16.7,15.6,15.95,20765,16835
LOKESHMACH,20141008,38.5,39.15,38.5,38.6,1521,1511
LOTUSEYE,20141008,9.85,9.85,9.0,9.2,5523,4517
LOVABLE,20141008,359.2,367.95,357.55,361.5,79476,23808
LPDC,20141008,5.35,6.4,5.35,6.4,118201,65032
LT,20141008,1401.0,1452.7,1401.0,1447.25,1713947,823126
LUMAXAUTO,20141008,37.7,37.7,35.85,35.85,2810,2651
LUMAXIND,20141008,360.5,372.75,358.0,359.55,11924,6269
LUMAXTECH,20141008,234.0,234.4,224.0,228.55,24946,16861
LUPIN,20141008,1368.0,1375.8,1320.05,1331.25,602530,312533
LYKALABS,20141008,19.9,20.2,18.9,19.0,79278,50233
LYPSAGEMS,20141008,68.5,78.0,65.25,75.55,57164,13766
M&M,20141008,1361.0,1381.8,1356.45,1371.7,592040,342392
M&MFIN,20141008,273.3,283.0,273.3,279.05,746934,348988
M100,20141008,11.82,11.82,11.5,11.72,14294,11168
M50,20141008,107.5,108.5,107.5,107.97,953,759
MAANALU,20141008,32.0,32.0,28.2,31.55,1269,1258
MADHAV,20141008,37.0,37.0,35.75,36.8,2144,2142
MADHUCON,20141008,35.45,36.5,35.0,36.1,53147,33956
MADRASFERT,20141008,18.75,19.6,18.75,18.85,32899,24393
MAGMA,20141008,119.4,122.8,119.25,120.45,95161,78569
MAGNUM,20141008,3.65,3.85,3.45,3.7,9150,6030
MAHABANK,20141008,40.45,41.4,40.45,40.65,115205,57305
MAHINDCIE,20141008,205.0,210.0,200.4,201.45,64550,32866
MAHINDUGIN,20141008,512.0,523.0,494.95,499.8,6857,2947
MAHLIFE,20141008,515.0,524.95,511.0,514.6,11502,7624
MAHSCOOTER,20141008,865.15,912.95,865.15,896.7,1040,541
MAHSEAMLES,20141008,318.0,335.0,318.0,330.35,46172,27718
MAKE,20141008,568.0,595.5,555.25,565.15,57389,29460
MANAKSIA,20141008,90.6,94.8,89.75,90.9,7615,4368
MANALIPETC,20141008,13.6,13.75,13.25,13.35,200939,109151
MANAPPURAM,20141008,27.7,28.25,27.6,27.95,2534607,1398585
MANDHANA,20141008,254.0,257.6,242.5,250.0,41704,27917
MANGALAM,20141008,19.65,19.65,17.9,18.15,4224,3923
MANGCHEFER,20141008,103.7,103.7,100.5,100.55,957706,772956
MANGLMCEM,20141008,246.0,248.5,241.0,242.75,32460,17206
MANINDS,20141008,66.4,66.75,62.85,64.35,216474,112383
MANINFRA,20141008,24.0,25.1,23.9,24.6,32921,22594
MANJUSHREE,20141008,414.85,422.8,410.1,417.75,2903,2736
MANUGRAPH,20141008,30.0,30.0,29.55,29.8,2373,1343
MARALOVER,20141008,23.95,24.0,23.5,23.7,5300,2249
MARG,20141008,12.65,13.0,12.35,12.55,34544,22341
MARICO,20141008,305.95,306.7,302.65,305.25,542343,485716
MARKSANS,20141008,57.55,58.2,54.65,54.95,2418604,759015
MARUTI,20141008,2939.0,2968.0,2924.05,2951.1,283872,78000
MASTEK,20141008,274.15,285.0,265.6,268.75,425631,106627
MAWANASUG,20141008,12.4,12.4,9.9,11.9,735,643
MAX,20141008,316.25,323.0,315.0,318.1,149208,107748
MAXWELL,20141008,26.2,26.7,25.1,25.7,298822,83451
MAYURUNIQ,20141008,435.0,435.0,420.0,423.15,37494,25626
MBECL,20141008,89.5,94.7,89.1,91.6,104084,25924
MBLINFRA,20141008,328.7,336.95,319.55,331.9,15139,8470
MCDHOLDING,20141008,31.9,32.15,30.7,31.0,3733,1980
MCDOWELL-N,20141008,2320.0,2350.0,2289.0,2297.05,210447,129500
MCLEODRUSS,20141008,281.25,285.25,274.85,275.9,403654,223365
MCX,20141008,775.1,783.45,755.1,759.2,268826,134698
MEGASOFT,20141008,8.55,9.1,8.15,8.2,31447,21804
MEGH,20141008,19.0,19.2,17.6,18.15,578109,300438
MELSTAR,20141008,8.4,8.4,8.15,8.4,93576,71574
MERCATOR,20141008,27.5,28.5,27.25,27.65,245563,135580
MERCK,20141008,830.5,839.95,816.1,822.1,11292,8339
METKORE,20141008,7.7,8.2,7.1,7.4,8015,5756
MGOLD,20141008,2590.0,2602.0,2574.95,2575.45,469,446
MHRIL,20141008,284.0,291.25,284.0,285.95,47253,34610
MIC,20141008,3.9,4.1,3.9,4.1,36960,25927
MICROSEC,20141008,84.5,86.5,80.65,84.35,7045,5421
MINDAIND,20141008,503.0,520.0,492.05,513.15,21327,8074
MINDTREE,20141008,1106.0,1119.5,1057.0,1061.55,202461,110942
MIRCELECTR,20141008,7.5,7.8,7.25,7.3,129967,94666
MIRZAINT,20141008,39.1,40.1,39.1,39.4,370457,130619
MMFL,20141008,457.0,464.95,457.0,459.6,21001,14028
MMTC,20141008,61.3,62.6,61.05,61.95,495404,128058
MOHITIND,20141008,31.5,31.5,30.1,30.15,498,290
MOIL,20141008,290.4,294.9,284.0,288.0,82415,63645
MONNETISPA,20141008,74.05,77.4,73.15,75.2,86224,24362
MONSANTO,20141008,2891.7,2948.0,2825.0,2844.3,30284,9732
MORARJEE,20141008,52.1,52.1,50.1,51.0,4499,2831
MOREPENLAB,20141008,10.9,10.9,10.9,10.9,187445,187445
MOSERBAER,20141008,6.8,7.0,6.55,6.65,485186,249614
MOTHERSUMI,20141008,387.0,392.8,377.2,385.1,2289730,1314311
MOTILALOFS,20141008,214.0,221.0,211.0,215.75,53402,32702
MPHASIS,20141008,399.95,408.7,384.9,404.65,250226,117343
MPSLTD,20141008,593.95,604.1,591.1,594.0,5234,3436
MRF,20141008,31830.0,32282.0,31656.0,32090.35,10932,2220
MRO-TEK,20141008,11.4,11.6,11.4,11.4,7391,4738
MRPL,20141008,59.5,63.35,59.2,63.05,945425,395703
MSPL,20141008,23.05,23.8,20.7,21.8,14076,10053
MTEDUCARE,20141008,141.0,143.65,138.5,139.6,154674,83353
MTNL,20141008,25.7,26.35,25.7,26.2,956017,425694
MUDRA,20141008,13.0,13.05,12.5,12.55,19372,13741
MUKANDENGG,20141008,34.5,35.8,34.3,34.5,3574,2272
MUKANDLTD,20141008,40.0,41.6,39.75,40.05,18438,11181
MUKTAARTS,20141008,28.35,29.35,28.15,29.3,850,528
MUNJALAU,20141008,106.0,108.0,102.35,104.35,62752,35545
MUNJALSHOW,20141008,191.0,194.9,187.1,189.45,26527,12211
MURUDCERA,20141008,22.1,24.5,22.1,23.75,48291,35477
MUTHOOTFIN,20141008,193.9,194.65,192.1,192.7,46491,21523
MUTHOOTFIN,20141008,193.9,194.65,192.1,192.7,1083,1068
MUTHOOTFIN,20141008,193.9,194.65,192.1,192.7,5,5
MUTHOOTFIN,20141008,193.9,194.65,192.1,192.7,226,226
MUTHOOTFIN,20141008,1010.11,1012.5,1010.11,1012.5,46491,21523
MUTHOOTFIN,20141008,1010.11,1012.5,1010.11,1012.5,1083,1068
MUTHOOTFIN,20141008,1010.11,1012.5,1010.11,1012.5,5,5
MUTHOOTFIN,20141008,1010.11,1012.5,1010.11,1012.5,226,226
MUTHOOTFIN,20141008,1050.26,1050.26,1050.26,1050.26,46491,21523
MUTHOOTFIN,20141008,1050.26,1050.26,1050.26,1050.26,1083,1068
MUTHOOTFIN,20141008,1050.26,1050.26,1050.26,1050.26,5,5
MUTHOOTFIN,20141008,1050.26,1050.26,1050.26,1050.26,226,226
MUTHOOTFIN,20141008,1013.1,1023.0,1013.1,1022.0,46491,21523
MUTHOOTFIN,20141008,1013.1,1023.0,1013.1,1022.0,1083,1068
MUTHOOTFIN,20141008,1013.1,1023.0,1013.1,1022.0,5,5
MUTHOOTFIN,20141008,1013.1,1023.0,1013.1,1022.0,226,226
MVL,20141008,1.5,1.5,1.45,1.5,41034,40925
MYSOREBANK,20141008,463.15,487.65,463.1,480.65,5874,3174
N100,20141008,245.05,247.4,243.5,243.81,685,443
NAGAROIL,20141008,4.65,4.8,4.5,4.6,160502,82377
NAGREEKCAP,20141008,22.0,22.0,21.0,21.0,7,7
NAGREEKEXP,20141008,30.55,32.1,29.7,31.0,1168,1050
NAHARCAP,20141008,73.45,75.5,73.45,75.1,890,590
NAHARINDUS,20141008,60.0,61.5,60.0,60.05,1387,1187
NAHARPOLY,20141008,23.35,23.35,22.5,22.5,385,285
NAHARSPING,20141008,100.05,103.0,100.0,102.45,16674,9370
NAKODA,20141008,3.65,3.65,3.35,3.35,66199,51100
NATCOPHARM,20141008,1520.0,1520.0,1415.0,1423.85,28826,20222
NATIONALUM,20141008,53.65,58.0,53.65,57.45,1724770,752209
NAUKRI,20141008,900.0,904.9,862.5,881.6,79417,51993
NAVINFLUOR,20141008,614.05,623.1,604.9,613.4,3928,2821
NAVNETEDUL,20141008,96.95,97.0,95.9,96.25,51078,41482
NBCC,20141008,640.05,666.45,638.4,653.6,1044524,142174
NBVENTURES,20141008,218.9,218.9,214.1,215.45,4033,3047
NCC,20141008,36.0,38.7,35.6,38.15,846477,395302
NCLIND,20141008,36.0,36.05,35.85,35.85,5255,4700
NCOPPER,20141008,1.8,1.95,1.8,1.9,1025,1025
NDL,20141008,40.7,42.15,40.65,41.55,128203,14771
NDTV,20141008,100.2,103.7,98.6,102.8,302613,104583
NECLIFE,20141008,35.8,37.5,35.0,37.05,469647,221638
NEHAINT,20141008,10.9,10.9,10.0,10.25,10921,8770
NELCAST,20141008,29.0,29.9,28.45,29.7,14643,8328
NELCO,20141008,86.0,89.7,85.0,86.7,100668,39745
NESCO,20141008,1264.3,1283.95,1225.5,1244.35,3711,2681
NESTLEIND,20141008,5950.0,6023.8,5900.0,5926.7,17942,12205
NET4,20141008,4.75,4.75,3.75,4.5,2370,1964
NETWORK18,20141008,45.9,46.5,45.15,46.1,141339,102457
NEULANDLAB,20141008,452.35,465.05,448.0,458.75,9615,7832
NEXTMEDIA,20141008,6.95,7.2,6.8,7.15,4807,4708
NEYVELILIG,20141008,82.6,85.75,81.55,85.2,92520,51628
NFL,20141008,33.9,34.8,33.5,33.95,605534,176181
NGCT,20141008,1.75,1.8,1.55,1.6,60935,36130
NHAI,20141008,1058.0,1060.94,1058.0,1059.98,30806,30518
NHAI,20141008,1058.0,1060.94,1058.0,1059.98,390,390
NHAI,20141008,1058.0,1060.94,1058.0,1059.98,504,400
NHAI,20141008,1082.0,1085.2,1082.0,1085.2,30806,30518
NHAI,20141008,1082.0,1085.2,1082.0,1085.2,390,390
NHAI,20141008,1082.0,1085.2,1082.0,1085.2,504,400
NHAI,20141008,1162.0,1171.99,1162.0,1171.99,30806,30518
NHAI,20141008,1162.0,1171.99,1162.0,1171.99,390,390
NHAI,20141008,1162.0,1171.99,1162.0,1171.99,504,400
NHBTF2014,20141008,6075.0,6079.98,6071.05,6071.05,786,786
NHBTF2023,20141008,5845.0,5860.0,5841.51,5843.55,514,444
NHPC,20141008,18.95,19.3,18.95,19.1,3043923,1078566
NHPC,20141008,18.95,19.3,18.95,19.1,2,2
NHPC,20141008,1203.0,1203.0,1203.0,1203.0,3043923,1078566
NHPC,20141008,1203.0,1203.0,1203.0,1203.0,2,2
NIBL,20141008,18.5,19.7,18.5,19.5,22609,21859
NIFTYBEES,20141008,793.8,797.95,792.0,796.34,25064,15327
NIITLTD,20141008,51.5,52.45,50.8,52.15,575034,391775
NIITTECH,20141008,397.0,407.0,388.25,400.2,170751,120422
NILKAMAL,20141008,356.1,361.75,343.35,355.3,13394,7554
NIPPOBATRY,20141008,650.0,656.0,621.5,629.85,2259,1691
NITCO,20141008,22.4,24.0,21.75,23.75,42596,30990
NITESHEST,20141008,13.8,14.75,13.8,13.9,116188,68790
NITINFIRE,20141008,65.3,66.95,64.1,64.65,138001,46975
NITINSPIN,20141008,26.05,26.95,26.05,26.75,98118,52179
NMDC,20141008,158.0,162.7,157.15,161.5,2045576,1433914
NOCIL,20141008,42.9,42.9,41.15,41.7,1599816,550047
NOESISIND,20141008,0.7,0.8,0.7,0.75,1080,1075
NOIDATOLL,20141008,32.2,32.25,31.9,32.05,111625,69071
NOL,20141008,63.7,70.7,60.0,62.95,2720,1919
NORBTEAEXP,20141008,6.35,6.35,6.15,6.15,1016,1016
NOVOPANIND,20141008,39.1,40.0,39.1,39.1,161,161
NRBBEARING,20141008,129.4,136.35,128.5,134.65,211911,100042
NSIL,20141008,765.0,778.0,750.0,770.35,739,579
NTPC,20141008,141.8,144.0,141.2,143.4,5953127,3645336
NUCLEUS,20141008,222.4,226.65,216.35,219.2,103796,36530
NUTEK,20141008,0.8,0.85,0.8,0.85,159331,138427
OBEROIRLTY,20141008,220.55,221.05,218.3,220.15,138625,112258
OCL,20141008,327.85,330.0,318.0,322.05,6486,5221
OFSS,20141008,3409.2,3489.95,3392.2,3429.0,36171,26127
OIL,20141008,590.0,599.95,590.0,595.4,706413,629174
OILCOUNTUB,20141008,46.0,46.55,45.5,45.7,13390,7725
OISL,20141008,24.0,24.0,22.1,23.1,14179,11663
OMAXAUTO,20141008,48.6,50.25,46.65,47.8,2976,1661
OMAXE,20141008,128.2,131.0,127.3,128.65,352079,115617
OMKARCHEM,20141008,140.0,140.0,136.5,136.8,79795,3811
OMMETALS,20141008,27.4,27.75,26.3,26.85,69863,46881
OMNITECH,20141008,11.9,12.15,11.5,11.7,9168,5807
ONELIFECAP,20141008,211.55,220.0,208.35,210.7,136934,29296
ONGC,20141008,396.75,407.5,396.75,406.15,3763015,1911506
ONMOBILE,20141008,30.55,31.4,30.55,30.95,307667,108011
ONWARDTEC,20141008,48.0,48.5,48.0,48.5,750,650
OPTOCIRCUI,20141008,19.8,20.2,19.3,19.4,1937770,967174
ORBITCORP,20141008,14.1,15.45,13.9,14.6,592587,293871
ORBTEXP,20141008,301.75,309.6,290.0,300.8,20145,9880
ORCHIDCHEM,20141008,70.75,72.4,70.0,70.7,371982,118214
ORIENTABRA,20141008,21.4,21.65,21.35,21.45,30569,27763
ORIENTALTL,20141008,3.05,3.05,3.05,3.05,1550,1550
ORIENTBANK,20141008,219.1,225.8,218.25,221.6,2587923,1232551
ORIENTBELL,20141008,81.0,83.7,76.55,79.85,3068,2177
ORIENTCEM,20141008,127.25,130.85,125.3,126.55,46121,25934
ORIENTHOT,20141008,25.3,25.3,22.1,22.8,13935,6421
ORIENTLTD,20141008,119.5,127.0,118.0,118.0,4644,544
ORIENTPPR,20141008,29.1,32.45,29.1,31.25,1133704,956228
ORIENTREF,20141008,89.6,89.95,86.95,87.0,15828,12644
ORISSAMINE,20141008,3287.95,3890.0,3252.5,3503.5,15334,2571
OUDHSUG,20141008,21.5,21.5,21.15,21.5,1100,1000
PAEL,20141008,10.35,10.75,10.35,10.75,1751,1251
PAGEIND,20141008,7903.0,8688.0,7903.0,8393.95,12477,6840
PALRED,20141008,16.25,16.65,16.2,16.6,11191,7966
PANACEABIO,20141008,172.05,177.0,170.05,171.9,28626,10494
PANAMAPET,20141008,58.2,60.75,57.4,59.25,15818,9985
PANCARBON,20141008,194.95,195.0,188.0,191.05,178,140
PANORAMUNI,20141008,13.35,13.6,12.75,12.95,9720,6600
PAPERPROD,20141008,187.65,191.55,186.1,187.65,23550,14565
PARABDRUGS,20141008,13.95,14.85,13.0,13.8,57397,37587
PARACABLES,20141008,3.05,3.2,3.0,3.0,13597,13477
PARAPRINT,20141008,1.0,1.0,0.95,0.95,17640,17640
PARRYSUGAR,20141008,19.55,21.95,19.5,21.95,125,124
PARSVNATH,20141008,20.7,20.95,20.0,20.1,325094,172799
PATELENG,20141008,94.25,96.65,92.8,94.05,328135,79865
PATINTLOG,20141008,70.15,76.15,70.15,76.15,812857,227241
PATSPINLTD,20141008,9.8,10.1,9.25,10.1,827,824
PBAINFRA,20141008,17.3,18.25,17.3,17.7,595,595
PCJEWELLER,20141008,230.6,234.95,222.2,227.1,272162,89108
PDPL,20141008,27.15,27.8,26.5,26.9,10972,6849
PDUMJEPULP,20141008,13.85,14.0,13.85,13.85,263,163
PEL,20141008,736.0,747.95,696.2,701.5,74143,46726
PENIND,20141008,52.15,53.3,51.35,52.3,349586,132456
PENINLAND,20141008,33.3,33.9,33.0,33.65,83538,53885
PERSISTENT,20141008,1465.0,1484.7,1430.0,1434.2,16698,9603
PETRONENGG,20141008,102.0,107.8,102.0,105.8,750,624
PETRONET,20141008,179.7,184.3,178.6,183.3,2275773,1850829
PFC,20141008,225.0,229.8,222.3,227.05,3799606,1836174
PFIZER,20141008,1675.0,1720.0,1660.1,1676.4,14487,7673
PFOCUS,20141008,48.15,48.85,48.15,48.6,61641,54542
PFRL,20141008,129.0,129.0,119.95,126.05,15417,12966
PFS,20141008,43.35,44.65,43.15,44.15,2070026,1089182
PGEL,20141008,103.0,103.0,93.95,94.8,111478,56869
PGHH,20141008,5338.7,5400.0,5269.95,5374.75,2662,2007
PGIL,20141008,230.0,234.0,230.0,232.9,1859,1807
PHILIPCARB,20141008,111.0,114.8,110.95,113.3,50075,17354
PHOENIXLL,20141008,131.8,134.0,128.75,129.55,12299,9210
PHOENIXLTD,20141008,339.0,347.5,326.75,338.75,22867,17254
PIDILITIND,20141008,392.7,396.15,387.6,391.2,97256,50997
PIIND,20141008,445.0,445.0,430.0,431.4,35378,27365
PILIND,20141008,13.65,13.85,13.15,13.85,82040,53203
PIONEEREMB,20141008,10.6,10.65,10.6,10.65,650,650
PIPAVAVDOC,20141008,37.1,37.9,36.8,37.3,205839,85264
PIRPHYTO,20141008,42.95,43.1,41.3,41.3,30864,19192
PITTILAM,20141008,71.9,71.9,66.2,66.2,41648,34376
PLASTIBLEN,20141008,237.05,255.0,237.05,251.5,36613,18317
PLETHICO,20141008,46.95,47.4,45.05,45.2,16675,10118
PNB,20141008,868.7,886.9,868.0,877.75,907411,356131
PNBGILTS,20141008,21.4,21.4,20.85,21.0,170816,132469
PNC,20141008,19.15,20.7,18.75,20.0,24001,7646
POCHIRAJU,20141008,27.9,29.0,27.0,28.65,51505,30503
POLARIS,20141008,245.0,253.4,237.0,248.0,2564661,844080
POLYMED,20141008,935.0,974.3,861.0,884.45,18992,6165
POLYPLEX,20141008,248.0,250.0,242.0,244.5,59538,37589
PONDYOXIDE,20141008,38.15,40.0,37.2,37.6,9817,6611
PONNIERODE,20141008,235.0,240.0,220.25,236.7,853,504
POWERGRID,20141008,137.0,138.8,136.8,137.9,2583593,1817563
PPAP,20141008,110.0,112.1,107.25,110.4,5816,4571
PRADIP,20141008,3.05,3.25,3.05,3.05,17114,13526
PRAENG,20141008,10.2,10.4,8.8,9.8,116513,74268
PRAJIND,20141008,62.0,63.25,60.65,62.5,308671,127307
PRAKASH,20141008,55.0,57.7,54.6,55.35,1059371,787767
PRAKASHCON,20141008,2.75,2.9,2.75,2.85,115791,94959
PRAKASHSTL,20141008,113.0,113.0,110.7,111.8,12317,1286
PRATIBHA,20141008,50.7,57.0,50.65,51.15,247686,108049
PRECOT,20141008,71.5,71.5,69.95,70.0,5103,5103
PRECWIRE,20141008,137.6,138.75,131.6,133.45,44808,18987
PREMIER,20141008,65.55,65.6,62.5,64.25,11993,7745
PRESSMN,20141008,18.3,18.5,18.25,18.5,37,35
PRESTIGE,20141008,222.0,230.7,221.1,229.65,93081,59058
PRICOL,20141008,58.5,59.65,57.0,57.6,353266,188488
PRIMESECU,20141008,6.2,6.65,6.15,6.25,975,970
PRISMCEM,20141008,76.0,77.5,74.5,75.25,260879,172377
PRITHVISOF,20141008,18.1,21.0,18.1,21.0,4547,4547
PROVOGE,20141008,9.0,9.1,8.75,8.8,18210,12721
PROZONINTU,20141008,17.4,18.0,17.15,17.6,6506,4109
PSB,20141008,54.1,54.6,53.6,53.9,120173,57795
PSL,20141008,18.0,18.5,17.8,17.9,37721,16787
PSUBNKBEES,20141008,363.65,367.4,363.0,366.29,414,394
PTC,20141008,82.1,83.95,81.8,83.15,1067096,350349
PTL,20141008,46.45,47.0,45.05,46.4,5134,3371
PUNJABCHEM,20141008,121.7,130.0,119.5,121.15,2871,1820
PUNJLLOYD,20141008,37.9,39.35,37.3,37.75,3119701,1157392
PURVA,20141008,100.1,100.8,97.15,97.9,72654,43813
PVP,20141008,10.4,10.7,10.0,10.55,1183663,565576
PVR,20141008,676.6,679.55,638.5,640.95,156246,114148
QGOLDHALF,20141008,1256.0,1265.0,1252.05,1258.5,320,207
QNIFTY,20141008,822.4,823.5,822.4,823.5,14,14
QUINTEGRA,20141008,1.8,1.8,1.8,1.8,6100,6100
RADAAN,20141008,1.2,1.3,1.2,1.2,9202,6109
RADICO,20141008,86.8,87.1,83.1,84.95,503513,372998
RAIN,20141008,48.7,49.15,48.4,48.6,161137,116118
RAINBOWPAP,20141008,80.0,82.4,78.5,80.3,415540,371519
RAIREKMOH,20141008,93.5,100.0,93.25,98.5,27776,12825
RAJESHEXPO,20141008,127.0,129.5,121.05,122.3,172906,104157
RAJOIL,20141008,1.7,1.75,1.7,1.7,58213,42711
RAJPALAYAM,20141008,330.0,344.8,330.0,344.0,127,126
RAJRAYON,20141008,0.45,0.5,0.45,0.5,8552,8552
RAJSREESUG,20141008,24.0,25.9,24.0,24.65,9662,4510
RAJTV,20141008,117.7,119.95,116.55,119.05,373177,204179
RAJVIR,20141008,64.0,66.0,60.0,60.0,425,425
RALLIS,20141008,232.5,241.5,231.55,240.0,997550,715060
RAMANEWS,20141008,7.7,7.95,7.65,7.7,7893,5635
RAMCOCEM,20141008,303.6,310.0,303.6,305.5,24369,15034
RAMCOIND,20141008,68.0,69.65,65.65,67.0,67004,54004
RAMKY,20141008,51.7,53.5,51.5,51.85,9827,7182
RANASUG,20141008,3.3,3.5,3.3,3.4,63049,35863
RANBAXY,20141008,618.4,618.4,590.25,596.25,975821,288271
RANEENGINE,20141008,404.0,429.3,404.0,412.0,49,41
RANEHOLDIN,20141008,577.8,583.0,574.55,580.3,2236,2101
RASOYPR,20141008,8.0,8.0,8.0,8.0,26948,26948
RATNAMANI,20141008,429.65,432.0,416.05,423.55,5565,4302
RAYMOND,20141008,427.5,433.0,423.05,428.5,166640,104017
RBL,20141008,282.0,290.0,282.0,285.25,1390,1101
RCF,20141008,56.0,57.25,54.7,54.95,3227813,771173
RCOM,20141008,96.1,100.6,94.8,99.8,5131963,1681197
RECLTD,20141008,237.25,240.9,235.6,238.7,2007646,1089979
RECLTD,20141008,237.25,240.9,235.6,238.7,10,10
RECLTD,20141008,237.25,240.9,235.6,238.7,235,165
RECLTD,20141008,237.25,240.9,235.6,238.7,4300,4300
RECLTD,20141008,237.25,240.9,235.6,238.7,25,25
RECLTD,20141008,237.25,240.9,235.6,238.7,20,20
RECLTD,20141008,1051.01,1051.01,1051.0,1051.0,2007646,1089979
RECLTD,20141008,1051.01,1051.01,1051.0,1051.0,10,10
RECLTD,20141008,1051.01,1051.01,1051.0,1051.0,235,165
RECLTD,20141008,1051.01,1051.01,1051.0,1051.0,4300,4300
RECLTD,20141008,1051.01,1051.01,1051.0,1051.0,25,25
RECLTD,20141008,1051.01,1051.01,1051.0,1051.0,20,20
RECLTD,20141008,1051.0,1060.0,1051.0,1059.59,2007646,1089979
RECLTD,20141008,1051.0,1060.0,1051.0,1059.59,10,10
RECLTD,20141008,1051.0,1060.0,1051.0,1059.59,235,165
RECLTD,20141008,1051.0,1060.0,1051.0,1059.59,4300,4300
RECLTD,20141008,1051.0,1060.0,1051.0,1059.59,25,25
RECLTD,20141008,1051.0,1060.0,1051.0,1059.59,20,20
RECLTD,20141008,1165.0,1165.0,1165.0,1165.0,2007646,1089979
RECLTD,20141008,1165.0,1165.0,1165.0,1165.0,10,10
RECLTD,20141008,1165.0,1165.0,1165.0,1165.0,235,165
RECLTD,20141008,1165.0,1165.0,1165.0,1165.0,4300,4300
RECLTD,20141008,1165.0,1165.0,1165.0,1165.0,25,25
RECLTD,20141008,1165.0,1165.0,1165.0,1165.0,20,20
RECLTD,20141008,1109.0,1109.0,1109.0,1109.0,2007646,1089979
RECLTD,20141008,1109.0,1109.0,1109.0,1109.0,10,10
RECLTD,20141008,1109.0,1109.0,1109.0,1109.0,235,165
RECLTD,20141008,1109.0,1109.0,1109.0,1109.0,4300,4300
RECLTD,20141008,1109.0,1109.0,1109.0,1109.0,25,25
RECLTD,20141008,1109.0,1109.0,1109.0,1109.0,20,20
RECLTD,20141008,1175.0,1175.0,1175.0,1175.0,2007646,1089979
RECLTD,20141008,1175.0,1175.0,1175.0,1175.0,10,10
RECLTD,20141008,1175.0,1175.0,1175.0,1175.0,235,165
RECLTD,20141008,1175.0,1175.0,1175.0,1175.0,4300,4300
RECLTD,20141008,1175.0,1175.0,1175.0,1175.0,25,25
RECLTD,20141008,1175.0,1175.0,1175.0,1175.0,20,20
REDINGTON,20141008,97.0,97.0,93.15,94.35,313640,188233
REFEX,20141008,7.0,7.4,6.7,7.3,5550,5550
REIAGROLTD,20141008,2.5,2.55,2.4,2.45,1243355,776944
REISIXTEN,20141008,0.4,0.4,0.35,0.4,23831,23830
RELAXO,20141008,502.2,515.0,490.0,498.8,17515,8800
RELCAPITAL,20141008,436.75,445.7,434.9,442.45,2358249,547115
RELCONS,20141008,30.6,30.6,30.6,30.6,3,3
RELGOLD,20141008,2412.0,2425.0,2410.0,2422.25,707,473
RELIANCE,20141008,921.15,941.5,921.15,936.7,2246466,1231443
RELIFIN,20141008,1055.21,1063.0,1055.21,1060.01,85,85
RELIFIN,20141008,1055.21,1063.0,1055.21,1060.01,70,70
RELIFIN,20141008,1055.21,1063.0,1055.21,1060.01,20,20
RELIFIN,20141008,1055.21,1063.0,1055.21,1060.01,50,50
RELIFIN,20141008,1055.21,1063.0,1055.21,1060.01,300,300
RELIFIN,20141008,1265.0,1265.0,1260.0,1260.0,85,85
RELIFIN,20141008,1265.0,1265.0,1260.0,1260.0,70,70
RELIFIN,20141008,1265.0,1265.0,1260.0,1260.0,20,20
RELIFIN,20141008,1265.0,1265.0,1260.0,1260.0,50,50
RELIFIN,20141008,1265.0,1265.0,1260.0,1260.0,300,300
RELIFIN,20141008,1050.1,1050.1,1050.1,1050.1,85,85
RELIFIN,20141008,1050.1,1050.1,1050.1,1050.1,70,70
RELIFIN,20141008,1050.1,1050.1,1050.1,1050.1,20,20
RELIFIN,20141008,1050.1,1050.1,1050.1,1050.1,50,50
RELIFIN,20141008,1050.1,1050.1,1050.1,1050.1,300,300
RELIFIN,20141008,1075.0,1075.0,1075.0,1075.0,85,85
RELIFIN,20141008,1075.0,1075.0,1075.0,1075.0,70,70
RELIFIN,20141008,1075.0,1075.0,1075.0,1075.0,20,20
RELIFIN,20141008,1075.0,1075.0,1075.0,1075.0,50,50
RELIFIN,20141008,1075.0,1075.0,1075.0,1075.0,300,300
RELIFIN,20141008,1242.01,1256.03,1242.0,1256.0,85,85
RELIFIN,20141008,1242.01,1256.03,1242.0,1256.0,70,70
RELIFIN,20141008,1242.01,1256.03,1242.0,1256.0,20,20
RELIFIN,20141008,1242.01,1256.03,1242.0,1256.0,50,50
RELIFIN,20141008,1242.01,1256.03,1242.0,1256.0,300,300
RELIGARE,20141008,369.0,373.0,352.7,358.35,69126,4049
RELIGAREGO,20141008,2590.0,2590.0,2550.0,2560.35,170,144
RELINFRA,20141008,563.35,576.0,555.55,572.3,1860298,275263
RELNIFTY,20141008,79.6,79.9,79.6,79.75,125,125
REMSONSIND,20141008,31.4,31.4,31.4,31.4,229,229
RENUKA,20141008,16.2,17.2,16.2,16.8,5040410,1403575
REPCOHOME,20141008,444.0,448.0,434.5,443.35,30639,21985
REPRO,20141008,248.6,257.0,243.15,252.15,4624,3281
RESPONIND,20141008,88.0,90.85,87.5,88.45,21533,3221
REVATHI,20141008,320.0,329.95,315.0,317.15,412,343
RICOAUTO,20141008,32.0,32.45,30.65,31.15,297595,195650
RIIL,20141008,477.15,501.1,477.15,491.7,281300,33341
RJL,20141008,60.65,61.5,59.4,61.1,1949,1276
RKDL,20141008,6.15,6.65,6.1,6.4,5001,4871
RMCL,20141008,36.9,39.2,36.9,37.25,89154,67912
RML,20141008,435.0,468.0,430.0,450.05,27207,17679
RMMIL,20141008,1.55,1.6,1.55,1.55,40299,37712
ROHITFERRO,20141008,10.3,10.4,9.15,9.5,206977,153515
ROHLTD,20141008,45.6,47.95,45.4,45.85,3508,2432
ROLTA,20141008,108.3,110.15,107.1,108.55,1063314,367309
ROSSELLIND,20141008,68.25,68.25,60.1,64.1,2733,672
RPGLIFE,20141008,120.7,124.6,114.7,116.35,18137,11991
RPOWER,20141008,69.35,70.7,69.35,70.4,2808062,620094
RPPINFRA,20141008,124.0,131.0,123.6,128.0,120154,42588
RSSOFTWARE,20141008,705.0,724.0,680.0,697.7,340570,58136
RSWM,20141008,184.45,187.0,184.0,184.9,16266,7069
RSYSTEMS,20141008,49.55,52.3,49.55,51.55,27950,19891
RUBYMILLS,20141008,280.05,286.05,280.05,281.85,2013,1532
RUCHIRA,20141008,23.0,23.0,23.0,23.0,1000,1000
RUCHISOYA,20141008,37.1,37.6,36.5,36.8,158740,90839
RUPA,20141008,203.8,219.45,194.05,211.45,45871,23237
RUSHIL,20141008,50.8,58.35,44.45,44.75,450140,164609
SABERORGAN,20141008,179.95,180.0,171.8,177.2,2741,2171
SABTN,20141008,141.2,144.0,138.0,139.95,14834,2274
SADBHAV,20141008,213.5,221.9,208.35,212.7,125672,73015
SAGCEM,20141008,335.0,340.55,329.0,335.9,765,527
SAHPETRO,20141008,28.5,28.5,27.0,27.4,63560,46645
SAIL,20141008,71.2,72.5,70.75,72.25,2287032,500713
SAKHTISUG,20141008,17.0,17.8,16.45,16.6,71696,37909
SAKSOFT,20141008,144.95,155.1,143.5,155.0,5839,4960
SAKTHIFIN,20141008,17.0,17.2,16.05,16.75,7753,3292
SAKUMA,20141008,24.1,24.1,23.85,23.85,387,129
SALONACOT,20141008,30.4,30.4,28.25,28.25,31,16
SALORAINTL,20141008,30.2,33.3,30.1,30.3,90,85
SALSTEEL,20141008,2.6,2.65,2.6,2.65,1406,1406
SAMBANDAM,20141008,85.0,85.0,83.0,83.0,575,545
SAMINDUS,20141008,17.75,17.75,17.75,17.75,15,15
SAMTEL,20141008,1.9,1.9,1.9,1.9,3133,3133
SANDESH,20141008,454.0,520.3,446.15,516.65,428721,23778
SANGAMIND,20141008,80.0,82.6,79.75,80.3,8112,4178
SANGHVIFOR,20141008,38.5,38.95,35.0,37.35,3177,1954
SANGHVIMOV,20141008,137.55,159.5,137.55,157.65,13213,8469
SANOFI,20141008,3250.0,3284.45,3153.0,3199.5,32984,31627
SANWARIA,20141008,8.95,8.95,8.5,8.65,33646,17127
SARDAEN,20141008,158.0,160.9,150.15,156.65,38510,31035
SARLAPOLY,20141008,325.0,325.0,304.0,308.8,2496,1535
SASKEN,20141008,270.05,273.15,268.0,269.9,126637,56429
SATHAISPAT,20141008,40.0,41.9,38.55,38.8,68959,68851
SAVERA,20141008,39.0,41.4,38.0,41.0,1165,861
SBBJ,20141008,542.05,555.0,542.05,552.8,6802,3683
SBIGETS,20141008,2538.0,2556.0,2533.4,2552.2,1340,759
SBIN,20141008,2346.05,2419.8,2346.05,2411.25,1358931,368412
SBIN,20141008,2346.05,2419.8,2346.05,2411.25,5,5
SBIN,20141008,2346.05,2419.8,2346.05,2411.25,39,38
SBIN,20141008,2346.05,2419.8,2346.05,2411.25,307,301
SBIN,20141008,10475.0,10475.0,10475.0,10475.0,1358931,368412
SBIN,20141008,10475.0,10475.0,10475.0,10475.0,5,5
SBIN,20141008,10475.0,10475.0,10475.0,10475.0,39,38
SBIN,20141008,10475.0,10475.0,10475.0,10475.0,307,301
SBIN,20141008,10670.0,10722.0,10670.0,10672.1,1358931,368412
SBIN,20141008,10670.0,10722.0,10670.0,10672.1,5,5
SBIN,20141008,10670.0,10722.0,10670.0,10672.1,39,38
SBIN,20141008,10670.0,10722.0,10670.0,10672.1,307,301
SBIN,20141008,10925.0,10964.0,10925.0,10958.7,1358931,368412
SBIN,20141008,10925.0,10964.0,10925.0,10958.7,5,5
SBIN,20141008,10925.0,10964.0,10925.0,10958.7,39,38
SBIN,20141008,10925.0,10964.0,10925.0,10958.7,307,301
SBT,20141008,429.0,444.0,429.0,437.2,47688,27016
SCHNEIDER,20141008,152.25,154.4,149.2,150.65,21025,13977
SCI,20141008,58.45,58.45,56.7,57.5,446549,184112
SDBL,20141008,203.0,210.2,199.0,202.3,21258,409
SEAMECLTD,20141008,131.65,138.55,131.65,136.25,37878,24096
SEINV,20141008,270.15,284.0,270.0,271.6,11373,321
SELAN,20141008,490.0,497.0,478.0,482.3,53020,24661
SELMCL,20141008,4.3,4.35,4.2,4.25,150822,104362
SEPOWER,20141008,5.8,6.45,5.4,5.8,3006,1679
SERVALL,20141008,4.0,4.05,4.0,4.05,2000,2000
SESHAPAPER,20141008,231.0,231.0,221.0,229.45,235,200
SFCL,20141008,62.8,62.8,59.15,59.15,3568,3217
SGJHL,20141008,28.35,29.05,26.8,26.9,79216,57988
SHAHALLOYS,20141008,6.75,6.75,6.75,6.75,52,52
SHAKTIPUMP,20141008,252.9,268.3,240.0,262.45,378582,98033
SHALPAINTS,20141008,144.65,155.55,144.35,150.65,252897,116070
SHANTIGEAR,20141008,109.5,112.55,109.5,110.55,36712,26869
SHARDACROP,20141008,257.0,268.8,256.7,266.4,1297444,375419
SHARONBIO,20141008,68.0,68.85,65.35,66.3,62688,40129
SHASUNPHAR,20141008,182.8,184.85,178.5,182.65,423484,153872
SHILPAMED,20141008,553.25,566.9,546.0,547.0,5319,2861
SHILPI,20141008,77.0,78.0,72.45,72.45,210147,126694
SHIRPUR-G,20141008,81.3,84.9,80.0,81.15,2617,2455
SHIV-VANI,20141008,12.0,12.4,11.25,11.6,32862,22870
SHIVAMAUTO,20141008,310.6,315.25,304.1,306.9,5560,3261
SHIVTEX,20141008,37.05,37.65,36.65,36.85,3850,2598
SHLAKSHMI,20141008,8.25,8.25,7.9,8.0,1920,1920
SHOPERSTOP,20141008,520.0,524.4,504.3,513.4,12513,5966
SHREECEM,20141008,8406.75,8520.95,8311.05,8386.3,3828,2871
SHRENUJ,20141008,63.0,63.4,60.6,61.55,58750,3275
SHREYAS,20141008,87.0,87.0,79.65,81.2,54034,44595
SHRIASTER,20141008,7.7,8.8,7.5,8.8,2463,2400
SHRIRAMCIT,20141008,1709.95,1709.95,1650.0,1681.45,1210,734
SHRIRAMCIT,20141008,1709.95,1709.95,1650.0,1681.45,509,357
SHRIRAMCIT,20141008,1709.95,1709.95,1650.0,1681.45,30,30
SHRIRAMCIT,20141008,1709.95,1709.95,1650.0,1681.45,20,20
SHRIRAMCIT,20141008,1709.95,1709.95,1650.0,1681.45,100,100
SHRIRAMCIT,20141008,1709.95,1709.95,1650.0,1681.45,75,75
SHRIRAMCIT,20141008,1057.01,1075.89,1057.01,1075.88,1210,734
SHRIRAMCIT,20141008,1057.01,1075.89,1057.01,1075.88,509,357
SHRIRAMCIT,20141008,1057.01,1075.89,1057.01,1075.88,30,30
SHRIRAMCIT,20141008,1057.01,1075.89,1057.01,1075.88,20,20
SHRIRAMCIT,20141008,1057.01,1075.89,1057.01,1075.88,100,100
SHRIRAMCIT,20141008,1057.01,1075.89,1057.01,1075.88,75,75
SHRIRAMCIT,20141008,1058.1,1058.1,1058.1,1058.1,1210,734
SHRIRAMCIT,20141008,1058.1,1058.1,1058.1,1058.1,509,357
SHRIRAMCIT,20141008,1058.1,1058.1,1058.1,1058.1,30,30
SHRIRAMCIT,20141008,1058.1,1058.1,1058.1,1058.1,20,20
SHRIRAMCIT,20141008,1058.1,1058.1,1058.1,1058.1,100,100
SHRIRAMCIT,20141008,1058.1,1058.1,1058.1,1058.1,75,75
SHRIRAMCIT,20141008,1057.0,1058.0,1057.0,1058.0,1210,734
SHRIRAMCIT,20141008,1057.0,1058.0,1057.0,1058.0,509,357
SHRIRAMCIT,20141008,1057.0,1058.0,1057.0,1058.0,30,30
SHRIRAMCIT,20141008,1057.0,1058.0,1057.0,1058.0,20,20
SHRIRAMCIT,20141008,1057.0,1058.0,1057.0,1058.0,100,100
SHRIRAMCIT,20141008,1057.0,1058.0,1057.0,1058.0,75,75
SHRIRAMCIT,20141008,1075.0,1075.0,1056.5,1056.5,1210,734
SHRIRAMCIT,20141008,1075.0,1075.0,1056.5,1056.5,509,357
SHRIRAMCIT,20141008,1075.0,1075.0,1056.5,1056.5,30,30
SHRIRAMCIT,20141008,1075.0,1075.0,1056.5,1056.5,20,20
SHRIRAMCIT,20141008,1075.0,1075.0,1056.5,1056.5,100,100
SHRIRAMCIT,20141008,1075.0,1075.0,1056.5,1056.5,75,75
SHRIRAMCIT,20141008,1001.0,1001.0,1001.0,1001.0,1210,734
SHRIRAMCIT,20141008,1001.0,1001.0,1001.0,1001.0,509,357
SHRIRAMCIT,20141008,1001.0,1001.0,1001.0,1001.0,30,30
SHRIRAMCIT,20141008,1001.0,1001.0,1001.0,1001.0,20,20
SHRIRAMCIT,20141008,1001.0,1001.0,1001.0,1001.0,100,100
SHRIRAMCIT,20141008,1001.0,1001.0,1001.0,1001.0,75,75
SHRIRAMEPC,20141008,31.55,32.85,29.7,29.95,116319,104208
SHYAMTEL,20141008,32.4,34.8,31.3,33.35,4668,2601
SICAGEN,20141008,16.25,16.85,16.25,16.8,4214,3462
SICAL,20141008,110.65,116.95,105.25,109.9,9835,7761
SIEMENS,20141008,806.1,821.0,802.0,810.75,190376,89899
SIGNETIND,20141008,287.0,289.0,275.0,284.35,9240,108
SIMBHSUGAR,20141008,14.1,15.4,14.1,14.4,1848,1501
SIMPLEX,20141008,49.0,49.0,46.05,46.35,6270,4912
SIMPLEXCAS,20141008,43.0,44.0,42.0,43.95,2806,1350
SIMPLEXINF,20141008,214.5,230.0,205.0,218.35,140031,123176
SINTEX,20141008,71.05,74.2,71.05,73.75,2683480,1084431
SIRPAPER,20141008,17.55,17.55,16.0,16.0,12651,12650
SITICABLE,20141008,24.2,25.5,24.2,25.3,261307,169546
SIYSIL,20141008,705.0,737.0,698.0,717.1,2938,1800
SJVN,20141008,22.3,22.85,22.3,22.5,375802,262606
SKFINDIA,20141008,1175.0,1198.95,1145.0,1151.1,94259,49667
SKIL,20141008,30.0,30.0,27.0,28.2,88721,70334
SKMEGGPROD,20141008,35.6,37.25,33.2,37.05,170721,119587
SKSMICRO,20141008,281.0,291.3,280.6,290.0,637180,245166
SKUMARSYNF,20141008,4.5,4.65,4.45,4.45,447543,118368
SMARTLINK,20141008,72.3,72.3,68.85,69.3,26764,14744
SMCSRVRG,20141008,8.1,8.1,8.1,8.1,200,200
SMPL,20141008,3.6,3.7,3.4,3.65,181402,97642
SMSPHARMA,20141008,536.0,545.0,531.0,538.7,7471,6136
SNOWMAN,20141008,84.9,85.85,82.5,83.15,589029,247836
SOBHA,20141008,412.0,413.0,394.75,395.6,313501,185649
SOLARINDS,20141008,2326.0,2439.0,2325.15,2405.95,1249,788
SOMANYCERA,20141008,292.0,298.9,289.0,289.45,13269,11631
SOMATEX,20141008,4.5,4.5,4.5,4.5,225,225
SONASTEER,20141008,52.55,53.2,50.25,52.45,322567,172312
SOTL,20141008,772.65,787.3,762.75,773.25,2533,1576
SOUTHBANK,20141008,24.5,24.9,24.25,24.35,2686029,1713874
SPARC,20141008,202.6,204.3,196.2,198.55,368902,157540
SPECIALITY,20141008,144.0,154.0,144.0,148.4,91154,63369
SPECTACLE,20141008,1.25,1.25,1.25,1.25,1000,1000
SPENTEX,20141008,5.75,5.8,5.55,5.7,7506,6095
SPIC,20141008,24.0,24.9,23.6,24.15,1249492,421128
SPICEMOBI,20141008,29.9,30.1,28.8,29.0,1194,1161
SPLIL,20141008,10.0,11.3,9.7,10.5,3635,2846
SPMLINFRA,20141008,72.0,80.0,71.0,77.25,13091,9912
SPYL,20141008,1.85,1.85,1.65,1.85,20028,20020
SQSBFSI,20141008,597.6,601.0,577.0,595.85,12990,7610
SREINFRA,20141008,44.0,44.95,43.4,43.75,580181,331941
SRF,20141008,722.6,736.0,708.0,715.15,45910,22653
SRHHYPOLTD,20141008,50.15,59.95,50.15,55.85,2154,1053
SRSLTD,20141008,24.2,24.25,23.25,23.8,90216,49646
SRTRANSFIN,20141008,899.95,923.75,885.35,899.1,707169,494281
SRTRANSFIN,20141008,899.95,923.75,885.35,899.1,30,30
SRTRANSFIN,20141008,899.95,923.75,885.35,899.1,30,30
SRTRANSFIN,20141008,899.95,923.75,885.35,899.1,9,9
SRTRANSFIN,20141008,899.95,923.75,885.35,899.1,13,13
SRTRANSFIN,20141008,899.95,923.75,885.35,899.1,5,5
SRTRANSFIN,20141008,899.95,923.75,885.35,899.1,50,50
SRTRANSFIN,20141008,899.95,923.75,885.35,899.1,230,230
SRTRANSFIN,20141008,899.95,923.75,885.35,899.1,150,150
SRTRANSFIN,20141008,899.95,923.75,885.35,899.1,330,305
SRTRANSFIN,20141008,899.95,923.75,885.35,899.1,110,100
SRTRANSFIN,20141008,899.95,923.75,885.35,899.1,85,85
SRTRANSFIN,20141008,899.95,923.75,885.35,899.1,40,40
SRTRANSFIN,20141008,899.95,923.75,885.35,899.1,125,125
SRTRANSFIN,20141008,899.95,923.75,885.35,899.1,2,2
SRTRANSFIN,20141008,899.95,923.75,885.35,899.1,50,50
SRTRANSFIN,20141008,899.95,923.75,885.35,899.1,30,30
SRTRANSFIN,20141008,899.95,923.75,885.35,899.1,452,442
SRTRANSFIN,20141008,899.95,923.75,885.35,899.1,215,215
SRTRANSFIN,20141008,899.95,923.75,885.35,899.1,200,100
SRTRANSFIN,20141008,1035.0,1035.0,1035.0,1035.0,707169,494281
SRTRANSFIN,20141008,1035.0,1035.0,1035.0,1035.0,30,30
SRTRANSFIN,20141008,1035.0,1035.0,1035.0,1035.0,30,30
SRTRANSFIN,20141008,1035.0,1035.0,1035.0,1035.0,9,9
SRTRANSFIN,20141008,1035.0,1035.0,1035.0,1035.0,13,13
SRTRANSFIN,20141008,1035.0,1035.0,1035.0,1035.0,5,5
SRTRANSFIN,20141008,1035.0,1035.0,1035.0,1035.0,50,50
SRTRANSFIN,20141008,1035.0,1035.0,1035.0,1035.0,230,230
SRTRANSFIN,20141008,1035.0,1035.0,1035.0,1035.0,150,150
SRTRANSFIN,20141008,1035.0,1035.0,1035.0,1035.0,330,305
SRTRANSFIN,20141008,1035.0,1035.0,1035.0,1035.0,110,100
SRTRANSFIN,20141008,1035.0,1035.0,1035.0,1035.0,85,85
SRTRANSFIN,20141008,1035.0,1035.0,1035.0,1035.0,40,40
SRTRANSFIN,20141008,1035.0,1035.0,1035.0,1035.0,125,125
SRTRANSFIN,20141008,1035.0,1035.0,1035.0,1035.0,2,2
SRTRANSFIN,20141008,1035.0,1035.0,1035.0,1035.0,50,50
SRTRANSFIN,20141008,1035.0,1035.0,1035.0,1035.0,30,30
SRTRANSFIN,20141008,1035.0,1035.0,1035.0,1035.0,452,442
SRTRANSFIN,20141008,1035.0,1035.0,1035.0,1035.0,215,215
SRTRANSFIN,20141008,1035.0,1035.0,1035.0,1035.0,200,100
SRTRANSFIN,20141008,207.1,207.1,207.05,207.05,707169,494281
SRTRANSFIN,20141008,207.1,207.1,207.05,207.05,30,30
SRTRANSFIN,20141008,207.1,207.1,207.05,207.05,30,30
SRTRANSFIN,20141008,207.1,207.1,207.05,207.05,9,9
SRTRANSFIN,20141008,207.1,207.1,207.05,207.05,13,13
SRTRANSFIN,20141008,207.1,207.1,207.05,207.05,5,5
SRTRANSFIN,20141008,207.1,207.1,207.05,207.05,50,50
SRTRANSFIN,20141008,207.1,207.1,207.05,207.05,230,230
SRTRANSFIN,20141008,207.1,207.1,207.05,207.05,150,150
SRTRANSFIN,20141008,207.1,207.1,207.05,207.05,330,305
SRTRANSFIN,20141008,207.1,207.1,207.05,207.05,110,100
SRTRANSFIN,20141008,207.1,207.1,207.05,207.05,85,85
SRTRANSFIN,20141008,207.1,207.1,207.05,207.05,40,40
SRTRANSFIN,20141008,207.1,207.1,207.05,207.05,125,125
SRTRANSFIN,20141008,207.1,207.1,207.05,207.05,2,2
SRTRANSFIN,20141008,207.1,207.1,207.05,207.05,50,50
SRTRANSFIN,20141008,207.1,207.1,207.05,207.05,30,30
SRTRANSFIN,20141008,207.1,207.1,207.05,207.05,452,442
SRTRANSFIN,20141008,207.1,207.1,207.05,207.05,215,215
SRTRANSFIN,20141008,207.1,207.1,207.05,207.05,200,100
SRTRANSFIN,20141008,1625.0,1625.0,1625.0,1625.0,707169,494281
SRTRANSFIN,20141008,1625.0,1625.0,1625.0,1625.0,30,30
SRTRANSFIN,20141008,1625.0,1625.0,1625.0,1625.0,30,30
SRTRANSFIN,20141008,1625.0,1625.0,1625.0,1625.0,9,9
SRTRANSFIN,20141008,1625.0,1625.0,1625.0,1625.0,13,13
SRTRANSFIN,20141008,1625.0,1625.0,1625.0,1625.0,5,5
SRTRANSFIN,20141008,1625.0,1625.0,1625.0,1625.0,50,50
SRTRANSFIN,20141008,1625.0,1625.0,1625.0,1625.0,230,230
SRTRANSFIN,20141008,1625.0,1625.0,1625.0,1625.0,150,150
SRTRANSFIN,20141008,1625.0,1625.0,1625.0,1625.0,330,305
SRTRANSFIN,20141008,1625.0,1625.0,1625.0,1625.0,110,100
SRTRANSFIN,20141008,1625.0,1625.0,1625.0,1625.0,85,85
SRTRANSFIN,20141008,1625.0,1625.0,1625.0,1625.0,40,40
SRTRANSFIN,20141008,1625.0,1625.0,1625.0,1625.0,125,125
SRTRANSFIN,20141008,1625.0,1625.0,1625.0,1625.0,2,2
SRTRANSFIN,20141008,1625.0,1625.0,1625.0,1625.0,50,50
SRTRANSFIN,20141008,1625.0,1625.0,1625.0,1625.0,30,30
SRTRANSFIN,20141008,1625.0,1625.0,1625.0,1625.0,452,442
SRTRANSFIN,20141008,1625.0,1625.0,1625.0,1625.0,215,215
SRTRANSFIN,20141008,1625.0,1625.0,1625.0,1625.0,200,100
SRTRANSFIN,20141008,1077.0,1077.0,1077.0,1077.0,707169,494281
SRTRANSFIN,20141008,1077.0,1077.0,1077.0,1077.0,30,30
SRTRANSFIN,20141008,1077.0,1077.0,1077.0,1077.0,30,30
SRTRANSFIN,20141008,1077.0,1077.0,1077.0,1077.0,9,9
SRTRANSFIN,20141008,1077.0,1077.0,1077.0,1077.0,13,13
SRTRANSFIN,20141008,1077.0,1077.0,1077.0,1077.0,5,5
SRTRANSFIN,20141008,1077.0,1077.0,1077.0,1077.0,50,50
SRTRANSFIN,20141008,1077.0,1077.0,1077.0,1077.0,230,230
SRTRANSFIN,20141008,1077.0,1077.0,1077.0,1077.0,150,150
SRTRANSFIN,20141008,1077.0,1077.0,1077.0,1077.0,330,305
SRTRANSFIN,20141008,1077.0,1077.0,1077.0,1077.0,110,100
SRTRANSFIN,20141008,1077.0,1077.0,1077.0,1077.0,85,85
SRTRANSFIN,20141008,1077.0,1077.0,1077.0,1077.0,40,40
SRTRANSFIN,20141008,1077.0,1077.0,1077.0,1077.0,125,125
SRTRANSFIN,20141008,1077.0,1077.0,1077.0,1077.0,2,2
SRTRANSFIN,20141008,1077.0,1077.0,1077.0,1077.0,50,50
SRTRANSFIN,20141008,1077.0,1077.0,1077.0,1077.0,30,30
SRTRANSFIN,20141008,1077.0,1077.0,1077.0,1077.0,452,442
SRTRANSFIN,20141008,1077.0,1077.0,1077.0,1077.0,215,215
SRTRANSFIN,20141008,1077.0,1077.0,1077.0,1077.0,200,100
SRTRANSFIN,20141008,1040.0,1040.0,1040.0,1040.0,707169,494281
SRTRANSFIN,20141008,1040.0,1040.0,1040.0,1040.0,30,30
SRTRANSFIN,20141008,1040.0,1040.0,1040.0,1040.0,30,30
SRTRANSFIN,20141008,1040.0,1040.0,1040.0,1040.0,9,9
SRTRANSFIN,20141008,1040.0,1040.0,1040.0,1040.0,13,13
SRTRANSFIN,20141008,1040.0,1040.0,1040.0,1040.0,5,5
SRTRANSFIN,20141008,1040.0,1040.0,1040.0,1040.0,50,50
SRTRANSFIN,20141008,1040.0,1040.0,1040.0,1040.0,230,230
SRTRANSFIN,20141008,1040.0,1040.0,1040.0,1040.0,150,150
SRTRANSFIN,20141008,1040.0,1040.0,1040.0,1040.0,330,305
SRTRANSFIN,20141008,1040.0,1040.0,1040.0,1040.0,110,100
SRTRANSFIN,20141008,1040.0,1040.0,1040.0,1040.0,85,85
SRTRANSFIN,20141008,1040.0,1040.0,1040.0,1040.0,40,40
SRTRANSFIN,20141008,1040.0,1040.0,1040.0,1040.0,125,125
SRTRANSFIN,20141008,1040.0,1040.0,1040.0,1040.0,2,2
SRTRANSFIN,20141008,1040.0,1040.0,1040.0,1040.0,50,50
SRTRANSFIN,20141008,1040.0,1040.0,1040.0,1040.0,30,30
SRTRANSFIN,20141008,1040.0,1040.0,1040.0,1040.0,452,442
SRTRANSFIN,20141008,1040.0,1040.0,1040.0,1040.0,215,215
SRTRANSFIN,20141008,1040.0,1040.0,1040.0,1040.0,200,100
SRTRANSFIN,20141008,1045.0,1045.0,1045.0,1045.0,707169,494281
SRTRANSFIN,20141008,1045.0,1045.0,1045.0,1045.0,30,30
SRTRANSFIN,20141008,1045.0,1045.0,1045.0,1045.0,30,30
SRTRANSFIN,20141008,1045.0,1045.0,1045.0,1045.0,9,9
SRTRANSFIN,20141008,1045.0,1045.0,1045.0,1045.0,13,13
SRTRANSFIN,20141008,1045.0,1045.0,1045.0,1045.0,5,5
SRTRANSFIN,20141008,1045.0,1045.0,1045.0,1045.0,50,50
SRTRANSFIN,20141008,1045.0,1045.0,1045.0,1045.0,230,230
SRTRANSFIN,20141008,1045.0,1045.0,1045.0,1045.0,150,150
SRTRANSFIN,20141008,1045.0,1045.0,1045.0,1045.0,330,305
SRTRANSFIN,20141008,1045.0,1045.0,1045.0,1045.0,110,100
SRTRANSFIN,20141008,1045.0,1045.0,1045.0,1045.0,85,85
SRTRANSFIN,20141008,1045.0,1045.0,1045.0,1045.0,40,40
SRTRANSFIN,20141008,1045.0,1045.0,1045.0,1045.0,125,125
SRTRANSFIN,20141008,1045.0,1045.0,1045.0,1045.0,2,2
SRTRANSFIN,20141008,1045.0,1045.0,1045.0,1045.0,50,50
SRTRANSFIN,20141008,1045.0,1045.0,1045.0,1045.0,30,30
SRTRANSFIN,20141008,1045.0,1045.0,1045.0,1045.0,452,442
SRTRANSFIN,20141008,1045.0,1045.0,1045.0,1045.0,215,215
SRTRANSFIN,20141008,1045.0,1045.0,1045.0,1045.0,200,100
SRTRANSFIN,20141008,1058.0,1058.0,1050.0,1054.54,707169,494281
SRTRANSFIN,20141008,1058.0,1058.0,1050.0,1054.54,30,30
SRTRANSFIN,20141008,1058.0,1058.0,1050.0,1054.54,30,30
SRTRANSFIN,20141008,1058.0,1058.0,1050.0,1054.54,9,9
SRTRANSFIN,20141008,1058.0,1058.0,1050.0,1054.54,13,13
SRTRANSFIN,20141008,1058.0,1058.0,1050.0,1054.54,5,5
SRTRANSFIN,20141008,1058.0,1058.0,1050.0,1054.54,50,50
SRTRANSFIN,20141008,1058.0,1058.0,1050.0,1054.54,230,230
SRTRANSFIN,20141008,1058.0,1058.0,1050.0,1054.54,150,150
SRTRANSFIN,20141008,1058.0,1058.0,1050.0,1054.54,330,305
SRTRANSFIN,20141008,1058.0,1058.0,1050.0,1054.54,110,100
SRTRANSFIN,20141008,1058.0,1058.0,1050.0,1054.54,85,85
SRTRANSFIN,20141008,1058.0,1058.0,1050.0,1054.54,40,40
SRTRANSFIN,20141008,1058.0,1058.0,1050.0,1054.54,125,125
SRTRANSFIN,20141008,1058.0,1058.0,1050.0,1054.54,2,2
SRTRANSFIN,20141008,1058.0,1058.0,1050.0,1054.54,50,50
SRTRANSFIN,20141008,1058.0,1058.0,1050.0,1054.54,30,30
SRTRANSFIN,20141008,1058.0,1058.0,1050.0,1054.54,452,442
SRTRANSFIN,20141008,1058.0,1058.0,1050.0,1054.54,215,215
SRTRANSFIN,20141008,1058.0,1058.0,1050.0,1054.54,200,100
SRTRANSFIN,20141008,1246.5,1246.5,1246.5,1246.5,707169,494281
SRTRANSFIN,20141008,1246.5,1246.5,1246.5,1246.5,30,30
SRTRANSFIN,20141008,1246.5,1246.5,1246.5,1246.5,30,30
SRTRANSFIN,20141008,1246.5,1246.5,1246.5,1246.5,9,9
SRTRANSFIN,20141008,1246.5,1246.5,1246.5,1246.5,13,13
SRTRANSFIN,20141008,1246.5,1246.5,1246.5,1246.5,5,5
SRTRANSFIN,20141008,1246.5,1246.5,1246.5,1246.5,50,50
SRTRANSFIN,20141008,1246.5,1246.5,1246.5,1246.5,230,230
SRTRANSFIN,20141008,1246.5,1246.5,1246.5,1246.5,150,150
SRTRANSFIN,20141008,1246.5,1246.5,1246.5,1246.5,330,305
SRTRANSFIN,20141008,1246.5,1246.5,1246.5,1246.5,110,100
SRTRANSFIN,20141008,1246.5,1246.5,1246.5,1246.5,85,85
SRTRANSFIN,20141008,1246.5,1246.5,1246.5,1246.5,40,40
SRTRANSFIN,20141008,1246.5,1246.5,1246.5,1246.5,125,125
SRTRANSFIN,20141008,1246.5,1246.5,1246.5,1246.5,2,2
SRTRANSFIN,20141008,1246.5,1246.5,1246.5,1246.5,50,50
SRTRANSFIN,20141008,1246.5,1246.5,1246.5,1246.5,30,30
SRTRANSFIN,20141008,1246.5,1246.5,1246.5,1246.5,452,442
SRTRANSFIN,20141008,1246.5,1246.5,1246.5,1246.5,215,215
SRTRANSFIN,20141008,1246.5,1246.5,1246.5,1246.5,200,100
SRTRANSFIN,20141008,1032.1,1040.0,1032.1,1034.75,707169,494281
SRTRANSFIN,20141008,1032.1,1040.0,1032.1,1034.75,30,30
SRTRANSFIN,20141008,1032.1,1040.0,1032.1,1034.75,30,30
SRTRANSFIN,20141008,1032.1,1040.0,1032.1,1034.75,9,9
SRTRANSFIN,20141008,1032.1,1040.0,1032.1,1034.75,13,13
SRTRANSFIN,20141008,1032.1,1040.0,1032.1,1034.75,5,5
SRTRANSFIN,20141008,1032.1,1040.0,1032.1,1034.75,50,50
SRTRANSFIN,20141008,1032.1,1040.0,1032.1,1034.75,230,230
SRTRANSFIN,20141008,1032.1,1040.0,1032.1,1034.75,150,150
SRTRANSFIN,20141008,1032.1,1040.0,1032.1,1034.75,330,305
SRTRANSFIN,20141008,1032.1,1040.0,1032.1,1034.75,110,100
SRTRANSFIN,20141008,1032.1,1040.0,1032.1,1034.75,85,85
SRTRANSFIN,20141008,1032.1,1040.0,1032.1,1034.75,40,40
SRTRANSFIN,20141008,1032.1,1040.0,1032.1,1034.75,125,125
SRTRANSFIN,20141008,1032.1,1040.0,1032.1,1034.75,2,2
SRTRANSFIN,20141008,1032.1,1040.0,1032.1,1034.75,50,50
SRTRANSFIN,20141008,1032.1,1040.0,1032.1,1034.75,30,30
SRTRANSFIN,20141008,1032.1,1040.0,1032.1,1034.75,452,442
SRTRANSFIN,20141008,1032.1,1040.0,1032.1,1034.75,215,215
SRTRANSFIN,20141008,1032.1,1040.0,1032.1,1034.75,200,100
SRTRANSFIN,20141008,1034.05,1035.0,1034.05,1034.13,707169,494281
SRTRANSFIN,20141008,1034.05,1035.0,1034.05,1034.13,30,30
SRTRANSFIN,20141008,1034.05,1035.0,1034.05,1034.13,30,30
SRTRANSFIN,20141008,1034.05,1035.0,1034.05,1034.13,9,9
SRTRANSFIN,20141008,1034.05,1035.0,1034.05,1034.13,13,13
SRTRANSFIN,20141008,1034.05,1035.0,1034.05,1034.13,5,5
SRTRANSFIN,20141008,1034.05,1035.0,1034.05,1034.13,50,50
SRTRANSFIN,20141008,1034.05,1035.0,1034.05,1034.13,230,230
SRTRANSFIN,20141008,1034.05,1035.0,1034.05,1034.13,150,150
SRTRANSFIN,20141008,1034.05,1035.0,1034.05,1034.13,330,305
SRTRANSFIN,20141008,1034.05,1035.0,1034.05,1034.13,110,100
SRTRANSFIN,20141008,1034.05,1035.0,1034.05,1034.13,85,85
SRTRANSFIN,20141008,1034.05,1035.0,1034.05,1034.13,40,40
SRTRANSFIN,20141008,1034.05,1035.0,1034.05,1034.13,125,125
SRTRANSFIN,20141008,1034.05,1035.0,1034.05,1034.13,2,2
SRTRANSFIN,20141008,1034.05,1035.0,1034.05,1034.13,50,50
SRTRANSFIN,20141008,1034.05,1035.0,1034.05,1034.13,30,30
SRTRANSFIN,20141008,1034.05,1035.0,1034.05,1034.13,452,442
SRTRANSFIN,20141008,1034.05,1035.0,1034.05,1034.13,215,215
SRTRANSFIN,20141008,1034.05,1035.0,1034.05,1034.13,200,100
SRTRANSFIN,20141008,996.0,996.0,996.0,996.0,707169,494281
SRTRANSFIN,20141008,996.0,996.0,996.0,996.0,30,30
SRTRANSFIN,20141008,996.0,996.0,996.0,996.0,30,30
SRTRANSFIN,20141008,996.0,996.0,996.0,996.0,9,9
SRTRANSFIN,20141008,996.0,996.0,996.0,996.0,13,13
SRTRANSFIN,20141008,996.0,996.0,996.0,996.0,5,5
SRTRANSFIN,20141008,996.0,996.0,996.0,996.0,50,50
SRTRANSFIN,20141008,996.0,996.0,996.0,996.0,230,230
SRTRANSFIN,20141008,996.0,996.0,996.0,996.0,150,150
SRTRANSFIN,20141008,996.0,996.0,996.0,996.0,330,305
SRTRANSFIN,20141008,996.0,996.0,996.0,996.0,110,100
SRTRANSFIN,20141008,996.0,996.0,996.0,996.0,85,85
SRTRANSFIN,20141008,996.0,996.0,996.0,996.0,40,40
SRTRANSFIN,20141008,996.0,996.0,996.0,996.0,125,125
SRTRANSFIN,20141008,996.0,996.0,996.0,996.0,2,2
SRTRANSFIN,20141008,996.0,996.0,996.0,996.0,50,50
SRTRANSFIN,20141008,996.0,996.0,996.0,996.0,30,30
SRTRANSFIN,20141008,996.0,996.0,996.0,996.0,452,442
SRTRANSFIN,20141008,996.0,996.0,996.0,996.0,215,215
SRTRANSFIN,20141008,996.0,996.0,996.0,996.0,200,100
SRTRANSFIN,20141008,1105.07,1105.07,1105.07,1105.07,707169,494281
SRTRANSFIN,20141008,1105.07,1105.07,1105.07,1105.07,30,30
SRTRANSFIN,20141008,1105.07,1105.07,1105.07,1105.07,30,30
SRTRANSFIN,20141008,1105.07,1105.07,1105.07,1105.07,9,9
SRTRANSFIN,20141008,1105.07,1105.07,1105.07,1105.07,13,13
SRTRANSFIN,20141008,1105.07,1105.07,1105.07,1105.07,5,5
SRTRANSFIN,20141008,1105.07,1105.07,1105.07,1105.07,50,50
SRTRANSFIN,20141008,1105.07,1105.07,1105.07,1105.07,230,230
SRTRANSFIN,20141008,1105.07,1105.07,1105.07,1105.07,150,150
SRTRANSFIN,20141008,1105.07,1105.07,1105.07,1105.07,330,305
SRTRANSFIN,20141008,1105.07,1105.07,1105.07,1105.07,110,100
SRTRANSFIN,20141008,1105.07,1105.07,1105.07,1105.07,85,85
SRTRANSFIN,20141008,1105.07,1105.07,1105.07,1105.07,40,40
SRTRANSFIN,20141008,1105.07,1105.07,1105.07,1105.07,125,125
SRTRANSFIN,20141008,1105.07,1105.07,1105.07,1105.07,2,2
SRTRANSFIN,20141008,1105.07,1105.07,1105.07,1105.07,50,50
SRTRANSFIN,20141008,1105.07,1105.07,1105.07,1105.07,30,30
SRTRANSFIN,20141008,1105.07,1105.07,1105.07,1105.07,452,442
SRTRANSFIN,20141008,1105.07,1105.07,1105.07,1105.07,215,215
SRTRANSFIN,20141008,1105.07,1105.07,1105.07,1105.07,200,100
SRTRANSFIN,20141008,1095.5,1101.0,1095.5,1101.0,707169,494281
SRTRANSFIN,20141008,1095.5,1101.0,1095.5,1101.0,30,30
SRTRANSFIN,20141008,1095.5,1101.0,1095.5,1101.0,30,30
SRTRANSFIN,20141008,1095.5,1101.0,1095.5,1101.0,9,9
SRTRANSFIN,20141008,1095.5,1101.0,1095.5,1101.0,13,13
SRTRANSFIN,20141008,1095.5,1101.0,1095.5,1101.0,5,5
SRTRANSFIN,20141008,1095.5,1101.0,1095.5,1101.0,50,50
SRTRANSFIN,20141008,1095.5,1101.0,1095.5,1101.0,230,230
SRTRANSFIN,20141008,1095.5,1101.0,1095.5,1101.0,150,150
SRTRANSFIN,20141008,1095.5,1101.0,1095.5,1101.0,330,305
SRTRANSFIN,20141008,1095.5,1101.0,1095.5,1101.0,110,100
SRTRANSFIN,20141008,1095.5,1101.0,1095.5,1101.0,85,85
SRTRANSFIN,20141008,1095.5,1101.0,1095.5,1101.0,40,40
SRTRANSFIN,20141008,1095.5,1101.0,1095.5,1101.0,125,125
SRTRANSFIN,20141008,1095.5,1101.0,1095.5,1101.0,2,2
SRTRANSFIN,20141008,1095.5,1101.0,1095.5,1101.0,50,50
SRTRANSFIN,20141008,1095.5,1101.0,1095.5,1101.0,30,30
SRTRANSFIN,20141008,1095.5,1101.0,1095.5,1101.0,452,442
SRTRANSFIN,20141008,1095.5,1101.0,1095.5,1101.0,215,215
SRTRANSFIN,20141008,1095.5,1101.0,1095.5,1101.0,200,100
SRTRANSFIN,20141008,1015.0,1015.0,1015.0,1015.0,707169,494281
SRTRANSFIN,20141008,1015.0,1015.0,1015.0,1015.0,30,30
SRTRANSFIN,20141008,1015.0,1015.0,1015.0,1015.0,30,30
SRTRANSFIN,20141008,1015.0,1015.0,1015.0,1015.0,9,9
SRTRANSFIN,20141008,1015.0,1015.0,1015.0,1015.0,13,13
SRTRANSFIN,20141008,1015.0,1015.0,1015.0,1015.0,5,5
SRTRANSFIN,20141008,1015.0,1015.0,1015.0,1015.0,50,50
SRTRANSFIN,20141008,1015.0,1015.0,1015.0,1015.0,230,230
SRTRANSFIN,20141008,1015.0,1015.0,1015.0,1015.0,150,150
SRTRANSFIN,20141008,1015.0,1015.0,1015.0,1015.0,330,305
SRTRANSFIN,20141008,1015.0,1015.0,1015.0,1015.0,110,100
SRTRANSFIN,20141008,1015.0,1015.0,1015.0,1015.0,85,85
SRTRANSFIN,20141008,1015.0,1015.0,1015.0,1015.0,40,40
SRTRANSFIN,20141008,1015.0,1015.0,1015.0,1015.0,125,125
SRTRANSFIN,20141008,1015.0,1015.0,1015.0,1015.0,2,2
SRTRANSFIN,20141008,1015.0,1015.0,1015.0,1015.0,50,50
SRTRANSFIN,20141008,1015.0,1015.0,1015.0,1015.0,30,30
SRTRANSFIN,20141008,1015.0,1015.0,1015.0,1015.0,452,442
SRTRANSFIN,20141008,1015.0,1015.0,1015.0,1015.0,215,215
SRTRANSFIN,20141008,1015.0,1015.0,1015.0,1015.0,200,100
SRTRANSFIN,20141008,1082.0,1082.0,1082.0,1082.0,707169,494281
SRTRANSFIN,20141008,1082.0,1082.0,1082.0,1082.0,30,30
SRTRANSFIN,20141008,1082.0,1082.0,1082.0,1082.0,30,30
SRTRANSFIN,20141008,1082.0,1082.0,1082.0,1082.0,9,9
SRTRANSFIN,20141008,1082.0,1082.0,1082.0,1082.0,13,13
SRTRANSFIN,20141008,1082.0,1082.0,1082.0,1082.0,5,5
SRTRANSFIN,20141008,1082.0,1082.0,1082.0,1082.0,50,50
SRTRANSFIN,20141008,1082.0,1082.0,1082.0,1082.0,230,230
SRTRANSFIN,20141008,1082.0,1082.0,1082.0,1082.0,150,150
SRTRANSFIN,20141008,1082.0,1082.0,1082.0,1082.0,330,305
SRTRANSFIN,20141008,1082.0,1082.0,1082.0,1082.0,110,100
SRTRANSFIN,20141008,1082.0,1082.0,1082.0,1082.0,85,85
SRTRANSFIN,20141008,1082.0,1082.0,1082.0,1082.0,40,40
SRTRANSFIN,20141008,1082.0,1082.0,1082.0,1082.0,125,125
SRTRANSFIN,20141008,1082.0,1082.0,1082.0,1082.0,2,2
SRTRANSFIN,20141008,1082.0,1082.0,1082.0,1082.0,50,50
SRTRANSFIN,20141008,1082.0,1082.0,1082.0,1082.0,30,30
SRTRANSFIN,20141008,1082.0,1082.0,1082.0,1082.0,452,442
SRTRANSFIN,20141008,1082.0,1082.0,1082.0,1082.0,215,215
SRTRANSFIN,20141008,1082.0,1082.0,1082.0,1082.0,200,100
SRTRANSFIN,20141008,1002.95,1005.0,1002.95,1005.0,707169,494281
SRTRANSFIN,20141008,1002.95,1005.0,1002.95,1005.0,30,30
SRTRANSFIN,20141008,1002.95,1005.0,1002.95,1005.0,30,30
SRTRANSFIN,20141008,1002.95,1005.0,1002.95,1005.0,9,9
SRTRANSFIN,20141008,1002.95,1005.0,1002.95,1005.0,13,13
SRTRANSFIN,20141008,1002.95,1005.0,1002.95,1005.0,5,5
SRTRANSFIN,20141008,1002.95,1005.0,1002.95,1005.0,50,50
SRTRANSFIN,20141008,1002.95,1005.0,1002.95,1005.0,230,230
SRTRANSFIN,20141008,1002.95,1005.0,1002.95,1005.0,150,150
SRTRANSFIN,20141008,1002.95,1005.0,1002.95,1005.0,330,305
SRTRANSFIN,20141008,1002.95,1005.0,1002.95,1005.0,110,100
SRTRANSFIN,20141008,1002.95,1005.0,1002.95,1005.0,85,85
SRTRANSFIN,20141008,1002.95,1005.0,1002.95,1005.0,40,40
SRTRANSFIN,20141008,1002.95,1005.0,1002.95,1005.0,125,125
SRTRANSFIN,20141008,1002.95,1005.0,1002.95,1005.0,2,2
SRTRANSFIN,20141008,1002.95,1005.0,1002.95,1005.0,50,50
SRTRANSFIN,20141008,1002.95,1005.0,1002.95,1005.0,30,30
SRTRANSFIN,20141008,1002.95,1005.0,1002.95,1005.0,452,442
SRTRANSFIN,20141008,1002.95,1005.0,1002.95,1005.0,215,215
SRTRANSFIN,20141008,1002.95,1005.0,1002.95,1005.0,200,100
SRTRANSFIN,20141008,1024.0,1024.0,1021.9,1021.93,707169,494281
SRTRANSFIN,20141008,1024.0,1024.0,1021.9,1021.93,30,30
SRTRANSFIN,20141008,1024.0,1024.0,1021.9,1021.93,30,30
SRTRANSFIN,20141008,1024.0,1024.0,1021.9,1021.93,9,9
SRTRANSFIN,20141008,1024.0,1024.0,1021.9,1021.93,13,13
SRTRANSFIN,20141008,1024.0,1024.0,1021.9,1021.93,5,5
SRTRANSFIN,20141008,1024.0,1024.0,1021.9,1021.93,50,50
SRTRANSFIN,20141008,1024.0,1024.0,1021.9,1021.93,230,230
SRTRANSFIN,20141008,1024.0,1024.0,1021.9,1021.93,150,150
SRTRANSFIN,20141008,1024.0,1024.0,1021.9,1021.93,330,305
SRTRANSFIN,20141008,1024.0,1024.0,1021.9,1021.93,110,100
SRTRANSFIN,20141008,1024.0,1024.0,1021.9,1021.93,85,85
SRTRANSFIN,20141008,1024.0,1024.0,1021.9,1021.93,40,40
SRTRANSFIN,20141008,1024.0,1024.0,1021.9,1021.93,125,125
SRTRANSFIN,20141008,1024.0,1024.0,1021.9,1021.93,2,2
SRTRANSFIN,20141008,1024.0,1024.0,1021.9,1021.93,50,50
SRTRANSFIN,20141008,1024.0,1024.0,1021.9,1021.93,30,30
SRTRANSFIN,20141008,1024.0,1024.0,1021.9,1021.93,452,442
SRTRANSFIN,20141008,1024.0,1024.0,1021.9,1021.93,215,215
SRTRANSFIN,20141008,1024.0,1024.0,1021.9,1021.93,200,100
SRTRANSFIN,20141008,1005.0,1014.0,1005.0,1005.0,707169,494281
SRTRANSFIN,20141008,1005.0,1014.0,1005.0,1005.0,30,30
SRTRANSFIN,20141008,1005.0,1014.0,1005.0,1005.0,30,30
SRTRANSFIN,20141008,1005.0,1014.0,1005.0,1005.0,9,9
SRTRANSFIN,20141008,1005.0,1014.0,1005.0,1005.0,13,13
SRTRANSFIN,20141008,1005.0,1014.0,1005.0,1005.0,5,5
SRTRANSFIN,20141008,1005.0,1014.0,1005.0,1005.0,50,50
SRTRANSFIN,20141008,1005.0,1014.0,1005.0,1005.0,230,230
SRTRANSFIN,20141008,1005.0,1014.0,1005.0,1005.0,150,150
SRTRANSFIN,20141008,1005.0,1014.0,1005.0,1005.0,330,305
SRTRANSFIN,20141008,1005.0,1014.0,1005.0,1005.0,110,100
SRTRANSFIN,20141008,1005.0,1014.0,1005.0,1005.0,85,85
SRTRANSFIN,20141008,1005.0,1014.0,1005.0,1005.0,40,40
SRTRANSFIN,20141008,1005.0,1014.0,1005.0,1005.0,125,125
SRTRANSFIN,20141008,1005.0,1014.0,1005.0,1005.0,2,2
SRTRANSFIN,20141008,1005.0,1014.0,1005.0,1005.0,50,50
SRTRANSFIN,20141008,1005.0,1014.0,1005.0,1005.0,30,30
SRTRANSFIN,20141008,1005.0,1014.0,1005.0,1005.0,452,442
SRTRANSFIN,20141008,1005.0,1014.0,1005.0,1005.0,215,215
SRTRANSFIN,20141008,1005.0,1014.0,1005.0,1005.0,200,100
SRTRANSFIN,20141008,1010.0,1010.0,1010.0,1010.0,707169,494281
SRTRANSFIN,20141008,1010.0,1010.0,1010.0,1010.0,30,30
SRTRANSFIN,20141008,1010.0,1010.0,1010.0,1010.0,30,30
SRTRANSFIN,20141008,1010.0,1010.0,1010.0,1010.0,9,9
SRTRANSFIN,20141008,1010.0,1010.0,1010.0,1010.0,13,13
SRTRANSFIN,20141008,1010.0,1010.0,1010.0,1010.0,5,5
SRTRANSFIN,20141008,1010.0,1010.0,1010.0,1010.0,50,50
SRTRANSFIN,20141008,1010.0,1010.0,1010.0,1010.0,230,230
SRTRANSFIN,20141008,1010.0,1010.0,1010.0,1010.0,150,150
SRTRANSFIN,20141008,1010.0,1010.0,1010.0,1010.0,330,305
SRTRANSFIN,20141008,1010.0,1010.0,1010.0,1010.0,110,100
SRTRANSFIN,20141008,1010.0,1010.0,1010.0,1010.0,85,85
SRTRANSFIN,20141008,1010.0,1010.0,1010.0,1010.0,40,40
SRTRANSFIN,20141008,1010.0,1010.0,1010.0,1010.0,125,125
SRTRANSFIN,20141008,1010.0,1010.0,1010.0,1010.0,2,2
SRTRANSFIN,20141008,1010.0,1010.0,1010.0,1010.0,50,50
SRTRANSFIN,20141008,1010.0,1010.0,1010.0,1010.0,30,30
SRTRANSFIN,20141008,1010.0,1010.0,1010.0,1010.0,452,442
SRTRANSFIN,20141008,1010.0,1010.0,1010.0,1010.0,215,215
SRTRANSFIN,20141008,1010.0,1010.0,1010.0,1010.0,200,100
SSLT,20141008,255.0,259.05,249.6,257.2,5955371,2690619
SSWL,20141008,277.25,292.0,272.85,289.65,16987,12111
STAN,20141008,104.4,104.75,102.8,103.05,3406,2516
STAR,20141008,746.1,758.4,741.9,745.15,877214,393347
STCINDIA,20141008,196.15,200.9,195.0,196.15,52955,11357
STERLINBIO,20141008,8.5,8.8,8.35,8.45,123817,82275
STERTOOLS,20141008,365.95,365.95,353.95,360.5,719,519
STINDIA,20141008,7.75,7.75,7.75,7.75,100,100
STOREONE,20141008,57.0,59.5,56.05,57.25,8385,5028
STRTECH,20141008,68.5,70.4,67.05,67.75,373429,170828
STYABS,20141008,569.9,570.2,561.05,563.45,7822,5994
SUBEX,20141008,8.8,8.8,8.4,8.5,497605,306179
SUBROS,20141008,65.5,67.6,64.8,65.25,40308,19935
SUDAR,20141008,42.0,42.75,39.9,40.8,97715,64793
SUDARSCHEM,20141008,104.0,104.0,97.0,98.15,49217,30658
SUJANATWR,20141008,14.75,15.45,14.3,14.45,118179,75958
SUJANAUNI,20141008,2.15,2.2,2.15,2.15,112534,96901
SUMEETINDS,20141008,14.75,15.05,14.55,14.8,13222,11063
SUMMITSEC,20141008,275.2,285.35,272.0,273.05,3670,2418
SUNCLAYLTD,20141008,1581.05,1591.15,1538.15,1558.1,912,710
SUNDARAM,20141008,2.25,2.35,2.2,2.25,146446,102475
SUNDARMFIN,20141008,1301.0,1318.0,1301.0,1308.45,15114,12965
SUNDRMBRAK,20141008,281.55,282.15,271.0,274.75,1501,1233
SUNDRMFAST,20141008,165.55,167.8,158.15,159.7,166118,59544
SUNFLAG,20141008,28.0,29.0,27.55,27.95,20108,17643
SUNILHITEC,20141008,144.0,145.0,140.3,141.9,30018,16028
SUNPHARMA,20141008,827.95,832.0,794.25,800.8,2857203,1577664
SUNTECK,20141008,301.0,310.9,300.8,307.35,35590,22463
SUNTV,20141008,334.45,344.0,331.15,341.75,509191,212196
SUPER,20141008,351.0,351.0,329.05,336.4,382,80
SUPERHOUSE,20141008,280.0,282.0,267.0,268.45,9196,7195
SUPERSPIN,20141008,6.85,6.85,6.85,6.85,10800,10800
SUPPETRO,20141008,85.8,88.1,85.5,87.0,26095,21382
SUPRAJIT,20141008,124.6,127.05,120.05,121.9,68669,45204
SUPREMEIND,20141008,632.7,650.5,632.7,636.5,17614,14986
SUPREMEINF,20141008,291.3,300.05,291.25,298.75,1971,1714
SURANACORP,20141008,17.9,18.0,17.9,17.95,205,205
SURANAIND,20141008,58.85,58.85,58.85,58.85,202,202
SURANAT&P,20141008,46.8,48.9,40.0,46.25,34091,25890
SURANAVEL,20141008,93.75,99.25,89.85,98.15,90732,29346
SURYAJYOTI,20141008,9.5,10.0,9.5,10.0,902,826
SURYALAXMI,20141008,118.05,120.05,110.25,116.1,13236,7263
SURYAROSNI,20141008,90.25,93.0,90.25,91.75,37110,9036
SUTLEJTEX,20141008,387.45,389.95,379.0,383.55,2262,1772
SUVEN,20141008,178.2,185.35,177.0,183.6,884951,300453
SUZLON,20141008,13.85,13.9,13.3,13.3,18437645,7616014
SWANENERGY,20141008,59.75,59.75,58.7,59.0,292802,155050
SWARAJENG,20141008,982.25,1014.0,982.25,1004.1,2761,2362
SWELECTES,20141008,402.05,414.5,402.0,403.5,4027,2880
SYMPHONY,20141008,1311.0,1345.0,1300.0,1322.7,33474,31836
SYNCOM,20141008,7.25,7.25,7.05,7.05,120735,95407
SYNDIBANK,20141008,106.95,110.2,106.7,108.8,1792579,308685
TAINWALCHM,20141008,20.85,20.85,20.5,20.85,9560,9060
TAJGVK,20141008,112.0,112.5,110.0,110.7,14390,9574
TAKE,20141008,41.5,41.65,39.3,39.6,97035,55465
TALBROAUTO,20141008,100.1,103.9,99.0,100.1,17176,12308
TALWALKARS,20141008,206.5,206.5,199.65,203.55,25500,12874
TANLA,20141008,16.05,18.35,15.35,18.35,698520,359619
TANTIACONS,20141008,22.8,23.0,20.8,22.35,632,279
TARAJEWELS,20141008,93.05,96.95,92.0,94.55,8245,4020
TARAPUR,20141008,7.8,7.8,7.65,7.65,1895,1593
TARMAT,20141008,25.25,29.9,25.25,29.9,11242,11192
TATACHEM,20141008,389.0,393.35,385.3,388.9,488480,60158
TATACOFFEE,20141008,930.0,943.0,921.0,927.4,56408,18122
TATACOMM,20141008,373.0,373.55,359.0,362.0,486789,177395
TATAELXSI,20141008,620.2,637.5,615.6,620.0,442772,74577
TATAGLOBAL,20141008,158.0,161.0,157.75,160.25,1524087,438644
TATAINVEST,20141008,560.4,567.8,555.05,555.8,15616,6665
TATAMETALI,20141008,109.9,116.45,109.9,113.6,271246,104543
TATAMOTORS,20141008,507.0,512.7,502.0,509.0,3921022,2096953
TATAMTRDVR,20141008,341.35,345.95,334.1,339.4,1695023,882500
TATAPOWER,20141008,81.1,82.6,81.1,82.35,4300717,2358387
TATASPONGE,20141008,840.0,902.0,837.0,872.7,1049708,98244
TATASTEEL,20141008,437.5,457.8,435.6,456.15,6706169,2513015
TBZ,20141008,156.75,157.95,153.0,154.4,70414,22574
TCI,20141008,213.8,219.6,206.8,210.55,81995,30635
TCIDEVELOP,20141008,251.6,253.0,251.6,253.0,96,96
TCIFINANCE,20141008,31.6,33.9,31.25,31.55,6427,4331
TCS,20141008,2738.0,2739.95,2649.25,2683.2,981221,595170
TDPOWERSYS,20141008,326.0,332.5,320.0,323.8,24393,8311
TECHM,20141008,2514.0,2515.0,2345.0,2396.2,1366345,849680
TECHNO,20141008,270.0,277.75,266.05,275.45,3628,1398
TECHNOFAB,20141008,122.55,124.5,122.5,124.4,404,400
TECPRO,20141008,12.75,12.75,11.6,11.6,20168,18407
TEXINFRA,20141008,41.3,42.5,40.25,41.5,111200,70515
TEXMOPIPES,20141008,17.5,18.0,17.05,17.35,136025,70459
TEXRAIL,20141008,83.95,85.6,82.6,84.45,506523,200062
TFCILTD,20141008,42.5,43.55,41.75,42.1,166853,115488
TGBHOTELS,20141008,58.0,60.0,56.55,58.95,3534,3452
THANGAMAYL,20141008,178.75,178.75,172.8,173.5,666,570
THEBYKE,20141008,313.8,315.35,313.8,314.25,168635,79389
THERMAX,20141008,850.05,859.9,831.0,837.95,121704,97628
THIRUSUGAR,20141008,55.0,63.0,55.0,60.85,131265,25370
THOMASCOOK,20141008,143.0,147.5,143.0,145.25,215986,69488
TI,20141008,44.35,44.35,43.3,43.6,173024,102119
TIDEWATER,20141008,14714.05,14750.0,14612.0,14654.05,623,508
TIIL,20141008,177.0,188.85,177.0,184.35,19510,13611
TIJARIA,20141008,3.15,3.55,3.15,3.55,8869,8500
TIL,20141008,369.2,380.55,367.05,375.15,26642,26088
TIMBOR,20141008,7.35,7.35,6.25,6.5,6408,4663
TIMESGTY,20141008,29.7,32.65,29.7,30.0,945,896
TIMETECHNO,20141008,49.8,50.6,49.1,49.85,200922,104478
TIMKEN,20141008,394.0,401.75,389.1,395.0,74943,27029
TINPLATE,20141008,70.5,72.8,70.5,72.0,129932,50309
TIPSINDLTD,20141008,43.05,51.5,41.7,50.5,74211,45241
TIRUMALCHM,20141008,100.0,102.0,99.55,100.3,9589,5267
TITAN,20141008,397.8,407.7,392.15,402.45,1057046,479878
TNPETRO,20141008,13.05,13.7,13.0,13.3,47311,33711
TNPL,20141008,146.05,148.2,142.7,143.05,74267,55008
TODAYS,20141008,3.45,3.8,3.45,3.5,4050,2526
TOKYOPLAST,20141008,31.4,32.5,30.9,31.85,400,200
TORNTPHARM,20141008,874.85,874.85,846.3,853.8,48361,33417
TORNTPOWER,20141008,130.05,137.7,130.05,136.45,421919,138735
TREEHOUSE,20141008,485.0,512.9,484.5,502.0,33954,8634
TRENT,20141008,1359.3,1389.1,1347.1,1355.3,15462,10656
TRF,20141008,299.95,316.1,291.6,303.5,62324,14154
TRIDENT,20141008,30.95,31.6,29.25,30.5,779138,276965
TRIGYN,20141008,48.0,54.95,45.6,52.9,316561,99981
TRIL,20141008,171.55,176.95,168.35,170.05,2143,1237
TRITURBINE,20141008,87.1,90.2,86.1,87.45,14579,9048
TRIVENI,20141008,22.05,22.75,21.5,21.85,107604,74160
TTKHEALTH,20141008,835.0,865.05,812.05,820.55,15254,6554
TTKPRESTIG,20141008,4010.5,4116.6,3980.1,3992.6,5991,2523
TTL,20141008,45.55,46.9,44.0,45.35,39783,27073
TTML,20141008,9.6,9.95,9.6,9.7,1317137,568927
TUBEINVEST,20141008,319.0,325.0,309.5,320.9,55047,29510
TULSI,20141008,4.7,5.0,4.7,4.8,9776,8164
TV18BRDCST,20141008,27.35,27.6,27.15,27.2,784100,634889
TVSELECT,20141008,36.0,37.0,34.8,34.8,22510,14700
TVSMOTOR,20141008,224.7,227.0,217.5,225.5,2621303,582808
TVSSRICHAK,20141008,963.0,1049.9,963.0,993.75,9161,4391
TVTODAY,20141008,214.05,221.9,213.1,215.05,335691,103575
TWL,20141008,203.0,214.0,200.05,205.2,28460,8862
UBHOLDINGS,20141008,24.5,25.0,24.3,24.45,112020,54921
UBL,20141008,698.7,711.7,698.7,702.1,50061,27091
UCALFUEL,20141008,80.95,81.3,79.0,79.95,16234,12301
UCOBANK,20141008,77.85,80.7,77.85,80.2,2224732,537776
UFLEX,20141008,145.85,147.95,145.0,146.85,100724,51725
UJAAS,20141008,21.5,24.25,21.25,21.45,579846,214686
ULTRACEMCO,20141008,2573.7,2588.0,2527.0,2549.1,150908,99950
UMESLTD,20141008,4.1,4.15,4.1,4.15,622,622
UNICHEMLAB,20141008,219.1,221.85,216.25,217.3,27899,15292
UNIENTER,20141008,27.1,28.75,26.7,26.75,819,521
UNIONBANK,20141008,188.9,196.9,188.1,195.35,3915455,853822
UNIPLY,20141008,7.05,7.45,7.05,7.45,1101,1100
UNITECH,20141008,19.2,19.9,19.0,19.55,49547149,8101810
UNITEDBNK,20141008,40.0,41.0,40.0,40.35,227894,76752
UNITEDTEA,20141008,227.2,227.2,227.0,227.0,40,40
UNITY,20141008,22.6,22.85,22.2,22.5,105951,78471
UPERGANGES,20141008,42.0,42.0,35.7,39.95,5,1
UPL,20141008,335.65,342.95,334.6,338.75,393842,131063
USHAMART,20141008,22.75,23.0,22.2,22.35,221326,151173
USHERAGRO,20141008,44.35,44.35,42.75,43.2,111697,82051
UTTAMSTL,20141008,71.0,72.8,70.65,71.5,67941,27048
UTTAMSUGAR,20141008,16.25,16.85,16.0,16.7,3317,2893
UTTAMVALUE,20141008,7.5,8.0,7.5,7.65,26452,17047
VADILALIND,20141008,202.8,208.8,200.6,205.7,5562,3609
VAIBHAVGBL,20141008,870.0,878.9,862.0,864.8,4195,3281
VAKRANGEE,20141008,125.05,125.2,123.15,123.95,622862,215254
VALECHAENG,20141008,67.05,69.35,67.05,68.15,11749,8503
VALUEIND,20141008,11.5,11.7,11.25,11.5,5039,3489
VARDHACRLC,20141008,22.0,22.05,21.2,21.55,42232,38026
VARDMNPOLY,20141008,51.0,52.9,51.0,51.25,807,806
VARUNSHIP,20141008,7.1,7.3,7.0,7.05,143160,73468
VASCONEQ,20141008,23.55,24.7,23.0,23.3,831,800
VASWANI,20141008,3.75,3.95,3.65,3.65,7701,7668
VENKEYS,20141008,529.6,551.4,525.55,531.55,32740,8231
VENUSREM,20141008,259.9,262.45,254.0,254.95,68076,28797
VESUVIUS,20141008,712.0,734.0,699.95,727.8,4550,3313
VGUARD,20141008,885.0,936.8,874.45,910.7,123316,36860
VHL,20141008,725.55,750.0,725.55,725.55,251,191
VICEROY,20141008,19.9,19.9,18.65,18.9,49557,34742
VIDEOIND,20141008,164.0,168.8,164.0,167.05,198829,72077
VIJAYABANK,20141008,46.05,46.95,45.9,46.2,437771,251775
VIJSHAN,20141008,14.2,14.35,13.65,13.7,9925,5771
VIKASGLOB,20141008,17.9,18.0,16.5,17.4,127117,50079
VIMALOIL,20141008,183.5,184.9,179.0,181.9,7990,3726
VIMTALABS,20141008,89.1,93.0,89.1,90.75,46617,20798
VINATIORGA,20141008,413.1,427.0,412.05,414.65,6109,3963
VINDHYATEL,20141008,450.05,465.0,449.75,454.25,1672,1474
VINYLINDIA,20141008,41.25,42.5,38.0,40.85,7433,4878
VIPIND,20141008,106.8,113.0,106.8,110.3,1238883,537114
VIPUL,20141008,29.95,32.0,29.95,31.85,119442,98175
VISAKAIND,20141008,116.0,117.8,114.1,116.3,9490,6471
VISASTEEL,20141008,19.0,19.3,18.05,18.55,2082,1645
VISESHINFO,20141008,0.25,0.25,0.2,0.2,733857,732017
VIVIDHA,20141008,343.0,394.0,343.0,384.85,17170,6801
VIVIMEDLAB,20141008,405.15,408.0,395.0,400.0,14643,8088
VKSPL,20141008,0.35,0.4,0.3,0.3,21405023,17680808
VLSFINANCE,20141008,26.2,27.4,26.2,26.45,13799,9362
VMART,20141008,526.0,604.2,526.0,590.65,86762,38458
VOLTAMP,20141008,669.75,669.75,654.95,665.75,3250,2573
VOLTAS,20141008,232.4,237.15,227.9,231.2,2379095,625437
VSSL,20141008,40.0,40.0,36.0,36.0,177,172
VSTIND,20141008,1690.25,1698.95,1676.0,1682.3,9757,8745
VSTTILLERS,20141008,1580.0,1580.0,1530.0,1548.8,6116,5312
VTL,20141008,424.9,430.0,411.0,414.05,49336,30901
VTMLTD,20141008,23.5,24.25,23.45,24.25,1680,1680
WABAG,20141008,1685.0,1701.95,1600.0,1609.95,60469,41594
WABCOINDIA,20141008,3929.95,3949.5,3856.7,3909.5,1151,821
WALCHANNAG,20141008,101.7,106.0,101.7,103.65,65936,26230
WEBELSOLAR,20141008,18.0,18.45,17.0,17.45,2890,2705
WEIZFOREX,20141008,138.05,144.2,130.0,139.55,5592,2958
WEIZMANIND,20141008,10.0,11.6,10.0,10.95,2152,2102
WELCORP,20141008,75.0,79.45,74.1,77.85,199886,127408
WELENTRP,20141008,160.95,175.0,160.95,167.9,5516,4999
WELINV,20141008,35.0,39.4,35.0,36.25,12253,25
WELPROJ,20141008,21.75,21.75,19.8,20.5,14321,11310
WELSPUNIND,20141008,285.1,314.8,282.1,300.75,98690,41794
WENDT,20141008,1545.0,1550.0,1542.0,1546.8,90,78
WHEELS,20141008,889.0,895.0,864.0,880.05,7982,2951
WHIRLPOOL,20141008,426.5,435.95,424.05,428.0,40587,30887
WILLAMAGOR,20141008,62.0,63.0,61.15,62.8,3503,3203
WINDMACHIN,20141008,31.6,32.5,31.6,31.65,3897,3344
WINSOME,20141008,2.0,2.1,2.0,2.05,31565,26862
WINSOMEDJ,20141008,1.55,1.55,1.45,1.45,227511,180189
WIPRO,20141008,617.0,618.85,589.15,593.55,2326749,1342049
WOCKPHARMA,20141008,792.1,799.7,775.75,782.25,761857,128429
WONDERLA,20141008,291.85,294.85,288.0,289.5,109260,44524
WSI,20141008,13.7,13.7,13.7,13.7,10,10
WSTCSTPAPR,20141008,57.5,60.0,57.3,58.2,55708,19820
WYETH,20141008,1108.5,1108.65,1072.05,1079.15,8930,5090
XCHANGING,20141008,42.9,44.25,39.6,40.3,18623,12686
XLENERGY,20141008,3.4,3.45,3.2,3.3,17242,16538
XPROINDIA,20141008,35.0,36.9,34.3,35.5,5639,3179
YESBANK,20141008,545.6,557.95,545.1,553.95,1345461,248374
ZANDUREALT,20141008,2185.05,2209.9,2145.0,2160.05,5771,1548
ZEEL,20141008,306.0,311.5,303.25,309.6,3095832,2387693
ZEEL,20141008,306.0,311.5,303.25,309.6,15231,15231
ZEEL,20141008,0.8,0.8,0.8,0.8,3095832,2387693
ZEEL,20141008,0.8,0.8,0.8,0.8,15231,15231
ZEELEARN,20141008,33.8,34.65,33.25,34.2,123727,58427
ZEEMEDIA,20141008,16.7,17.25,16.7,17.0,402135,153447
ZENITHBIR,20141008,1.0,1.05,1.0,1.0,23700,23700
ZENITHCOMP,20141008,6.05,6.5,6.0,6.5,6955,5800
ZENITHEXPO,20141008,62.5,62.5,62.5,62.5,300,300
ZENITHINFO,20141008,2.6,2.75,2.55,2.55,12050,11069
ZENSARTECH,20141008,614.95,628.0,608.45,624.75,110964,36987
ZICOM,20141008,109.0,113.0,105.0,109.25,41738,31585
ZODIACLOTH,20141008,390.65,393.0,390.0,391.4,1563,1150
ZODJRDMKJ,20141008,37.55,37.55,37.5,37.5,196,196
ZUARI,20141008,195.2,203.75,195.2,202.95,6222,4303
ZUARIGLOB,20141008,90.75,92.0,90.0,91.15,12324,8050
ZYDUSWELL,20141008,633.15,644.0,622.2,628.6,20666,17751
ZYLOG,20141008,7.3,7.4,7.15,7.2,153812,95516
