SYMBOL,TIMESTAMP,OPEN,HIGH,LOW,CLOSE,VOLUME,DELIVERY
AARTIDRUGS,20040120,95.4,95.4,90.0,91.55,35272,6559
AARTIIND,20040120,222.0,227.7,212.0,214.95,36014,17056
ABANLLOYD,20040120,459.9,459.9,438.25,440.1,2264,1904
ABB,20040120,715.0,744.9,695.05,708.4,72782,51361
ABSHEKINDS,20040120,19.1,19.6,19.0,19.1,143161,87089
ABSIND,20040120,129.8,131.0,123.75,124.55,35157,30645
ACC,20040120,259.0,263.5,245.65,251.0,5676326,616754
ADANIEXPO,20040120,384.2,392.85,368.55,373.5,42925,5569
ADLABSFILM,20040120,132.0,137.0,125.5,126.8,151590,73820
ADVANIORLI,20040120,41.25,41.7,40.4,40.5,4191,2523
AEGISCHEM,20040120,23.4,23.4,22.25,22.35,4326,3188
AFTEKINFO,20040120,438.7,476.3,434.0,468.3,277089,144701
AGEEGOLD,20040120,29.1,29.4,27.7,28.5,3900,2700
AGRODUTCH,20040120,34.6,36.0,34.6,34.9,31100,22377
AHMEDELEC,20040120,119.9,121.0,109.0,111.45,74212,30252
AHMEDFORGE,20040120,101.3,103.4,99.95,99.95,16261,14221
AJANTPHARM,20040120,60.0,61.7,57.5,58.25,34930,18718
AKSHOPTFBR,20040120,21.0,21.6,19.9,20.1,55788,26297
ALBK,20040120,32.95,33.2,31.5,31.75,1351518,622045
ALEMBICLTD,20040120,364.5,364.5,355.2,357.75,6951,6410
ALFALAVAL,20040120,574.95,574.95,560.0,563.25,1119,907
ALOKTEXT,20040120,55.65,56.65,54.75,56.65,335796,269635
ALPSINDUS,20040120,50.1,52.0,49.05,49.8,46630,14067
AMARAJABAT,20040120,81.9,83.0,81.0,81.7,27381,18695
AMBUJARAJN,20040120,7.15,7.35,7.0,7.1,178598,117934
AMITSPIN,20040120,4.75,4.75,4.05,4.3,3492,3290
AMTEKAUTO,20040120,441.7,455.0,418.25,424.6,17700,11161
AMTREXAPPL,20040120,26.4,27.0,26.25,26.4,8900,8450
ANDHRABANK,20040120,59.0,59.0,55.0,55.8,1158843,388257
ANDHRSUGAR,20040120,68.0,69.5,65.0,65.45,51482,39790
ANTGRAPHIC,20040120,4.6,5.15,4.5,4.6,22442,20611
APCOTEXLAT,20040120,43.9,43.9,41.65,43.3,1602,1206
APIL,20040120,117.25,120.9,110.1,112.35,69821,38617
APOLLOHOSP,20040120,183.5,184.0,175.0,175.75,112791,38744
APOLLOTYRE,20040120,279.0,282.7,273.55,275.25,53445,32997
APTECHT,20040120,83.8,85.0,78.25,79.7,179225,74468
ARCHIES,20040120,76.0,76.0,70.15,71.9,17873,13085
ARHAMFISCL,20040120,12.8,13.0,12.0,12.25,59134,43690
ARL,20040120,3.05,3.05,2.9,2.95,770937,506439
ARVINDMILL,20040120,65.4,65.85,62.0,62.8,948156,430212
ASAHIINDIA,20040120,142.25,142.6,134.05,135.85,47188,29284
ASAL,20040120,80.65,80.65,77.6,80.6,16955,14445
ASHAPURMIN,20040120,158.95,159.0,150.4,151.7,2112,1477
ASHIMASYN,20040120,21.5,22.0,21.1,21.35,8225,7000
ASHKLEYFIN,20040120,104.25,104.25,100.9,101.35,18137,13291
ASHOKLEY,20040120,309.8,309.8,295.0,299.85,237157,113793
ASIANELEC,20040120,70.0,70.5,66.0,66.6,11919,9406
ASIANHOTEL,20040120,170.0,180.0,167.65,177.85,7179,6169
ASIANPAINT,20040120,340.0,341.9,330.15,335.85,30376,26924
ASTRAIDL,20040120,1060.0,1095.0,1060.0,1075.0,219,194
ATCOIND,20040120,12.1,12.6,11.5,11.9,32869,22832
ATLASCYCLE,20040120,87.0,90.0,83.1,84.1,4665,4079
ATNINT,20040120,5.3,5.3,4.8,4.9,216191,188811
ATULPROD,20040120,55.0,56.25,53.2,53.55,14370,11365
AUROPHARMA,20040120,418.0,424.5,409.0,415.15,136731,72841
AUTOAXLES,20040120,268.7,268.75,257.0,259.65,2242,2151
AUTORIDFIN,20040120,3.1,3.1,2.55,2.8,17294,15093
AVENTIS,20040120,709.95,709.95,671.2,681.6,3395,2326
AZTEC,20040120,36.0,37.7,31.5,32.1,370149,159385
BAGFILMS,20040120,11.05,11.7,10.5,10.7,92317,56206
BAJAJAUTO,20040120,1098.0,1098.0,1020.0,1072.9,408812,294944
BAJAJHIND,20040120,345.0,349.9,310.0,330.2,9133,4176
BAJAJPLAST,20040120,4.9,4.9,3.5,3.65,6605,6045
BAJAUTOFIN,20040120,88.7,89.25,86.25,86.9,3477,2445
BALAJIDIST,20040120,5.6,5.85,5.0,5.05,40246,32750
BALAJITELE,20040120,106.4,107.5,100.5,102.3,298898,138719
BALASPONGE,20040120,29.5,30.4,26.55,26.95,429961,243646
BALMLAWRIE,20040120,124.75,124.75,120.0,120.8,8293,7776
BALRAMCHIN,20040120,275.0,280.0,255.1,266.55,94312,68889
BANARISUG,20040120,312.2,320.0,310.0,310.5,2841,2219
BANKBARODA,20040120,244.0,246.4,227.0,231.0,744817,104674
BANKINDIA,20040120,74.9,74.9,68.25,69.15,2677035,847491
BANKPUNJAB,20040120,33.55,33.85,31.9,32.2,604616,326983
BANKRAJAS,20040120,42.0,42.5,40.9,41.1,647647,404278
BASF,20040120,166.0,167.0,161.3,162.95,13006,10715
BATAINDIA,20040120,62.0,62.8,57.8,58.4,140675,82290
BBTC,20040120,86.0,90.0,79.05,80.4,2045,1270
BEL,20040120,620.0,620.0,575.15,585.3,95759,60091
BEML,20040120,221.35,222.4,212.65,213.65,197367,57574
BERGEPAINT,20040120,174.9,179.0,174.45,174.75,16318,14069
BFLSOFTWAR,20040120,704.0,704.95,631.7,651.55,46152,42996
BGFL,20040120,44.55,45.0,42.55,42.9,12474,10969
BHARATFORG,20040120,785.5,797.9,750.15,760.2,59269,40759
BHARATGEAR,20040120,28.0,28.75,26.5,26.85,12056,10383
BHARATRAS,20040120,36.85,36.85,28.1,28.7,4097,3869
BHARTI,20040120,119.0,125.0,116.25,118.25,9159099,4505871
BHEL,20040120,572.85,577.5,535.25,544.35,681919,242335
BHUSANSTL,20040120,101.5,103.0,96.0,97.0,82685,31118
BIL,20040120,47.0,49.75,46.0,46.55,7800,4400
BILT,20040120,72.45,73.0,69.0,69.25,296767,154971
BINDALAGRO,20040120,6.7,7.0,6.5,6.6,65568,50276
BIRLA3M,20040120,450.0,450.0,436.0,438.65,433,420
BIRLAERIC,20040120,21.7,22.4,20.55,20.7,48536,25795
BIRLAJUTE,20040120,66.0,66.25,62.5,62.9,296470,171266
BLBLIMITED,20040120,8.8,8.9,8.5,8.55,5038,4537
BLUEDART,20040120,171.95,171.95,165.0,165.2,17892,10655
BLUESTARCO,20040120,143.0,145.05,137.0,138.6,17089,10573
BLUESTINFO,20040120,203.0,211.45,203.0,209.1,21265,15115
BOMDYEING,20040120,159.9,161.5,149.05,151.05,127679,69121
BONGAIREFN,20040120,81.6,82.5,77.5,78.0,911526,371660
BPCL,20040120,478.15,487.45,466.0,475.3,731829,204859
BPL,20040120,52.1,53.5,49.55,50.1,172550,68321
BPLENGG,20040120,6.5,6.95,6.4,6.45,22450,19200
BPLREFRIG,20040120,2.75,2.75,2.25,2.45,1403,1399
BPLSANTECH,20040120,2.65,2.65,2.35,2.35,2750,2690
BPLSANUTIL,20040120,3.6,3.6,2.9,3.0,3507,3202
BRITANNIA,20040120,665.0,684.8,665.0,679.9,9124,7969
BSELINFO,20040120,44.25,44.3,41.5,43.7,30670,18516
BSES,20040120,540.0,560.25,520.0,526.75,539863,206636
BSL,20040120,34.2,34.2,34.0,34.0,205,205
CADILAHC,20040120,395.0,401.0,381.0,385.95,222265,120368
CANBK,20040120,160.95,161.8,147.5,149.85,3775933,533468
CANFINHOME,20040120,47.4,47.4,45.65,46.25,48639,40362
CARBORUNIV,20040120,240.0,241.4,225.0,229.1,4457,3825
CEAT,20040120,66.9,66.9,58.5,59.2,67129,37933
CENTENKA,20040120,161.5,162.7,152.3,154.1,27465,19510
CENTURION,20040120,23.7,25.2,23.25,24.5,7083488,2358926
CENTURYTEX,20040120,123.85,127.9,122.05,124.15,274476,143180
CESC,20040120,138.5,141.5,124.0,127.2,490379,214000
CGIGARSH,20040120,82.5,88.4,82.5,86.5,9709,6816
CHAMBLFERT,20040120,22.85,22.95,21.5,21.6,670911,445133
CHAMPDANY,20040120,56.25,56.25,53.3,53.3,751,650
CHEMPLAST,20040120,33.25,36.6,33.25,34.9,5629,4177
CHENNPETRO,20040120,85.0,86.3,82.0,82.9,127615,66162
CHESLINTEX,20040120,26.2,27.4,25.4,25.6,27928,18191
CHLORIDIND,20040120,146.0,148.0,144.0,146.0,48424,35642
CHOLAINV,20040120,82.95,83.75,81.0,81.05,21679,17907
CIMCOBIRLA,20040120,3.15,3.4,3.15,3.4,1423,913
CINEVISTA,20040120,44.1,44.1,39.2,39.95,6653,5520
CIPL,20040120,8.45,8.5,8.15,8.2,22000,22000
CIPLA,20040120,1360.0,1368.9,1306.25,1320.15,73059,34259
CLARIANT,20040120,205.0,212.95,202.25,203.85,3733,3545
CMC,20040120,634.1,640.0,616.0,634.4,7020,5766
COATESIND,20040120,137.9,137.9,127.25,129.95,1083,933
COCHINREFN,20040120,180.4,182.0,174.1,175.0,155588,71229
COLGATE,20040120,153.95,154.4,150.0,150.8,99497,56238
COLORCHEM,20040120,254.05,260.5,254.05,255.2,3232,2427
COMPUDYNE,20040120,18.9,19.45,17.55,18.05,96353,58201
COMPUTECH,20040120,10.25,10.7,9.7,9.8,66421,43285
CONCOR,20040120,605.0,658.9,605.0,650.25,7640,7120
CONSCOFFEE,20040120,159.95,161.5,152.3,153.3,3418,2934
COREPARENT,20040120,6.2,6.35,5.8,5.8,27294,23275
COROMNFERT,20040120,161.95,161.95,148.5,149.9,5095,4659
CORPBANK,20040120,288.35,294.0,273.2,287.85,316680,173817
COSMOFILMS,20040120,90.0,91.5,87.5,88.4,53177,24257
CRESTCOMM,20040120,53.5,53.9,51.15,52.05,165409,120236
CRISIL,20040120,525.0,540.0,525.0,536.25,1330,1320
CROMPGREAV,20040120,156.6,158.55,152.0,154.1,111137,85878
CUB,20040120,78.0,78.95,76.1,76.75,33971,17210
CYBERTECH,20040120,7.95,7.95,7.55,7.8,4377,4152
D-LINK,20040120,193.3,196.8,189.6,193.1,139050,55860
DABUR,20040120,96.0,96.0,93.0,93.95,230501,141065
DALALSTCOM,20040120,0.7,0.75,0.7,0.75,23750,23750
DALMIACEM,20040120,295.0,295.0,278.75,280.55,1451,1151
DCM,20040120,16.0,16.1,15.5,15.6,17667,15714
DCMFINSERV,20040120,2.5,2.65,2.35,2.4,13200,12200
DCMSRMCONS,20040120,255.0,255.0,229.05,249.45,10205,7806
DCW,20040120,37.35,37.5,35.3,35.6,95728,50547
DEEPAKFERT,20040120,41.0,42.45,39.05,39.55,191201,118678
DENABANK,20040120,31.95,32.3,30.4,30.9,461204,273156
DEWANHOUS,20040120,28.8,29.8,24.0,26.4,17681,14535
DGPWINDSOR,20040120,5.25,5.65,5.05,5.4,2655,2655
DHAMPURSUG,20040120,24.85,25.2,24.0,24.35,45810,35420
DHARSUGAR,20040120,6.3,6.3,6.0,6.1,6109,4309
DIGITALEQP,20040120,784.0,790.7,771.0,784.0,119907,75759
DIVISLAB,20040120,1470.0,1497.0,1411.0,1431.3,25587,6912
DREDGECORP,20040120,521.0,579.2,481.0,535.4,649,539
DRREDDY,20040120,1389.0,1389.0,1335.0,1342.7,101133,53260
DYNACONS,20040120,0.5,0.55,0.45,0.5,180975,160975
E-SERVEINT,20040120,749.85,768.9,721.3,735.0,11406,9263
EASTSILK,20040120,83.0,83.65,79.0,80.1,8131,4718
EASUNREYRL,20040120,68.0,69.85,65.25,65.45,1350,1100
EICHERLTD,20040120,115.0,117.0,114.0,115.45,3387,2340
EICHERMOT,20040120,250.0,257.0,241.0,244.7,9167,5462
EIDPARRY,20040120,206.0,208.0,190.0,192.45,29505,16511
EIHOTEL,20040120,300.25,310.7,300.25,309.4,19049,18086
EIMCOELECO,20040120,87.5,87.5,86.0,86.0,250,250
ELDERPHARM,20040120,154.5,154.5,138.65,142.1,132796,58759
ELECTCAST,20040120,404.0,404.0,382.15,394.15,36905,24334
ELGIEQUIP,20040120,67.5,67.55,63.4,64.25,64164,40226
ELGITYRE,20040120,311.95,316.0,293.15,305.25,5073,3687
EMERCK,20040120,421.65,421.65,395.4,396.75,2074,1266
ENGINERSIN,20040120,449.0,459.0,440.1,442.35,92340,49410
ESABINDIA,20040120,68.9,68.9,64.0,65.2,20355,16490
ESCORTS,20040120,96.5,97.7,89.2,91.05,800326,223388
ESSARGUJ,20040120,23.05,23.85,22.5,22.95,4777365,941828
ESSELPACK,20040120,273.95,274.9,266.1,269.0,26906,19987
ETCNETWORK,20040120,55.45,56.75,54.7,56.05,96933,62422
ETERNEVRST,20040120,96.1,96.5,89.0,89.2,4995,3650
EUROTEXIND,20040120,27.25,27.6,26.5,26.55,7874,5050
FACT,20040120,33.35,34.8,33.0,33.2,7963,7068
FAGBEARING,20040120,128.75,131.0,126.1,130.35,36768,34710
FDC,20040120,92.1,93.75,85.05,86.25,145926,65583
FEDERALBNK,20040120,279.95,286.3,266.1,271.35,380556,115123
FINCABLES,20040120,167.0,167.0,152.0,153.15,105774,49536
FINPIPE,20040120,66.0,74.15,66.0,67.55,202850,112012
FIRSTLEASE,20040120,25.6,26.0,25.25,25.4,24300,22200
FLEX,20040120,46.85,47.7,44.4,45.25,137879,83596
FLEXCHEM,20040120,27.35,27.35,27.35,27.35,160,160
FLEXENGG,20040120,20.5,21.0,20.3,20.6,14596,11595
FOSECOIND,20040120,260.0,264.0,250.0,251.3,1546,1275
FUJITSICIM,20040120,138.0,140.85,130.0,131.15,79463,21268
GAEL,20040120,25.7,25.7,23.05,23.3,7643,6631
GAIL,20040120,205.15,236.45,205.15,218.25,12354775,2292015
GAMMONIND,20040120,435.95,438.5,413.0,436.45,4750,4387
GARDENSILK,20040120,59.75,60.9,56.5,57.5,60903,45236
GEOMETRIC,20040120,546.0,563.45,526.2,529.7,120572,33352
GEORGWILIM,20040120,98.25,101.0,92.0,94.9,16928,10550
GESCOCORP,20040120,26.0,27.5,25.15,25.4,9225,7384
GESHIPPING,20040120,164.0,167.0,157.0,158.7,450549,212588
GHCL,20040120,28.0,28.7,27.25,27.45,92753,62089
GICHSGFIN,20040120,37.0,37.0,35.0,35.7,65810,44870
GINNIFILA,20040120,13.5,13.5,12.75,12.85,19951,16927
GIPCL,20040120,69.7,70.7,64.0,64.95,176386,91151
GKW,20040120,8.5,9.0,7.75,7.9,53945,38225
GLAXO,20040120,600.05,615.0,593.0,602.8,60495,44305
GLENMARK,20040120,166.6,173.95,161.15,163.6,364703,94713
GLOBALTELE,20040120,128.0,132.0,120.4,122.3,4711519,804200
GLOBLTRUST,20040120,32.8,32.9,30.65,31.2,1227256,586771
GMBREW,20040120,9.15,9.15,9.15,9.15,400,400
GMDCLTD,20040120,261.0,268.0,257.0,263.55,133815,91108
GNFC,20040120,67.1,68.35,64.5,65.2,116822,55323
GODAVRFERT,20040120,60.1,61.5,58.0,58.3,3328,2576
GODFRYPHLP,20040120,462.75,472.0,462.0,462.3,4207,3837
GODREJCP,20040120,178.9,179.0,170.0,172.85,9479,6649
GODREJIND,20040120,61.0,61.0,58.0,59.0,6004,3505
GOETZEIND,20040120,97.7,99.25,92.15,93.35,39560,23795
GOLDTECH,20040120,30.75,31.9,28.15,28.95,238569,126942
GOLDTELE,20040120,7.2,7.5,7.1,7.3,44622,26596
GOODLASNER,20040120,459.95,460.0,438.1,443.5,4055,2555
GPELECT,20040120,14.35,15.0,14.35,15.0,272,161
GRANDFONRY,20040120,4.6,4.7,3.2,3.25,327309,233593
GRAPHITE,20040120,135.45,136.8,129.25,130.75,82191,61261
GRASIM,20040120,1061.15,1182.9,1061.15,1125.8,456175,233692
GSFC,20040120,63.85,66.0,59.55,60.1,339142,160208
GSKCONS,20040120,296.0,299.95,292.15,297.7,11094,7202
GTCIND,20040120,23.0,23.0,21.8,22.0,23192,14952
GTNTEXT,20040120,48.9,48.9,42.5,43.05,16458,13703
GUJALKALI,20040120,54.65,54.95,52.1,53.0,35096,25762
GUJAMBCEM,20040120,313.9,313.9,292.35,298.15,1511140,612686
GUJFLUORO,20040120,173.0,175.0,168.0,168.45,9501,7985
GUJRATGAS,20040120,544.1,547.85,526.55,530.2,4588,3570
GUJSIDHCEM,20040120,7.6,7.85,7.35,7.5,177354,112102
HARRMALAYA,20040120,42.75,45.6,39.3,40.4,33480,22463
HARYANSHET,20040120,7.35,7.35,7.1,7.1,700,700
HAVELLS,20040120,152.85,155.0,130.7,146.25,70101,12798
HCL-INSYS,20040120,519.0,529.0,503.0,523.35,121840,61189
HCLTECH,20040120,323.25,326.95,307.1,309.7,946644,223357
HDFC,20040120,668.0,682.0,641.1,656.45,510343,352295
HDFCBANK,20040120,371.0,380.85,368.0,369.85,709717,521812
HEG,20040120,109.35,112.9,107.1,108.7,88220,45459
HERDILCHEM,20040120,59.25,59.25,58.5,58.55,500,250
HERITGFOOD,20040120,104.85,104.9,101.05,101.65,26709,19374
HEROHONDA,20040120,487.0,499.5,477.0,481.9,1593393,621926
HEXAWARE,20040120,362.0,366.0,348.55,351.45,178348,22971
HIKAL,20040120,345.5,345.5,338.1,342.05,1920,1855
HIMATSEIDE,20040120,315.0,328.5,314.0,324.4,16993,16067
HINDALC0,20040120,1407.7,1421.9,1350.0,1366.05,329543,257249
HINDCOMPOS,20040120,31.05,33.25,28.45,30.0,2740,1460
HINDDORROL,20040120,38.0,38.0,32.6,36.95,2770,501
HINDINKS,20040120,647.0,658.9,615.0,620.4,16933,10095
HINDLEVCHM,20040120,350.0,350.0,321.65,322.95,13851,10863
HINDLEVER,20040120,207.9,208.15,202.65,204.0,1834933,830056
HINDLEVER,20040120,207.9,208.15,202.65,204.0,29166,29165
HINDLEVER,20040120,7.4,7.4,6.4,6.41,1834933,830056
HINDLEVER,20040120,7.4,7.4,6.4,6.41,29166,29165
HINDMOTOR,20040120,19.1,19.7,18.25,18.45,2763236,1018839
HINDOILEXP,20040120,52.0,52.7,49.6,50.25,285615,128014
HINDPETRO,20040120,440.05,448.95,432.3,438.25,2159638,976458
HINDSANIT,20040120,225.0,229.45,223.0,227.35,12068,10358
HINDSPG,20040120,18.2,18.2,17.0,17.0,2285,1911
HINDSYNTEX,20040120,8.65,8.8,8.25,8.4,2600,1100
HITECHGEAR,20040120,204.05,207.8,200.0,207.6,556,550
HMT,20040120,25.75,25.8,24.25,24.35,44255,24903
HOCL,20040120,22.5,23.85,21.2,22.35,203361,82184
HOTELEELA,20040120,63.85,63.85,59.2,59.9,218619,95547
HTMT,20040120,339.7,349.4,317.0,328.15,299890,68718
HUGHESSOFT,20040120,564.4,570.0,544.0,547.55,44609,16035
HYDRBADIND,20040120,25.0,25.0,23.65,23.65,2800,2363
I-FLEX,20040120,771.0,778.0,731.1,740.25,144878,63244
IBP,20040120,750.0,789.0,710.1,723.55,31332,17851
ICI,20040120,192.5,193.0,189.0,189.1,5991,4217
ICICIBANK,20040120,303.0,306.5,292.05,296.0,1583403,733689
IDBI,20040120,69.5,71.8,67.8,68.55,1498724,609256
IDBIBANK,20040120,54.45,57.8,54.45,56.2,645210,312001
IFBAGRO,20040120,9.75,9.75,9.1,9.3,3550,3550
IFBIND,20040120,5.3,5.35,4.85,4.85,9290,6460
IFCI,20040120,19.85,20.2,19.05,19.3,8388762,2377636
IFGLREFRAC,20040120,19.5,20.0,18.0,18.95,12679,12173
IGFLFERT,20040120,109.4,110.9,106.05,107.2,46179,28559
IGL,20040120,113.8,119.0,110.5,111.45,2820082,551094
INDGYPSUM,20040120,86.25,89.45,86.0,86.0,617,617
INDHOTEL,20040120,444.0,468.0,444.0,463.0,42437,33590
INDIACEM,20040120,45.9,47.5,44.1,44.95,1466048,522020
INDIAFOILS,20040120,12.4,13.2,12.4,12.7,10585,7003
INDIANCARD,20040120,94.75,95.1,93.0,93.3,2775,2275
INDIANHUME,20040120,3099.0,3099.0,2980.0,3058.0,79,63
INDLMETER,20040120,17.7,17.7,16.25,16.45,2800,1800
INDNIPPON,20040120,427.4,427.4,405.0,405.05,9652,7797
INDORAMA,20040120,103.25,103.25,89.0,90.3,604958,420599
INDORAMTEX,20040120,27.9,27.9,25.55,26.15,33674,28095
INDRAMEDCO,20040120,20.7,22.15,20.7,21.05,135381,107825
INDRAYON,20040120,242.5,245.0,234.0,236.0,106082,71391
INDSHAVING,20040120,710.0,722.0,710.0,712.75,2814,2157
INDSWFTLAB,20040120,47.35,48.5,45.1,45.6,156907,56975
INDUJENERT,20040120,1.6,1.6,1.4,1.4,8362,8362
INDUSINDBK,20040120,48.4,49.0,46.1,46.8,682404,370997
INFOSYSTCH,20040120,5525.0,5620.0,5376.0,5410.55,368921,77896
INFOTECENT,20040120,189.45,196.9,181.2,184.4,758825,142961
INGERRAND,20040120,269.25,274.5,266.05,268.3,7061,4844
INVESTCORP,20040120,245.0,247.8,237.0,239.05,14934,10687
IOB,20040120,42.0,44.0,40.5,41.1,1217420,564106
IOC,20040120,505.0,511.4,472.0,479.05,733126,240544
IOL,20040120,52.0,52.0,49.0,49.55,46796,33928
IPCALAB,20040120,580.1,595.0,560.1,563.8,10422,6698
IPCL,20040120,208.0,211.2,195.0,198.3,1238872,326784
IPITATASPO,20040120,137.15,138.5,128.1,129.65,161613,85248
IT&T,20040120,14.8,15.05,14.3,14.35,21642,12091
ITC,20040120,1145.0,1153.95,1105.0,1121.1,388319,198450
ITI,20040120,22.0,22.85,21.2,21.45,298929,110251
IVC,20040120,65.4,65.4,62.05,62.5,4329,3997
IVP,20040120,40.0,43.75,38.0,38.35,2685,2635
IVRCLINFRA,20040120,173.75,174.95,169.0,169.65,116931,58405
J&KBANK,20040120,414.75,419.85,381.0,389.25,112192,72608
JAGSNPHARM,20040120,150.5,151.0,144.1,144.7,3424,3324
JAICORPLTD,20040120,124.3,124.3,121.0,121.95,795,500
JAINSTUDIO,20040120,23.65,23.65,21.95,22.15,28456,17827
JAYAGROGN,20040120,55.9,58.8,55.0,56.0,1513,1138
JAYBARMARU,20040120,83.0,85.9,83.0,84.0,3832,3054
JAYSREETEA,20040120,67.0,67.4,66.5,66.5,10285,8884
JBCHEPHARM,20040120,370.75,376.0,363.45,365.7,18504,9889
JCTELEC,20040120,6.0,6.05,5.6,5.75,71101,71100
JENSONICOL,20040120,5.6,5.7,5.55,5.6,6850,5850
JIKINDS,20040120,12.0,12.0,11.15,11.15,34778,26578
JINDALFOTO,20040120,63.55,64.0,59.0,60.05,93033,39785
JINDALIRON,20040120,275.0,288.0,272.5,274.9,1049177,345295
JINDALPOLY,20040120,359.0,362.95,358.0,358.35,47100,3540
JINDALSTEL,20040120,615.0,638.0,596.1,601.85,86457,39516
JINDVIJSTL,20040120,12.2,13.05,12.05,12.9,20885133,5797631
JISLJALEQS,20040120,94.0,94.0,86.5,87.7,77470,43681
JPIND,20040120,132.5,138.95,131.35,133.9,2949347,869255
JSTAINLESS,20040120,517.1,522.0,481.0,490.2,67661,44000
JSTRIPS,20040120,243.8,248.0,236.1,238.45,14024,8229
JUBILANT,20040120,927.0,927.0,902.15,906.35,5557,4723
JUNIORBEES,20040120,359.0,359.0,355.0,355.0,20,10
JYOTISTRUC,20040120,99.9,102.25,98.0,100.5,66403,25934
KABRAEXTRU,20040120,80.9,82.9,75.0,76.05,11316,6964
KAJARIACER,20040120,83.1,87.0,83.1,85.05,25284,13736
KAKATCEM,20040120,44.7,45.4,43.0,43.3,17129,13119
KALECONSUL,20040120,51.75,52.1,48.75,49.05,41132,20934
KALPATPOWR,20040120,91.5,99.5,91.5,94.45,14382,10607
KALYANBRAK,20040120,500.0,516.0,500.0,501.65,415,415
KAMATHOTEL,20040120,17.85,18.25,17.2,17.35,2200,1680
KANORICHEM,20040120,73.7,75.6,71.1,72.6,1265,775
KARURVYSYA,20040120,399.0,399.0,393.0,395.4,43273,35851
KCP,20040120,26.25,27.0,25.5,26.0,4625,3472
KCPSUGIND,20040120,37.1,37.1,34.0,34.2,2665,2490
KECINTL,20040120,87.0,89.7,84.8,85.6,496877,145293
KEYCORPSER,20040120,5.3,5.7,5.3,5.65,450,450
KHAITANELE,20040120,14.0,14.0,12.8,12.85,2226,2156
KHANDSE,20040120,14.8,16.0,13.85,15.4,86875,84704
KIRLOSKCUM,20040120,120.75,124.5,118.5,122.35,110597,51161
KIRLOSOIL,20040120,365.0,365.0,338.0,340.45,2926,2187
KITPLYIND,20040120,6.0,6.25,5.8,5.8,29753,25378
KLGSYSTEL,20040120,45.3,48.0,45.0,45.8,12289,8502
KOPDRUGS,20040120,28.0,28.75,25.05,25.35,28620,17770
KOPRAN,20040120,68.1,69.45,66.1,66.6,103725,55829
KOTAKBANK,20040120,385.0,392.0,383.5,390.15,47645,35425
KOTHARIPET,20040120,2.7,2.75,2.5,2.65,26913,21612
KOTHARIPRO,20040120,198.0,198.0,194.25,194.5,2359,1680
KOTHARISUG,20040120,5.0,5.0,4.4,4.85,1200,900
KPIT,20040120,310.5,316.0,303.1,306.3,36081,12459
KRBL,20040120,57.5,58.3,53.5,54.1,43230,11186
KSBPUMPS,20040120,126.0,126.0,118.05,118.75,3832,3139
KTKBANK,20040120,132.7,134.0,126.0,127.05,263865,110037
L&T,20040120,538.0,549.0,515.0,519.85,1776707,304429
LAKME,20040120,259.9,259.9,250.0,251.75,5600,3874
LAKSHAUTO,20040120,140.0,146.0,140.0,143.65,7467,6690
LAKSHVILAS,20040120,135.0,136.5,132.0,132.9,71404,53337
LANESEDA,20040120,1.25,1.45,1.1,1.15,117600,54700
LAXMIMACH,20040120,4525.0,4549.0,4500.0,4503.4,77,67
LCCINFOTEC,20040120,3.75,4.0,3.75,3.95,2400,2100
LEADEDSYS,20040120,19.15,19.8,18.3,18.65,50339,30825
LGBROS,20040120,26.05,26.3,25.15,25.45,97833,73396
LIBERTSHOE,20040120,138.95,138.95,130.0,132.5,8561,5915
LICHSGFIN,20040120,223.0,225.0,217.5,218.35,79451,44525
LIQUIDBEES,20040120,1000.0,1000.0,999.95,999.95,398,327
LLOYDFIN,20040120,1.05,1.2,1.0,1.1,179794,150794
LLOYDSTEEL,20040120,6.1,6.3,5.85,5.95,1245220,403884
LML,20040120,54.9,55.7,52.65,53.35,179416,98159
LUMAXIND,20040120,75.5,76.5,71.6,72.0,12459,8575
LYKALABS,20040120,56.5,58.5,54.05,54.5,100319,48849
M&M,20040120,419.8,424.8,394.15,397.9,2126955,358641
MACMILLAN,20040120,251.1,251.1,246.0,246.75,6628,6372
MADRASCEM,20040120,830.0,835.0,790.0,798.55,6594,5436
MADRASFERT,20040120,21.5,21.5,20.25,20.45,134258,73894
MAHAVIRSPG,20040120,204.95,204.95,184.15,186.75,19072,8439
MAHINDUGIN,20040120,33.0,33.9,32.0,32.1,33602,22840
MAHSCOOTER,20040120,202.0,204.75,185.25,190.35,46961,26462
MAHSEAMLES,20040120,208.95,211.95,200.15,202.3,31501,7119
MALWACOTT,20040120,48.0,49.35,45.05,45.5,5030,2915
MANALIPET,20040120,6.5,6.75,6.05,6.2,118704,98835
MANGLMCEM,20040120,15.1,15.45,14.25,14.55,24681,18476
MARALOVER,20040120,25.1,25.6,22.65,23.1,23048,12560
MARDIACHEM,20040120,2.7,2.8,2.6,2.65,14200,13350
MARICOIND,20040120,237.0,238.0,233.35,235.5,32933,17946
MARUTI,20040120,428.8,431.4,400.05,405.55,7225533,1137591
MASTEK,20040120,318.9,323.0,307.0,310.05,611830,164120
MAX,20040120,181.0,185.0,170.0,173.2,154513,37783
MCDOWELL-N,20040120,60.65,61.7,58.25,59.15,155209,72938
MEDIAVIDEO,20040120,20.35,21.55,18.65,19.2,76761,54550
MELSTAR,20040120,17.2,18.5,17.1,17.5,52492,39000
MICO,20040120,14795.0,14795.0,14565.0,14644.4,227,211
MID-DAY,20040120,43.0,43.0,40.1,41.25,15249,10310
MIRCELECTR,20040120,36.3,38.5,36.0,37.45,906616,600735
MIRZATAN,20040120,73.85,73.9,70.05,70.65,18781,12170
MITTALLAMI,20040120,17.15,20.75,17.1,18.15,1350,1340
MORARJESPG,20040120,37.2,38.0,36.9,37.05,5991,5291
MOREPENLAB,20040120,10.3,10.35,9.8,9.9,604549,332446
MORGANSTAN,20040120,19.0,19.0,18.3,18.4,960103,851239
MOSERBAER,20040120,344.8,349.4,341.0,347.3,379044,178729
MOTHERSUMI,20040120,321.0,330.0,315.1,317.2,15894,12447
MRF,20040120,2170.0,2190.0,2011.0,2041.4,2786,1962
MRO-TEK,20040120,19.25,19.5,18.75,18.85,64979,45592
MRPL,20040120,60.5,62.3,59.35,59.9,2213962,686142
MTAL,20040120,14.05,14.05,13.2,13.2,10970,8500
MTNL,20040120,143.5,143.75,139.5,141.7,1749466,812752
MUKANDENGG,20040120,11.65,11.95,11.65,11.65,4236,4081
MUNJALAUTO,20040120,89.0,92.1,89.0,90.9,13536,9939
MUNJALSHOW,20040120,254.15,256.0,241.0,242.55,4942,3693
MYSORECEM,20040120,11.55,11.55,10.3,10.5,103308,63670
NAGARCONST,20040120,161.5,162.7,147.35,149.25,27368,17481
NAGARFERT,20040120,9.2,9.3,8.7,8.75,616211,405003
NAGPURENG,20040120,11.0,11.85,11.0,11.0,3040,2640
NAHAREXP,20040120,35.65,36.8,34.0,34.25,103446,90688
NAHARSPG,20040120,145.85,146.5,131.0,133.45,53857,31128
NARMDCHEMA,20040120,20.0,23.6,20.0,22.2,32835,20112
NATCOPHARM,20040120,128.7,129.0,120.25,121.6,204681,70429
NATHSEEDS,20040120,12.05,12.45,11.55,11.75,100835,68777
NATIONALUM,20040120,174.75,178.5,164.0,165.7,1373018,550983
NATNLSTEEL,20040120,16.5,17.9,16.5,17.3,355343,152480
NAVBARFERO,20040120,191.1,194.8,184.0,185.85,11650,8634
NAVNETPUBL,20040120,214.5,217.35,208.0,208.8,7105,5248
NELCO,20040120,57.0,58.35,55.1,55.5,91604,47189
NEOCURTHER,20040120,1.45,1.5,1.3,1.35,25950,10999
NEYVELILIG,20040120,71.0,73.95,68.45,69.25,1786052,539078
NICCOCORP,20040120,4.5,4.6,4.2,4.2,25658,25206
NICOLASPIR,20040120,744.5,754.0,735.1,749.8,27704,20011
NIFTYBEES,20040120,191.25,195.6,181.0,188.66,4242,3495
NIIT,20040120,246.0,253.4,234.4,237.75,1868566,214669
NILKAMPLST,20040120,55.0,56.0,53.0,53.3,3895,3625
NIPPOBATRY,20040120,460.0,463.55,435.0,449.7,1178,225
NIPPONDENR,20040120,13.7,13.95,12.9,13.2,2961945,837001
NIRMA,20040120,459.95,474.4,441.1,446.6,16502,5527
NOCIL,20040120,19.2,19.95,18.35,18.6,1216495,465488
NOIDATOLL,20040120,9.95,10.2,9.6,9.65,73004,60373
NOVAPETRO,20040120,61.2,61.7,60.15,60.15,2180,1980
NOVOPANIND,20040120,40.05,41.0,40.05,41.0,400,400
NRBBEARING,20040120,164.0,164.9,158.7,160.35,2631,2485
NRC,20040120,36.5,36.85,35.2,35.65,89718,70919
NUCHEM,20040120,2.8,2.85,2.7,2.7,21937,21862
NUCLEUS,20040120,113.0,114.75,98.0,102.2,78512,41366
OENCONNECT,20040120,253.6,261.0,246.0,247.6,13878,10582
OILCOUNTUB,20040120,17.35,18.1,17.0,17.2,138830,84871
OMAXAUTO,20040120,94.75,95.5,91.0,91.95,20361,12185
ONGC,20040120,847.5,860.1,812.45,823.6,1462602,561280
ONWARDTEC,20040120,27.4,27.75,26.05,26.15,25885,16440
OPTOCIRCUI,20040120,73.5,74.95,68.0,70.7,41963,28832
ORCHIDCHEM,20040120,259.6,263.0,249.0,252.0,208273,72987
ORIENTBANK,20040120,278.0,278.9,250.2,256.0,747412,189683
ORIENTHOT,20040120,142.0,143.0,138.05,143.0,3956,3701
ORIENTINFO,20040120,62.6,63.7,57.6,59.15,101463,56477
ORIENTPPR,20040120,34.5,35.75,32.2,32.75,18453,15555
ORIENTPRES,20040120,9.2,9.2,9.2,9.2,200,200
OUDHSUG,20040120,19.2,19.2,18.5,18.7,1500,1400
PADMALAYAT,20040120,100.9,103.0,95.15,96.8,89282,34875
PANACEABIO,20040120,46.5,48.0,45.65,45.95,14001,9551
PANTALOONR,20040120,257.0,265.0,255.25,255.7,10790,7556
PAPERPROD,20040120,181.0,183.95,174.0,175.5,6247,5040
PAREKHPLAT,20040120,13.25,14.6,13.25,13.45,88527,42289
PARRYSCON,20040120,244.0,245.0,240.5,242.5,27627,22115
PATSPINLTD,20040120,19.25,19.25,17.9,18.1,14532,10632
PDUMJEPULP,20040120,30.0,31.0,29.15,29.2,3200,2750
PEACOCKIND,20040120,3.45,3.55,3.15,3.3,24768,21064
PEARLGLOBL,20040120,10.0,10.0,9.55,9.9,2700,1900
PENTACOMMU,20040120,5.3,5.3,4.55,4.55,7559563,6190072
PEPL,20040120,4.9,5.55,4.9,5.4,1189,989
PERLENGINF,20040120,6.85,6.85,6.7,6.7,250,250
PFIZER,20040120,543.0,543.7,536.0,540.1,19677,14812
PHARMACIA,20040120,144.65,150.5,144.65,146.45,359,184
PHILCORP,20040120,6.3,6.35,5.8,5.9,2900,2200
PHILIPCARB,20040120,106.0,106.0,102.0,102.0,14218,12612
PHOENIXLMP,20040120,32.75,33.0,31.15,31.4,52200,39218
PIDILITIND,20040120,365.0,366.0,360.0,362.05,5377,4932
PNB,20040120,285.0,287.0,257.2,262.75,1272373,207019
PNBGILTS,20040120,30.7,30.7,29.65,29.8,168877,100669
PNC,20040120,50.0,51.5,47.15,47.9,49935,25405
POLARIND,20040120,6.35,6.5,5.8,6.5,1175,1150
POLARIS,20040120,235.9,240.75,220.0,222.9,2878939,308481
POLYPLEX,20040120,217.0,220.0,212.8,215.45,128285,97408
PONNIERODE,20040120,10.8,10.8,10.8,10.8,80,80
PONNIORISA,20040120,2.05,2.5,2.05,2.4,5511,4300
PRAJIND,20040120,109.45,109.45,109.45,109.45,11885,11885
PRECWIRE,20040120,54.9,59.0,53.35,53.9,8272,6550
PREMAUTOEL,20040120,4.8,5.05,4.8,4.85,2744,2421
PREMINSTR,20040120,489.95,489.95,489.95,489.95,17350,14350
PRIMESEC,20040120,11.25,11.75,10.6,10.8,280690,151547
PRISMCEM,20040120,11.4,11.55,10.75,10.8,537490,281839
PRIYADCEM,20040120,14.9,15.7,14.4,14.4,9773,9273
PSIDATASYS,20040120,92.0,95.0,81.4,85.5,19425,14259
PSL,20040120,80.5,83.9,80.5,82.3,50315,38360
RADICO,20040120,98.0,102.0,95.0,96.05,140069,74200
RAINCALCIN,20040120,23.85,24.15,22.35,22.5,521062,312364
RAJASSPG,20040120,43.0,43.7,41.5,41.95,5660,4458
RAJESHEXPO,20040120,119.0,119.0,117.9,118.4,5720,520
RAJSREESUG,20040120,20.0,24.5,20.0,22.1,62047,44830
RALLIS,20040120,110.7,110.7,97.6,100.9,12924,9429
RAMANEWSPR,20040120,12.1,12.45,11.65,11.8,231578,152841
RAMCOIND,20040120,350.0,369.7,349.0,355.75,1018,855
RAMCOSYS,20040120,261.0,261.0,177.0,177.1,96,95
RAMCOSYS,20040120,261.0,261.0,177.0,177.1,67863,20946
RAMCOSYS,20040120,332.0,345.9,308.0,325.9,96,95
RAMCOSYS,20040120,332.0,345.9,308.0,325.9,67863,20946
RANBAXY,20040120,1098.25,1122.0,1071.35,1085.7,929063,348167
RANEBRAKE,20040120,225.0,225.0,207.9,208.9,4176,3392
RANEMADRAS,20040120,148.6,156.4,148.5,151.6,2914,2290
RAYMOND,20040120,201.0,215.0,201.0,204.65,96425,70858
RCF,20040120,49.0,51.65,48.1,48.8,1412788,360449
REGENCERAM,20040120,55.5,55.5,48.5,50.3,11804,10345
RELCAPITAL,20040120,150.0,153.7,145.25,146.6,3935763,832578
RELIANCE,20040120,589.0,597.8,570.35,574.45,6050968,773035
REMSONSIND,20040120,26.25,26.25,24.0,24.0,1203,1001
REVL,20040120,420.0,433.95,415.0,423.7,515,465
RICOAUTO,20040120,338.0,338.0,315.1,319.4,418,416
RIIL,20040120,71.9,73.45,70.0,70.2,25183,21429
ROLTA,20040120,106.85,108.65,103.0,103.75,992527,207024
RPGTELECOM,20040120,18.05,18.4,17.1,17.3,39202,20858
RSSOFTWARE,20040120,25.55,26.4,25.1,25.25,16655,12304
RUCHISOYA,20040120,110.0,112.3,103.35,104.7,16746,6568
SABERORGAN,20040120,22.4,22.4,21.5,22.4,121975,116587
SAIL,20040120,50.7,51.4,47.75,48.7,39636157,5630082
SAKHTISUG,20040120,41.3,42.0,38.25,38.85,112127,46615
SALORAINTL,20040120,140.5,144.0,138.5,139.0,13282,8950
SAMTEL,20040120,56.9,58.0,52.35,53.85,113117,78829
SANDESH,20040120,139.9,143.0,133.6,134.5,4773,3483
SANGAMIND,20040120,32.0,32.0,28.4,28.8,5520,4692
SAREGAMA,20040120,86.0,89.9,83.0,83.85,14865,6890
SATNAMOVER,20040120,91.5,95.85,91.5,93.0,24381,18900
SATYAMCOMP,20040120,343.4,343.4,315.65,320.55,12277728,1394515
SAVITACHEM,20040120,126.0,128.0,123.0,124.35,8497,5896
SAWPIPES,20040120,315.65,316.0,302.0,308.05,420478,162372
SB&TINTL,20040120,55.55,55.55,53.35,53.75,138017,25345
SBIHOMEFIN,20040120,20.5,22.9,19.05,19.45,129765,79124
SBIN,20040120,665.0,666.8,616.1,627.65,5261293,640612
SCI,20040120,187.1,193.0,176.6,179.15,1405882,302014
SEAMECLTD,20040120,49.75,51.25,44.25,45.9,88572,52703
SEARLEIND,20040120,51.5,55.25,48.05,50.25,78066,47743
SESAGOA,20040120,680.0,700.0,630.9,643.85,99696,31236
SESHAPAPER,20040120,106.9,107.7,101.0,101.15,13671,11237
SHAKTIGAS,20040120,4.95,4.95,4.3,4.35,26412,14600
SHAMKNFAB,20040120,5.95,6.15,5.65,5.7,78039,65807
SHANTIGEAR,20040120,241.0,253.0,241.0,244.65,24159,17261
SHASUNCHEM,20040120,384.0,385.0,367.0,369.8,25968,18806
SHREECEM,20040120,131.0,135.9,130.25,134.05,21814,18811
SHREERAMA,20040120,12.0,12.4,11.1,11.3,156642,104798
SHRENUJ,20040120,44.0,49.2,44.0,45.6,4269,3900
SHREYASHIP,20040120,17.7,18.3,16.3,16.65,8211,6945
SHRMHONDA,20040120,141.0,141.0,136.25,138.0,803,733
SICAL,20040120,26.0,27.5,25.8,25.85,58851,51774
SIEMENS,20040120,985.15,996.9,965.0,979.75,23056,17590
SINTEX,20040120,132.55,134.0,124.05,126.75,65769,41203
SIRPAPER,20040120,101.0,105.0,96.25,96.55,11138,9049
SIVIND,20040120,4.8,4.8,4.3,4.45,33076,30264
SKFBEARING,20040120,100.45,102.95,97.65,98.55,114284,51543
SKFBEARING,20040120,100.45,102.95,97.65,98.55,100,0
SKFBEARING,20040120,236.0,276.0,236.0,256.0,114284,51543
SKFBEARING,20040120,236.0,276.0,236.0,256.0,100,0
SKMEGGPROD,20040120,8.0,8.0,8.0,8.0,500,500
SMZSCHEM,20040120,6.75,6.9,6.75,6.9,2,1
SNOWCEMIND,20040120,15.75,19.0,15.5,15.55,100113,62359
SOFFIASOFT,20040120,42.85,42.9,36.8,38.0,27516,18336
SOFTPRO,20040120,13.6,13.6,13.55,13.55,1700,1700
SOFTSOLINT,20040120,210.1,224.9,207.0,218.65,1181247,293665
SOFTTECHGR,20040120,12.15,12.95,12.15,12.4,1699,1309
SOLECTCENT,20040120,127.1,134.0,127.1,130.65,75642,61435
SOMATEX,20040120,21.15,21.7,20.0,20.2,8824,5874
SONASTEER,20040120,218.0,220.0,210.1,212.75,17454,10170
SONATSOFTW,20040120,16.5,16.95,15.5,15.65,226965,131592
SOUTHBANK,20040120,90.0,91.85,86.1,86.85,114528,56314
SPIC,20040120,14.7,14.7,13.2,13.45,443516,316845
SPLLTD,20040120,35.2,35.8,33.5,34.8,1500,950
SQRDSFWARE,20040120,15.6,16.85,15.1,15.3,219531,123916
SREINTFIN,20040120,15.85,15.85,14.1,15.45,7881,5809
SRERAYHIST,20040120,4.8,5.0,4.5,4.7,6001,5000
SRF,20040120,56.1,58.95,52.7,53.5,316806,185154
SRGINFOTEC,20040120,1.2,1.25,1.0,1.05,313952,108250
SRIADIKARI,20040120,99.95,102.9,93.6,94.9,121782,32896
SRTRANSFIN,20040120,31.0,32.45,30.05,30.25,75173,61065
STAR,20040120,205.0,207.0,190.15,191.8,353124,111935
STARPAPER,20040120,31.75,32.15,30.0,30.45,36152,24609
STCINDIA,20040120,142.0,142.0,134.4,140.0,4967,4891
STERLINBIO,20040120,105.85,106.0,99.0,101.5,762981,133813
STROPTICAL,20040120,77.1,80.75,72.7,73.45,643445,207790
SUBEX,20040120,340.15,362.9,340.0,344.75,6221,4541
SUBHASPROJ,20040120,52.8,52.8,47.5,47.5,2700,2100
SUNDARMFIN,20040120,253.65,264.0,252.0,255.15,8079,6197
SUNDRMBRAK,20040120,355.0,355.0,341.0,341.7,618,618
SUNDRMCLAY,20040120,562.0,586.0,546.2,577.05,4691,3915
SUNDRMFAST,20040120,1215.05,1255.0,1215.05,1229.6,11067,8998
SUNPHARMA,20040120,610.0,610.0,587.0,593.7,44571,32301
SUPPETRO,20040120,23.0,23.0,21.75,21.85,45537,30800
SUPREMEIND,20040120,220.0,222.9,208.0,210.8,11761,8834
SURAJDIAMN,20040120,26.4,27.35,25.25,25.55,81084,52425
SURANATELE,20040120,25.5,26.5,24.5,24.9,11540,5905
SURATELEC,20040120,284.9,284.9,255.0,265.25,2360,1905
SURYAROSNI,20040120,25.35,26.4,25.0,25.05,56332,41765
SURYCOTMIL,20040120,78.0,78.0,74.0,74.75,5591,4986
SUTLEJINDS,20040120,77.25,78.2,76.5,77.45,406,406
SWARAJENG,20040120,301.0,303.7,286.55,288.4,2370,2165
SWARAJMAZD,20040120,256.0,260.0,251.1,258.7,5109,4332
SYNDIBANK,20040120,42.1,43.9,38.5,39.2,3572174,837023
TAINWALCHM,20040120,4.45,4.45,3.9,3.9,2,1
TAJGVK,20040120,134.9,134.9,129.0,131.05,9501,7115
TASCPHARMA,20040120,53.45,53.55,52.0,53.45,84303,36183
TATACHEM,20040120,160.0,160.0,141.7,143.95,2026090,1047724
TATAELXSI,20040120,112.4,115.9,110.15,110.85,257446,82960
TATAFIN,20040120,54.1,56.0,53.1,53.3,345361,113008
TATAHONEY,20040120,407.9,407.9,390.05,393.25,7801,7206
TATAINFO,20040120,170.1,171.5,170.0,170.45,3681,3424
TATAMETALI,20040120,103.0,104.6,95.45,97.95,64975,49972
TATAMOTORS,20040120,512.1,518.85,481.55,488.6,5874737,604768
TATAMOTORS,20040120,512.1,518.85,481.55,488.6,22775,22730
TATAMOTORS,20040120,372.0,378.0,350.0,352.25,5874737,604768
TATAMOTORS,20040120,372.0,378.0,350.0,352.25,22775,22730
TATAPOWER,20040120,414.9,414.9,381.0,387.4,2895827,424645
TATATEA,20040120,400.0,404.8,362.0,370.3,543540,137616
TATATELECM,20040120,244.0,246.0,227.4,234.8,59727,35973
TATATELSER,20040120,20.35,21.4,20.1,20.25,1183554,532951
TATAVASHIS,20040120,15.5,16.3,15.15,15.3,81420,48177
TCI,20040120,46.1,48.5,46.1,48.05,849,816
TCIFINANCE,20040120,4.85,4.95,4.65,4.65,1600,1500
TFCILTD,20040120,17.8,17.8,14.0,16.05,296974,211496
THERMAX,20040120,419.5,428.0,419.5,426.25,15276,12023
THERMAX,20040120,419.5,428.0,419.5,426.25,2400,2400
THERMAX,20040120,9.45,9.5,9.45,9.5,15276,12023
THERMAX,20040120,9.45,9.5,9.45,9.5,2400,2400
THOMASCOOK,20040120,590.0,590.0,540.0,547.75,27381,12948
TIL,20040120,24.7,25.05,23.65,24.1,2434,2184
TIMESGTY,20040120,6.7,7.15,6.7,7.05,500,500
TIPSINDLTD,20040120,48.4,49.45,45.15,45.8,47237,23099
TIRUMALCHM,20040120,79.9,80.95,75.4,76.0,20672,17566
TISCO,20040120,457.0,463.35,432.1,441.2,11703882,1094274
TITAN,20040120,125.3,127.25,124.1,125.8,136326,82567
TITANOCOMP,20040120,85.0,85.0,83.1,83.1,2350,2350
TNPETRO,20040120,29.25,29.75,28.5,29.15,326635,232881
TNPL,20040120,85.1,88.8,84.2,85.7,234899,209833
TNTELE,20040120,12.75,13.75,12.0,12.2,96113,65421
TODAYS,20040120,55.25,62.9,54.5,57.6,472,371
TOKYOPLAST,20040120,4.4,4.4,4.4,4.4,1000,1000
TORNTPHARM,20040120,373.0,377.8,368.0,369.85,44444,37682
TRAFALHSE,20040120,305.0,309.0,305.0,309.0,200,200
TTKPRESTIG,20040120,18.95,19.1,18.55,18.55,10048,9848
TUBEINVEST,20040120,205.1,206.4,202.0,203.6,3631,3381
TV18,20040120,230.95,233.0,214.25,217.85,168298,71794
TVSELECT,20040120,93.9,95.0,90.8,91.55,43748,19239
TVSMOTOR,20040120,117.5,117.65,113.0,113.8,286031,126559
TVTODAY,20040120,175.7,185.0,173.6,181.8,4610786,663559
UCALFUEL,20040120,321.25,324.85,302.0,308.55,14959,11420
UCOBANK,20040120,24.45,24.5,23.6,23.95,4320284,1786326
UMITL,20040120,3.5,3.6,3.0,3.0,27472,26329
UNICHEMLAB,20040120,382.0,383.65,379.2,380.2,5948,5390
UNIONBANK,20040120,55.9,56.7,55.4,55.8,3856058,2140302
UNIONCARBI,20040120,48.5,48.8,44.5,45.15,77960,55774
UNITECH,20040120,127.1,129.95,126.1,126.15,11155,6846
UNIVCABLES,20040120,25.3,25.5,24.65,25.0,12002,11752
UNIWESTBNK,20040120,41.8,41.9,39.0,39.4,55327,37254
UPERGANGES,20040120,23.55,24.8,23.55,24.15,9319,8919
US64BONDS,20040120,106.4,107.25,106.25,106.58,116019,101312
USHABEL,20040120,50.4,51.05,48.2,48.85,27883,17115
UTIBANK,20040120,158.0,175.8,155.7,168.7,2001852,493919
UTISUNDER,20040120,193.01,193.01,189.0,189.41,11752,11050
UTTAMSTL,20040120,17.25,17.6,16.35,16.5,801851,646428
VARDHACRLC,20040120,10.3,10.4,10.05,10.05,200902,185554
VARDHMNSPG,20040120,164.0,166.9,155.0,156.35,18834,10131
VARDMNPOLY,20040120,62.8,63.75,62.55,63.0,8885,7835
VARUNSHIP,20040120,29.65,30.25,28.2,28.6,846211,369539
VDOCONAPPL,20040120,20.7,22.0,20.0,21.05,215770,122426
VDOCONINTL,20040120,72.9,74.6,70.7,71.1,772812,295017
VDOLEASE,20040120,32.5,36.0,29.05,31.0,20803,701
VENKEYS,20040120,80.05,82.0,78.1,79.35,5497,4567
VESUVIUS,20040120,135.25,135.25,129.25,130.75,5996,4206
VIJAYABANK,20040120,52.75,53.9,51.0,51.2,2168852,782172
VINDHYATEL,20040120,30.25,31.6,30.25,31.0,10157,9406
VINTAGE,20040120,9.45,9.45,8.5,8.55,3186,3066
VIPIND,20040120,36.55,38.5,36.2,36.5,26605,20923
VISAKAIND,20040120,71.3,71.3,63.65,64.4,19617,13586
VISESHINFO,20040120,8.75,8.9,7.8,7.85,107633,87591
VISIONLTD,20040120,1.55,1.7,1.55,1.6,31415,31100
VISUALSOFT,20040120,244.9,247.1,228.25,231.1,578462,110875
VOLTAS,20040120,140.95,142.0,132.5,135.4,64028,40695
VSNL,20040120,169.8,169.9,157.25,160.7,204496,125411
VSTIND,20040120,194.3,196.0,193.15,193.15,999,999
VXL,20040120,8.45,8.65,8.15,8.25,32992,26114
VYSYABANK,20040120,610.0,615.0,600.0,603.6,8349,6212
WALCHANNAG,20040120,91.9,93.0,86.05,86.85,3777,3198
WARTSILA,20040120,190.0,191.0,185.0,185.6,366,366
WEIZMANIND,20040120,7.5,7.75,7.1,7.55,1800,1700
WELLWININD,20040120,15.6,17.0,15.0,15.15,318884,160347
WELSPUNGUJ,20040120,42.8,44.0,41.55,41.9,349484,178535
WELSPUNIND,20040120,105.75,110.2,105.75,106.75,112525,92770
WHEELS,20040120,287.8,293.0,280.0,282.55,2009,1810
WIMCO,20040120,31.6,31.6,29.8,30.05,50794,41651
WINSOMYARN,20040120,11.5,12.05,11.3,11.4,10602,10100
WIPRO,20040120,1767.0,1767.0,1691.0,1717.85,527869,118699
WOCKLIFE,20040120,34.95,36.75,32.75,33.4,85336,37823
WOCKPHARMA,20040120,725.15,739.15,725.15,731.05,11274,9846
WSTCSTPAPR,20040120,208.8,208.95,201.0,201.35,3255,2975
WYETHLEDE,20040120,392.0,392.5,374.0,378.45,8609,6678
YOKOGAWA,20040120,91.3,91.3,81.0,82.4,103,100
ZANDUPHARM,20040120,2855.0,2901.0,2855.0,2891.65,23,21
ZEETELE,20040120,165.3,165.3,157.15,158.4,4078115,1264340
ZENITHCOMP,20040120,28.25,28.55,26.7,27.05,51158,36049
ZENITHEXPO,20040120,63.3,63.45,58.5,61.55,111,106
ZENITHINFO,20040120,18.8,20.0,18.05,18.75,7061,5000
ZODIACLOTH,20040120,299.0,300.0,272.4,275.35,2773,1656
ZUARIAGRO,20040120,56.0,56.0,51.25,52.1,34139,20612
