SYMBOL,TIMESTAMP,OPEN,HIGH,LOW,CLOSE,VOLUME,DELIVERY
20MICRONS,20180817,45.8,46.9,45.2,45.7,37576,23209
21STCENMGM,20180817,38.0,38.0,37.15,37.15,1376,1371
3IINFOTECH,20180817,3.55,3.7,3.5,3.55,3208235,1068245
3MINDIA,20180817,25550.0,25808.95,25101.0,25223.45,5070,3763
5PAISA,20180817,394.0,394.0,376.05,386.3,3078,1780
63MOONS,20180817,78.05,80.6,78.05,78.55,286997,77332
8KMILES,20180817,352.3,354.0,342.0,344.35,160850,117418
A2ZINFRA,20180817,22.3,22.85,22.15,22.35,258369,129436
AARTIDRUGS,20180817,549.0,555.0,545.4,549.25,14131,11302
AARTIIND,20180817,1385.0,1410.1,1385.0,1400.7,47699,35473
AARVEEDEN,20180817,32.5,32.5,30.65,31.8,19305,18182
AARVI,20180817,60.95,60.95,60.95,60.95,2000,2000
ABAN,20180817,112.8,114.2,112.1,113.0,361032,68113
ABB,20180817,1202.9,1239.0,1195.1,1226.65,85790,54995
ABBOTINDIA,20180817,7550.0,7798.0,7549.0,7764.75,4807,2795
ABCAPITAL,20180817,142.0,143.65,141.6,143.05,1346692,784831
ABFRL,20180817,194.5,198.8,188.1,192.85,1962098,605009
ACC,20180817,1562.2,1601.65,1553.5,1593.95,664502,215533
ACCELYA,20180817,1031.8,1031.8,1010.0,1016.3,2247,2011
ACCURACY,20180817,88.0,94.0,87.0,92.2,24000,6400
ACE,20180817,141.0,144.4,140.25,142.4,131407,70060
ADANIENT,20180817,202.0,206.7,200.7,203.05,5498632,369914
ADANIGREEN,20180817,53.85,59.45,53.85,54.7,4325129,1119257
ADANIPORTS,20180817,371.0,379.1,371.0,374.1,1983257,686254
ADANIPOWER,20180817,31.6,32.2,30.9,31.25,18379000,1573015
ADANITRANS,20180817,165.15,171.3,161.7,167.6,870559,228518
ADFFOODS,20180817,245.9,245.9,235.55,238.95,41931,28652
ADHUNIKIND,20180817,70.0,70.3,68.45,70.05,2778,2396
ADLABS,20180817,33.25,33.45,33.0,33.25,46906,28991
ADORWELD,20180817,347.1,350.0,344.0,347.75,8153,6108
ADSL,20180817,14.3,14.75,14.25,14.3,11507,8678
ADVANIHOTR,20180817,49.2,56.5,49.0,49.25,23749,12179
ADVENZYMES,20180817,212.3,214.35,210.4,211.2,74500,39852
AEGISCHEM,20180817,234.0,238.0,230.25,234.05,84811,44805
AFL,20180817,61.0,63.6,60.5,63.25,31982,22834
AGARIND,20180817,316.3,321.9,307.0,311.65,985,500
AGCNET,20180817,108.85,108.9,104.5,105.25,2498,1302
AGLSL,20180817,82.0,82.9,79.2,80.0,2114,1475
AGRITECH,20180817,80.75,80.75,76.8,77.45,7546,4719
AGROPHOS,20180817,35.5,35.75,34.9,35.5,42000,6000
AHIMSA,20180817,23.0,23.0,23.0,23.0,6000,6000
AHLEAST,20180817,267.05,272.0,257.25,262.05,2392,1077
AHLUCONT,20180817,313.35,322.4,313.35,317.95,1690,1273
AHLWEST,20180817,296.0,310.0,290.0,295.05,1043,296
AIAENG,20180817,1799.0,1843.05,1797.35,1824.85,28834,13879
AIFL,20180817,451.1,454.45,447.5,450.3,70183,17072
AIRAN,20180817,73.0,73.9,72.75,72.85,20000,17500
AISL,20180817,95.9,95.9,95.9,95.9,3600,3600
AJANTPHARM,20180817,1192.1,1219.0,1188.95,1195.9,464517,60270
AJMERA,20180817,204.0,211.75,204.0,204.6,69383,27196
AKASH,20180817,79.9,79.9,76.0,76.0,2000,2000
AKSHARCHEM,20180817,514.8,526.0,508.4,522.6,4650,3112
AKSHOPTFBR,20180817,31.0,31.65,30.75,30.9,887840,293063
AKZOINDIA,20180817,1749.65,1750.0,1730.0,1732.4,5220,3478
ALANKIT,20180817,25.8,26.0,24.75,25.05,773762,163779
ALBERTDAVD,20180817,574.0,579.95,540.0,545.85,16928,7396
ALBK,20180817,40.15,40.3,39.65,40.2,4139854,459032
ALEMBICLTD,20180817,44.8,46.75,44.55,46.1,776266,423125
ALICON,20180817,643.9,646.0,615.0,621.85,2674,1680
ALKALI,20180817,64.9,64.9,60.8,63.4,11671,6217
ALKEM,20180817,2045.8,2108.0,2031.35,2093.5,21938,8974
ALKYLAMINE,20180817,647.0,655.0,644.25,644.95,6210,5578
ALLCARGO,20180817,119.9,121.9,119.2,121.0,151723,60685
ALLSEC,20180817,254.8,254.8,240.2,242.9,2402,1745
ALPA,20180817,32.95,33.9,31.8,32.45,87604,33734
ALPHAGEO,20180817,644.1,664.0,641.6,655.35,5913,3570
AMARAJABAT,20180817,859.8,868.0,853.15,857.5,267722,46342
AMBANIORG,20180817,66.65,66.65,66.2,66.2,34000,34000
AMBER,20180817,936.0,944.8,931.0,936.7,4264,2613
AMBIKCO,20180817,1273.2,1293.85,1273.2,1284.7,3024,2158
AMBUJACEM,20180817,226.25,229.65,225.1,228.65,1721617,786573
AMDIND,20180817,28.25,28.95,27.15,27.2,15816,10221
AMJLAND,20180817,25.5,25.85,25.0,25.2,22383,16438
AMRUTANJAN,20180817,242.0,243.95,240.0,243.35,11232,10155
ANANTRAJ,20180817,42.55,42.95,42.1,42.65,603003,265720
ANDHRABANK,20180817,32.0,32.35,31.7,32.25,2650654,340929
ANDHRACEMT,20180817,8.6,8.75,8.45,8.65,131089,81756
ANDHRSUGAR,20180817,385.7,389.4,382.15,385.35,12134,6048
ANIKINDS,20180817,32.5,33.8,31.1,31.75,3187,2353
ANSALAPI,20180817,16.5,17.0,16.3,16.45,186038,85092
ANSALHSG,20180817,16.75,16.75,15.5,15.85,111165,36423
APARINDS,20180817,598.35,612.7,597.0,610.35,18206,11999
APCL,20180817,150.9,152.9,147.55,150.7,2217,1391
APCOTEXIND,20180817,627.95,640.0,623.0,635.65,13056,8339
APEX,20180817,471.25,471.95,461.0,461.9,71796,30058
APLAPOLLO,20180817,1740.0,1740.0,1690.0,1709.4,7554,4803
APLLTD,20180817,602.7,611.9,583.15,590.45,59182,25688
APOLLO,20180817,156.65,156.65,151.8,153.15,13580,8121
APOLLOHOSP,20180817,1140.0,1209.5,1131.0,1189.2,4204744,391606
APOLLOTYRE,20180817,266.25,269.0,264.3,266.7,1804401,446518
APOLSINHOT,20180817,1400.35,1454.0,1400.35,1443.9,2286,2161
APTECHT,20180817,234.0,235.85,231.8,233.05,101255,29525
ARCHIDPLY,20180817,58.1,60.7,58.1,60.3,23699,19283
ARCHIES,20180817,28.85,28.85,28.2,28.5,39935,27647
ARIES,20180817,120.1,124.45,120.1,121.45,121620,36763
ARIHANT,20180817,36.25,39.95,36.25,39.25,306,302
ARIHANTSUP,20180817,71.5,72.4,67.0,67.85,59848,26168
ARMANFIN,20180817,416.0,416.0,404.0,411.5,1551,1286
AROGRANITE,20180817,58.4,58.5,56.3,56.8,6579,5562
ARROWGREEN,20180817,172.3,172.3,172.3,172.3,6845,6845
ARROWTEX,20180817,29.75,30.95,29.15,30.45,13827,12527
ARSHIYA,20180817,51.9,52.0,50.55,50.85,6518,4043
ARVIND,20180817,399.0,403.6,398.2,402.45,1129617,220161
ARVSMART,20180817,160.3,162.95,158.4,160.65,4508,2628
ASAHIINDIA,20180817,331.2,331.2,322.5,322.75,29959,26554
ASAHISONG,20180817,275.75,279.9,275.0,275.25,3195,2216
ASAL,20180817,54.6,58.0,54.2,56.8,11219,4801
ASHAPURMIN,20180817,48.5,49.45,47.9,48.1,72335,34027
ASHIANA,20180817,145.25,147.9,145.25,147.1,24435,21430
ASHIMASYN,20180817,22.05,22.1,21.25,21.5,107658,97201
ASHOKA,20180817,137.85,143.75,136.0,143.0,148992,57944
ASHOKLEY,20180817,126.6,129.2,126.6,128.35,13836217,2377764
ASIANHOTNR,20180817,238.95,238.95,225.05,225.3,1548,843
ASIANPAINT,20180817,1403.0,1405.15,1390.0,1400.65,537229,206636
ASIANTILES,20180817,223.0,230.85,223.0,224.1,342987,255167
ASPINWALL,20180817,220.0,220.0,213.5,216.25,7782,6374
ASTEC,20180817,615.35,623.0,610.05,613.6,6878,4552
ASTERDM,20180817,183.0,188.0,179.9,187.2,347690,194822
ASTRAL,20180817,1135.5,1162.1,1123.1,1127.0,14390,8642
ASTRAMICRO,20180817,96.4,99.2,96.0,96.6,279117,161474
ASTRAZEN,20180817,1736.5,1890.0,1736.5,1838.35,111435,29229
ASTRON,20180817,112.8,114.65,110.2,113.8,183867,53358
ATFL,20180817,620.0,622.25,608.1,617.7,17488,13027
ATLANTA,20180817,34.2,35.9,34.0,35.9,73055,44856
ATUL,20180817,3065.0,3073.9,3020.0,3032.55,6852,4373
ATULAUTO,20180817,396.35,399.45,395.05,396.05,5803,3482
AUBANK,20180817,699.65,705.95,686.25,695.45,530288,350630
AUROPHARMA,20180817,642.0,662.9,640.8,655.9,6687761,2175207
AUSOMENT,20180817,53.55,58.9,53.55,56.05,10095,4977
AUTOAXLES,20180817,1301.0,1349.0,1291.0,1297.3,72935,44994
AUTOIND,20180817,63.95,65.0,63.0,64.8,16319,8596
AUTOLITIND,20180817,56.3,57.8,55.7,56.1,5914,4041
AVADHSUGAR,20180817,349.8,355.0,345.5,349.4,5664,2003
AVANTIFEED,20180817,457.9,462.9,449.0,451.6,350821,134663
AVG,20180817,101.0,101.0,101.0,101.0,1200,1200
AVONMPL,20180817,54.2,60.5,53.5,59.65,10000,8000
AVTNPL,20180817,32.8,33.0,32.1,32.3,22370,15373
AXISBANK,20180817,630.0,632.45,620.3,627.3,13411536,5973971
AXISCADES,20180817,106.0,108.95,104.55,107.0,38920,17462
AXISGOLD,20180817,2601.0,2614.0,2591.0,2608.0,43,39
AXISNIFTY,20180817,1155.0,1163.0,1155.0,1158.69,26,25
AYMSYNTEX,20180817,41.1,41.85,40.5,41.25,12887,10822
BAFNAPHARM,20180817,21.1,21.65,20.9,21.0,38132,21177
BAGFILMS,20180817,4.8,5.55,4.8,5.4,1363560,456667
BAJAJ-AUTO,20180817,2671.0,2677.95,2641.0,2661.35,331427,147409
BAJAJCORP,20180817,412.9,418.0,412.0,416.7,13021,6457
BAJAJELEC,20180817,545.8,553.15,542.55,545.2,300194,77090
BAJAJFINSV,20180817,7125.0,7169.0,7075.0,7097.35,120981,40325
BAJAJHIND,20180817,6.55,6.65,6.5,6.55,666333,404411
BAJAJHLDNG,20180817,3000.0,3013.65,2976.15,2980.6,7437,4890
BAJFINANCE,20180817,2866.0,2885.0,2841.5,2851.2,688133,186767
BALAJITELE,20180817,108.95,111.6,108.3,109.15,49799,43763
BALAMINES,20180817,544.8,553.0,535.0,547.95,28148,17310
BALKRISHNA,20180817,71.6,72.55,69.1,71.1,32846,15731
BALKRISIND,20180817,1405.0,1437.95,1358.6,1369.35,1993941,464735
BALLARPUR,20180817,10.2,10.65,10.0,10.05,1118004,534837
BALMLAWRIE,20180817,220.0,222.25,218.95,220.4,124472,89328
BALPHARMA,20180817,79.85,84.0,79.0,83.25,79202,42021
BALRAMCHIN,20180817,71.7,72.25,70.15,71.1,2760895,1142576
BANARBEADS,20180817,50.2,50.2,50.0,50.0,60,60
BANARISUG,20180817,1436.0,1436.0,1380.0,1392.2,2658,2103
BANCOINDIA,20180817,218.0,222.8,218.0,221.4,28415,17471
BANDHANBNK,20180817,704.95,711.45,702.15,703.9,723488,489872
BANG,20180817,51.0,52.25,49.15,50.7,18717,10422
BANKBARODA,20180817,143.85,147.75,142.95,146.2,12400330,1438645
BANKBEES,20180817,2845.11,2862.5,2845.05,2858.0,395,301
BANKINDIA,20180817,90.15,93.9,90.15,93.3,12970922,1367542
BANSAL,20180817,113.1,118.7,110.0,110.8,49000,36000
BANSWRAS,20180817,84.1,86.8,84.05,85.45,2160,1544
BARTRONICS,20180817,9.75,9.75,9.25,9.3,59166,19429
BASF,20180817,1974.8,2023.0,1945.85,1969.2,10076,4258
BASML,20180817,224.05,227.9,221.0,222.4,539,356
BATAINDIA,20180817,1009.5,1024.9,1006.9,1013.75,1009857,125688
BAYERCROP,20180817,4127.5,4154.2,4050.0,4084.8,13787,7968
BBL,20180817,1275.05,1299.0,1275.0,1280.05,8097,4375
BBTC,20180817,1546.0,1569.0,1542.85,1563.6,57887,19831
BDL,20180817,375.0,375.0,365.35,367.0,17806,13597
BEARDSELL,20180817,37.05,37.05,36.0,36.65,4351,3532
BEDMUTHA,20180817,19.25,19.9,19.2,19.75,12174,10874
BEL,20180817,115.7,118.4,115.1,117.55,3913927,1100145
BEML,20180817,804.4,818.0,797.8,807.45,1133745,97256
BEPL,20180817,137.9,139.8,137.5,137.6,194464,85391
BERGEPAINT,20180817,334.8,337.3,330.3,334.25,2530095,702116
BETA,20180817,84.2,93.0,82.15,90.25,8000,4000
BFINVEST,20180817,341.0,353.9,330.4,338.75,853714,112348
BFUTILITIE,20180817,348.75,351.9,339.0,342.8,502608,90412
BGRENERGY,20180817,84.05,84.05,81.3,81.85,183722,84275
BHAGERIA,20180817,304.95,307.35,299.2,301.0,9872,6597
BHAGYAPROP,20180817,24.95,24.95,23.5,24.25,4857,4594
BHANDARI,20180817,2.25,2.4,2.25,2.3,155784,113134
BHARATFIN,20180817,1209.1,1224.7,1208.85,1215.8,602856,418844
BHARATFORG,20180817,623.6,634.75,621.0,630.65,960299,378086
BHARATGEAR,20180817,171.7,175.45,170.0,171.8,13954,8789
BHARATRAS,20180817,7000.0,7270.0,6999.4,7233.55,1837,1040
BHARATWIRE,20180817,92.0,96.45,91.05,95.45,53458,31445
BHARTIARTL,20180817,372.05,375.0,366.15,371.4,3030830,1126618
BHEL,20180817,73.0,74.6,72.7,73.85,5001845,1412727
BHUSANSTL,20180817,30.6,30.7,30.0,30.05,756927,479125
BIGBLOC,20180817,87.75,88.95,84.55,86.05,6024,2230
BIL,20180817,407.2,414.4,403.2,405.05,4965,613
BINANIIND,20180817,86.0,88.45,86.0,86.8,31798,22434
BINDALAGRO,20180817,20.15,20.45,19.7,20.1,40579,26644
BIOCON,20180817,600.1,609.9,588.3,591.3,2225295,373088
BIRLACABLE,20180817,118.4,125.5,118.4,121.8,88744,57065
BIRLACORPN,20180817,742.9,762.0,735.6,758.75,55897,20249
BIRLAMONEY,20180817,62.8,62.8,60.6,61.2,54288,32790
BKMINDST,20180817,17.8,17.9,16.7,17.1,8662,4906
BLBLIMITED,20180817,5.1,5.1,4.75,4.75,5819,5298
BLISSGVS,20180817,179.6,185.0,179.55,183.25,101042,26602
BLKASHYAP,20180817,33.4,34.4,33.0,33.8,135737,94050
BLS,20180817,168.3,171.8,165.0,166.6,55199,28212
BLUEBLENDS,20180817,6.95,6.95,6.6,6.8,26807,25193
BLUEDART,20180817,3649.3,3660.05,3565.4,3599.25,1392,814
BLUEDART,20180817,3649.3,3660.05,3565.4,3599.25,14530,14530
BLUEDART,20180817,3649.3,3660.05,3565.4,3599.25,50,50
BLUEDART,20180817,10.22,10.22,10.2,10.2,1392,814
BLUEDART,20180817,10.22,10.22,10.2,10.2,14530,14530
BLUEDART,20180817,10.22,10.22,10.2,10.2,50,50
BLUEDART,20180817,10.22,10.22,10.22,10.22,1392,814
BLUEDART,20180817,10.22,10.22,10.22,10.22,14530,14530
BLUEDART,20180817,10.22,10.22,10.22,10.22,50,50
BLUESTARCO,20180817,697.5,706.95,683.05,694.5,64177,46061
BODALCHEM,20180817,124.4,125.85,115.0,123.9,144875,70536
BOROSIL,20180817,311.65,315.5,307.0,308.2,88834,48100
BOSCHLTD,20180817,18949.95,18998.0,18775.1,18847.95,6450,3333
BPCL,20180817,381.0,381.0,375.1,377.6,2717107,1028652
BPL,20180817,51.55,53.0,51.0,51.75,247180,37947
BRIGADE,20180817,197.0,197.7,192.15,193.0,90611,38748
BRIGHT,20180817,47.35,47.4,46.9,46.9,18000,18000
BRITANNIA,20180817,6519.3,6640.45,6479.2,6629.9,201564,107188
BRNL,20180817,162.35,163.5,160.2,160.45,2485,1851
BROOKS,20180817,81.15,83.8,79.5,79.85,72470,31086
BSE,20180817,764.0,764.0,752.5,759.0,92738,56931
BSELINFRA,20180817,3.2,3.2,2.9,2.95,22078,16338
BSHSL,20180817,133.5,137.5,132.0,137.5,11000,10000
BSL,20180817,57.45,58.75,57.1,57.65,4160,2997
BSLGOLDETF,20180817,2761.0,2761.0,2745.0,2745.0,16,8
BSLNIFTY,20180817,117.0,117.0,113.75,114.02,117,110
BUTTERFLY,20180817,298.0,304.5,290.55,304.5,10766,8228
BYKE,20180817,106.25,111.0,104.7,105.75,68284,34514
CADILAHC,20180817,344.0,359.0,344.0,357.25,6562996,2458907
CAMLINFINE,20180817,83.0,83.9,82.6,83.1,257769,116753
CANBK,20180817,270.0,278.25,270.0,277.35,6699707,341572
CANDC,20180817,33.35,33.4,33.35,33.4,164814,132767
CANFINHOME,20180817,314.0,327.75,314.0,323.8,1285608,278913
CANTABIL,20180817,133.6,133.6,121.5,126.55,8684,6226
CAPACITE,20180817,267.0,271.55,266.1,267.45,45951,22458
CAPF,20180817,609.7,625.0,609.0,623.2,760994,124714
CAPLIPOINT,20180817,409.9,409.9,396.0,399.3,32510,16245
CAPTRUST,20180817,386.6,388.95,374.75,379.7,2798,1651
CARBORUNIV,20180817,352.0,358.0,348.0,354.7,35400,23258
CAREERP,20180817,86.0,87.9,86.0,87.1,17445,12281
CARERATING,20180817,1263.0,1291.0,1251.0,1256.2,19987,12159
CASTEXTECH,20180817,1.65,1.7,1.6,1.65,265935,182227
CASTROLIND,20180817,154.0,157.2,153.85,156.05,1120139,462894
CCCL,20180817,2.8,2.85,2.75,2.85,21883,15068
CCHHL,20180817,9.6,9.6,9.2,9.3,22647,16474
CCL,20180817,262.0,264.85,260.1,261.0,21594,12113
CDSL,20180817,267.45,269.0,266.35,267.35,130583,71000
CEATLTD,20180817,1445.25,1454.95,1432.7,1438.1,421689,32720
CEBBCO,20180817,13.3,13.3,12.8,12.85,27087,22654
CELEBRITY,20180817,11.8,11.9,11.7,11.75,15262,14859
CELESTIAL,20180817,13.3,14.8,13.3,14.3,53051,29657
CENTENKA,20180817,275.1,279.8,274.1,277.85,35614,18194
CENTEXT,20180817,5.95,5.95,5.65,5.75,151468,138142
CENTRALBK,20180817,69.65,69.85,68.55,69.2,106045,50334
CENTRUM,20180817,53.0,53.0,51.7,51.9,316501,278566
CENTUM,20180817,357.75,377.8,350.5,369.15,978,530
CENTURYPLY,20180817,227.1,231.0,224.0,226.05,139504,68750
CENTURYTEX,20180817,918.0,927.55,911.0,920.25,907477,407980
CERA,20180817,2724.3,2764.0,2676.6,2700.7,6531,3720
CEREBRAINT,20180817,58.8,59.9,56.15,57.25,660455,326389
CES1RPG,20180817,9.5,9.5,9.35,9.4,37650,37650
CESC,20180817,921.7,936.0,911.0,930.75,401963,81620
CGCL,20180817,79.45,82.9,78.55,82.05,132536,118519
CGPOWER,20180817,59.05,59.9,58.6,59.6,4014691,421646
CHAMBLFERT,20180817,144.5,155.0,144.1,152.6,1414266,336724
CHEMFAB,20180817,169.95,174.95,162.55,164.85,3548,2573
CHENNPETRO,20180817,301.65,306.95,300.35,304.3,643324,231330
CHOLAFIN,20180817,1475.0,1497.0,1460.35,1487.4,310740,191301
CIGNITITEC,20180817,383.8,407.0,383.7,396.15,22812,12538
CIMMCO,20180817,66.65,67.8,66.65,67.45,4690,3464
CINELINE,20180817,55.3,56.65,54.55,54.75,11234,7759
CIPLA,20180817,650.05,655.5,643.7,646.9,2915387,847998
CLEDUCATE,20180817,155.15,158.0,129.2,140.0,64381,50445
CLNINDIA,20180817,444.65,465.0,444.65,458.0,46345,30259
CMICABLES,20180817,197.95,202.0,194.8,195.7,24006,12488
CMMIPL,20180817,30.65,30.65,30.65,30.65,3000,3000
COALINDIA,20180817,285.0,286.6,281.0,281.4,2099688,493698
COCHINSHIP,20180817,438.8,445.0,432.55,444.0,186913,151856
COFFEEDAY,20180817,242.0,259.65,236.45,244.7,347203,110989
COLPAL,20180817,1145.0,1151.0,1135.55,1142.7,850909,605468
COMPINFO,20180817,36.5,36.95,34.4,34.75,40355,29901
COMPUSOFT,20180817,12.25,12.25,12.0,12.1,30485,20847
CONCOR,20180817,646.0,655.0,633.35,638.5,636415,413489
CONSOFINVT,20180817,59.0,59.05,59.0,59.0,1528,1528
CONTROLPR,20180817,398.95,403.0,393.9,400.25,9323,7476
CORALFINAC,20180817,21.25,21.8,21.0,21.15,18023,10393
CORDSCABLE,20180817,71.55,73.4,71.5,72.1,13327,9161
COROMANDEL,20180817,425.05,427.05,404.25,410.4,136912,100790
CORPBANK,20180817,28.45,28.8,28.2,28.35,176757,69387
COSMOFILMS,20180817,238.0,242.9,237.1,240.85,25365,12425
COUNCODOS,20180817,2.4,2.5,2.4,2.45,2101,1596
COX&KINGS,20180817,210.05,220.0,209.05,215.4,242305,167605
CPSEETF,20180817,27.1,27.27,26.91,27.0,409314,343967
CREATIVE,20180817,129.0,129.0,129.0,129.0,1600,1600
CREATIVEYE,20180817,3.05,3.05,3.0,3.0,779,775
CREST,20180817,155.0,172.9,153.0,166.8,16764,9582
CRISIL,20180817,1807.9,1807.9,1794.55,1800.25,26141,24871
CROMPTON,20180817,261.25,265.5,259.45,262.35,396713,273120
CROWN,20180817,72.1,72.1,72.1,72.1,1000,1000
CTE,20180817,56.05,60.0,56.05,56.85,4163,2623
CUB,20180817,183.5,185.0,181.7,183.15,344514,188355
CUMMINSIND,20180817,675.1,682.0,669.15,677.7,293323,149859
CUPID,20180817,223.45,239.9,220.95,232.4,70169,27204
CYBERMEDIA,20180817,9.1,9.55,8.65,8.65,753,545
CYBERTECH,20180817,45.2,45.8,44.0,44.45,16033,11648
CYIENT,20180817,737.15,744.0,733.0,739.05,77312,30767
DAAWAT,20180817,58.4,59.75,58.0,58.35,840242,498317
DABUR,20180817,447.0,459.0,444.0,456.2,3213894,1631381
DALMIABHA,20180817,2556.25,2717.45,2554.4,2701.95,269266,126968
DALMIASUG,20180817,64.2,64.2,62.3,62.85,29178,16815
DAMODARIND,20180817,105.0,105.0,103.05,103.85,2363,271
DATAMATICS,20180817,112.65,117.9,111.3,114.9,311232,129343
DBCORP,20180817,249.9,251.5,246.35,249.7,42961,25579
DBL,20180817,860.25,868.9,852.0,854.3,190910,90776
DBREALTY,20180817,31.25,31.95,30.95,31.25,623721,363770
DBSTOCKBRO,20180817,8.45,8.45,8.45,8.45,2,2
DCAL,20180817,251.75,285.85,251.7,272.7,1073882,274626
DCBBANK,20180817,165.95,167.8,164.6,165.5,626265,140536
DCM,20180817,89.85,91.6,89.7,90.85,12164,6600
DCMSHRIRAM,20180817,378.0,378.9,370.05,373.75,84272,42320
DCW,20180817,23.0,23.4,23.0,23.15,76331,35863
DECCANCE,20180817,424.6,425.0,412.0,416.45,5356,3810
DEEPAKFERT,20180817,251.15,256.95,251.15,255.25,75296,42808
DEEPAKNTR,20180817,280.9,283.8,273.6,275.85,121056,65615
DEEPIND,20180817,110.8,113.0,107.3,108.4,38708,18938
DELTACORP,20180817,260.0,264.9,255.6,261.9,1878802,631016
DELTAMAGNT,20180817,64.7,64.7,59.0,61.45,329,203
DEN,20180817,57.35,59.05,55.55,56.1,213156,92292
DENABANK,20180817,16.65,16.95,16.65,16.8,733446,297569
DENORA,20180817,319.05,327.0,307.15,322.05,7733,3237
DFMFOODS,20180817,1260.05,1337.7,1239.05,1305.2,7029,5247
DHAMPURSUG,20180817,86.95,87.45,85.6,86.3,115945,41261
DHANBANK,20180817,15.65,15.8,15.4,15.45,376211,281964
DHANUKA,20180817,549.75,550.85,537.0,541.0,6738,3882
DHFL,20180817,652.4,673.6,649.5,670.35,4385256,793509
DHFL,20180817,652.4,673.6,649.5,670.35,10,10
DHFL,20180817,652.4,673.6,649.5,670.35,149,149
DHFL,20180817,652.4,673.6,649.5,670.35,40,40
DHFL,20180817,652.4,673.6,649.5,670.35,35,35
DHFL,20180817,652.4,673.6,649.5,670.35,1054,1054
DHFL,20180817,652.4,673.6,649.5,670.35,21,21
DHFL,20180817,652.4,673.6,649.5,670.35,102,102
DHFL,20180817,652.4,673.6,649.5,670.35,666,666
DHFL,20180817,652.4,673.6,649.5,670.35,100,100
DHFL,20180817,652.4,673.6,649.5,670.35,312,311
DHFL,20180817,652.4,673.6,649.5,670.35,1275,1275
DHFL,20180817,652.4,673.6,649.5,670.35,34,34
DHFL,20180817,652.4,673.6,649.5,670.35,106,106
DHFL,20180817,1000.0,1000.0,1000.0,1000.0,4385256,793509
DHFL,20180817,1000.0,1000.0,1000.0,1000.0,10,10
DHFL,20180817,1000.0,1000.0,1000.0,1000.0,149,149
DHFL,20180817,1000.0,1000.0,1000.0,1000.0,40,40
DHFL,20180817,1000.0,1000.0,1000.0,1000.0,35,35
DHFL,20180817,1000.0,1000.0,1000.0,1000.0,1054,1054
DHFL,20180817,1000.0,1000.0,1000.0,1000.0,21,21
DHFL,20180817,1000.0,1000.0,1000.0,1000.0,102,102
DHFL,20180817,1000.0,1000.0,1000.0,1000.0,666,666
DHFL,20180817,1000.0,1000.0,1000.0,1000.0,100,100
DHFL,20180817,1000.0,1000.0,1000.0,1000.0,312,311
DHFL,20180817,1000.0,1000.0,1000.0,1000.0,1275,1275
DHFL,20180817,1000.0,1000.0,1000.0,1000.0,34,34
DHFL,20180817,1000.0,1000.0,1000.0,1000.0,106,106
DHFL,20180817,1007.9,1007.95,1007.9,1007.95,4385256,793509
DHFL,20180817,1007.9,1007.95,1007.9,1007.95,10,10
DHFL,20180817,1007.9,1007.95,1007.9,1007.95,149,149
DHFL,20180817,1007.9,1007.95,1007.9,1007.95,40,40
DHFL,20180817,1007.9,1007.95,1007.9,1007.95,35,35
DHFL,20180817,1007.9,1007.95,1007.9,1007.95,1054,1054
DHFL,20180817,1007.9,1007.95,1007.9,1007.95,21,21
DHFL,20180817,1007.9,1007.95,1007.9,1007.95,102,102
DHFL,20180817,1007.9,1007.95,1007.9,1007.95,666,666
DHFL,20180817,1007.9,1007.95,1007.9,1007.95,100,100
DHFL,20180817,1007.9,1007.95,1007.9,1007.95,312,311
DHFL,20180817,1007.9,1007.95,1007.9,1007.95,1275,1275
DHFL,20180817,1007.9,1007.95,1007.9,1007.95,34,34
DHFL,20180817,1007.9,1007.95,1007.9,1007.95,106,106
DHFL,20180817,1005.0,1005.0,1005.0,1005.0,4385256,793509
DHFL,20180817,1005.0,1005.0,1005.0,1005.0,10,10
DHFL,20180817,1005.0,1005.0,1005.0,1005.0,149,149
DHFL,20180817,1005.0,1005.0,1005.0,1005.0,40,40
DHFL,20180817,1005.0,1005.0,1005.0,1005.0,35,35
DHFL,20180817,1005.0,1005.0,1005.0,1005.0,1054,1054
DHFL,20180817,1005.0,1005.0,1005.0,1005.0,21,21
DHFL,20180817,1005.0,1005.0,1005.0,1005.0,102,102
DHFL,20180817,1005.0,1005.0,1005.0,1005.0,666,666
DHFL,20180817,1005.0,1005.0,1005.0,1005.0,100,100
DHFL,20180817,1005.0,1005.0,1005.0,1005.0,312,311
DHFL,20180817,1005.0,1005.0,1005.0,1005.0,1275,1275
DHFL,20180817,1005.0,1005.0,1005.0,1005.0,34,34
DHFL,20180817,1005.0,1005.0,1005.0,1005.0,106,106
DHFL,20180817,1000.0,1000.0,1000.0,1000.0,4385256,793509
DHFL,20180817,1000.0,1000.0,1000.0,1000.0,10,10
DHFL,20180817,1000.0,1000.0,1000.0,1000.0,149,149
DHFL,20180817,1000.0,1000.0,1000.0,1000.0,40,40
DHFL,20180817,1000.0,1000.0,1000.0,1000.0,35,35
DHFL,20180817,1000.0,1000.0,1000.0,1000.0,1054,1054
DHFL,20180817,1000.0,1000.0,1000.0,1000.0,21,21
DHFL,20180817,1000.0,1000.0,1000.0,1000.0,102,102
DHFL,20180817,1000.0,1000.0,1000.0,1000.0,666,666
DHFL,20180817,1000.0,1000.0,1000.0,1000.0,100,100
DHFL,20180817,1000.0,1000.0,1000.0,1000.0,312,311
DHFL,20180817,1000.0,1000.0,1000.0,1000.0,1275,1275
DHFL,20180817,1000.0,1000.0,1000.0,1000.0,34,34
DHFL,20180817,1000.0,1000.0,1000.0,1000.0,106,106
DHFL,20180817,992.2,999.95,992.2,998.0,4385256,793509
DHFL,20180817,992.2,999.95,992.2,998.0,10,10
DHFL,20180817,992.2,999.95,992.2,998.0,149,149
DHFL,20180817,992.2,999.95,992.2,998.0,40,40
DHFL,20180817,992.2,999.95,992.2,998.0,35,35
DHFL,20180817,992.2,999.95,992.2,998.0,1054,1054
DHFL,20180817,992.2,999.95,992.2,998.0,21,21
DHFL,20180817,992.2,999.95,992.2,998.0,102,102
DHFL,20180817,992.2,999.95,992.2,998.0,666,666
DHFL,20180817,992.2,999.95,992.2,998.0,100,100
DHFL,20180817,992.2,999.95,992.2,998.0,312,311
DHFL,20180817,992.2,999.95,992.2,998.0,1275,1275
DHFL,20180817,992.2,999.95,992.2,998.0,34,34
DHFL,20180817,992.2,999.95,992.2,998.0,106,106
DHFL,20180817,1190.0,1190.0,1190.0,1190.0,4385256,793509
DHFL,20180817,1190.0,1190.0,1190.0,1190.0,10,10
DHFL,20180817,1190.0,1190.0,1190.0,1190.0,149,149
DHFL,20180817,1190.0,1190.0,1190.0,1190.0,40,40
DHFL,20180817,1190.0,1190.0,1190.0,1190.0,35,35
DHFL,20180817,1190.0,1190.0,1190.0,1190.0,1054,1054
DHFL,20180817,1190.0,1190.0,1190.0,1190.0,21,21
DHFL,20180817,1190.0,1190.0,1190.0,1190.0,102,102
DHFL,20180817,1190.0,1190.0,1190.0,1190.0,666,666
DHFL,20180817,1190.0,1190.0,1190.0,1190.0,100,100
DHFL,20180817,1190.0,1190.0,1190.0,1190.0,312,311
DHFL,20180817,1190.0,1190.0,1190.0,1190.0,1275,1275
DHFL,20180817,1190.0,1190.0,1190.0,1190.0,34,34
DHFL,20180817,1190.0,1190.0,1190.0,1190.0,106,106
DHFL,20180817,1180.0,1180.0,1173.05,1173.05,4385256,793509
DHFL,20180817,1180.0,1180.0,1173.05,1173.05,10,10
DHFL,20180817,1180.0,1180.0,1173.05,1173.05,149,149
DHFL,20180817,1180.0,1180.0,1173.05,1173.05,40,40
DHFL,20180817,1180.0,1180.0,1173.05,1173.05,35,35
DHFL,20180817,1180.0,1180.0,1173.05,1173.05,1054,1054
DHFL,20180817,1180.0,1180.0,1173.05,1173.05,21,21
DHFL,20180817,1180.0,1180.0,1173.05,1173.05,102,102
DHFL,20180817,1180.0,1180.0,1173.05,1173.05,666,666
DHFL,20180817,1180.0,1180.0,1173.05,1173.05,100,100
DHFL,20180817,1180.0,1180.0,1173.05,1173.05,312,311
DHFL,20180817,1180.0,1180.0,1173.05,1173.05,1275,1275
DHFL,20180817,1180.0,1180.0,1173.05,1173.05,34,34
DHFL,20180817,1180.0,1180.0,1173.05,1173.05,106,106
DHFL,20180817,1069.0,1069.0,1067.0,1067.0,4385256,793509
DHFL,20180817,1069.0,1069.0,1067.0,1067.0,10,10
DHFL,20180817,1069.0,1069.0,1067.0,1067.0,149,149
DHFL,20180817,1069.0,1069.0,1067.0,1067.0,40,40
DHFL,20180817,1069.0,1069.0,1067.0,1067.0,35,35
DHFL,20180817,1069.0,1069.0,1067.0,1067.0,1054,1054
DHFL,20180817,1069.0,1069.0,1067.0,1067.0,21,21
DHFL,20180817,1069.0,1069.0,1067.0,1067.0,102,102
DHFL,20180817,1069.0,1069.0,1067.0,1067.0,666,666
DHFL,20180817,1069.0,1069.0,1067.0,1067.0,100,100
DHFL,20180817,1069.0,1069.0,1067.0,1067.0,312,311
DHFL,20180817,1069.0,1069.0,1067.0,1067.0,1275,1275
DHFL,20180817,1069.0,1069.0,1067.0,1067.0,34,34
DHFL,20180817,1069.0,1069.0,1067.0,1067.0,106,106
DHFL,20180817,1012.0,1012.0,1012.0,1012.0,4385256,793509
DHFL,20180817,1012.0,1012.0,1012.0,1012.0,10,10
DHFL,20180817,1012.0,1012.0,1012.0,1012.0,149,149
DHFL,20180817,1012.0,1012.0,1012.0,1012.0,40,40
DHFL,20180817,1012.0,1012.0,1012.0,1012.0,35,35
DHFL,20180817,1012.0,1012.0,1012.0,1012.0,1054,1054
DHFL,20180817,1012.0,1012.0,1012.0,1012.0,21,21
DHFL,20180817,1012.0,1012.0,1012.0,1012.0,102,102
DHFL,20180817,1012.0,1012.0,1012.0,1012.0,666,666
DHFL,20180817,1012.0,1012.0,1012.0,1012.0,100,100
DHFL,20180817,1012.0,1012.0,1012.0,1012.0,312,311
DHFL,20180817,1012.0,1012.0,1012.0,1012.0,1275,1275
DHFL,20180817,1012.0,1012.0,1012.0,1012.0,34,34
DHFL,20180817,1012.0,1012.0,1012.0,1012.0,106,106
DHFL,20180817,1077.0,1078.0,1077.0,1078.0,4385256,793509
DHFL,20180817,1077.0,1078.0,1077.0,1078.0,10,10
DHFL,20180817,1077.0,1078.0,1077.0,1078.0,149,149
DHFL,20180817,1077.0,1078.0,1077.0,1078.0,40,40
DHFL,20180817,1077.0,1078.0,1077.0,1078.0,35,35
DHFL,20180817,1077.0,1078.0,1077.0,1078.0,1054,1054
DHFL,20180817,1077.0,1078.0,1077.0,1078.0,21,21
DHFL,20180817,1077.0,1078.0,1077.0,1078.0,102,102
DHFL,20180817,1077.0,1078.0,1077.0,1078.0,666,666
DHFL,20180817,1077.0,1078.0,1077.0,1078.0,100,100
DHFL,20180817,1077.0,1078.0,1077.0,1078.0,312,311
DHFL,20180817,1077.0,1078.0,1077.0,1078.0,1275,1275
DHFL,20180817,1077.0,1078.0,1077.0,1078.0,34,34
DHFL,20180817,1077.0,1078.0,1077.0,1078.0,106,106
DHFL,20180817,998.0,998.0,988.5,990.01,4385256,793509
DHFL,20180817,998.0,998.0,988.5,990.01,10,10
DHFL,20180817,998.0,998.0,988.5,990.01,149,149
DHFL,20180817,998.0,998.0,988.5,990.01,40,40
DHFL,20180817,998.0,998.0,988.5,990.01,35,35
DHFL,20180817,998.0,998.0,988.5,990.01,1054,1054
DHFL,20180817,998.0,998.0,988.5,990.01,21,21
DHFL,20180817,998.0,998.0,988.5,990.01,102,102
DHFL,20180817,998.0,998.0,988.5,990.01,666,666
DHFL,20180817,998.0,998.0,988.5,990.01,100,100
DHFL,20180817,998.0,998.0,988.5,990.01,312,311
DHFL,20180817,998.0,998.0,988.5,990.01,1275,1275
DHFL,20180817,998.0,998.0,988.5,990.01,34,34
DHFL,20180817,998.0,998.0,988.5,990.01,106,106
DHFL,20180817,985.0,985.0,980.0,980.0,4385256,793509
DHFL,20180817,985.0,985.0,980.0,980.0,10,10
DHFL,20180817,985.0,985.0,980.0,980.0,149,149
DHFL,20180817,985.0,985.0,980.0,980.0,40,40
DHFL,20180817,985.0,985.0,980.0,980.0,35,35
DHFL,20180817,985.0,985.0,980.0,980.0,1054,1054
DHFL,20180817,985.0,985.0,980.0,980.0,21,21
DHFL,20180817,985.0,985.0,980.0,980.0,102,102
DHFL,20180817,985.0,985.0,980.0,980.0,666,666
DHFL,20180817,985.0,985.0,980.0,980.0,100,100
DHFL,20180817,985.0,985.0,980.0,980.0,312,311
DHFL,20180817,985.0,985.0,980.0,980.0,1275,1275
DHFL,20180817,985.0,985.0,980.0,980.0,34,34
DHFL,20180817,985.0,985.0,980.0,980.0,106,106
DHFL,20180817,985.1,986.0,985.1,986.0,4385256,793509
DHFL,20180817,985.1,986.0,985.1,986.0,10,10
DHFL,20180817,985.1,986.0,985.1,986.0,149,149
DHFL,20180817,985.1,986.0,985.1,986.0,40,40
DHFL,20180817,985.1,986.0,985.1,986.0,35,35
DHFL,20180817,985.1,986.0,985.1,986.0,1054,1054
DHFL,20180817,985.1,986.0,985.1,986.0,21,21
DHFL,20180817,985.1,986.0,985.1,986.0,102,102
DHFL,20180817,985.1,986.0,985.1,986.0,666,666
DHFL,20180817,985.1,986.0,985.1,986.0,100,100
DHFL,20180817,985.1,986.0,985.1,986.0,312,311
DHFL,20180817,985.1,986.0,985.1,986.0,1275,1275
DHFL,20180817,985.1,986.0,985.1,986.0,34,34
DHFL,20180817,985.1,986.0,985.1,986.0,106,106
DHUNINV,20180817,317.65,320.05,292.6,308.95,2865,1868
DIAMONDYD,20180817,1077.7,1125.8,1077.7,1087.3,4327,3655
DICIND,20180817,431.05,449.55,423.0,443.6,442,418
DIGJAMLTD,20180817,6.65,7.35,6.65,6.85,202282,82531
DISHTV,20180817,68.55,70.35,68.1,69.8,4037636,1658600
DIVISLAB,20180817,1166.0,1185.95,1148.65,1174.75,959814,318228
DIXON,20180817,2470.0,2563.9,2450.05,2528.75,30998,10633
DLF,20180817,208.95,211.85,208.15,210.15,7728061,852464
DLINKINDIA,20180817,88.8,89.0,87.4,88.6,11181,6196
DMART,20180817,1568.0,1634.4,1564.7,1616.7,924064,308046
DNAMEDIA,20180817,6.25,6.75,6.25,6.35,21298,16414
DOLLAR,20180817,310.85,318.0,308.35,315.05,59070,47330
DOLPHINOFF,20180817,59.0,60.05,58.15,58.6,119195,49143
DONEAR,20180817,41.35,42.8,40.15,41.6,24210,10024
DPABHUSHAN,20180817,43.6,43.6,43.0,43.0,12000,12000
DPL,20180817,114.3,116.0,108.2,110.05,37835,28708
DPSCLTD,20180817,16.35,16.75,15.95,16.3,16336,8860
DQE,20180817,9.2,9.35,8.6,9.0,9041,6601
DREDGECORP,20180817,458.5,469.1,457.0,462.45,161470,32343
DRREDDY,20180817,2373.9,2411.3,2350.9,2364.15,889022,195902
DSSL,20180817,43.0,44.7,36.2,37.0,371111,88996
DTIL,20180817,281.2,284.0,279.9,280.25,1481,1149
DUCON,20180817,20.9,21.4,19.65,19.95,341891,140713
DWARKESH,20180817,19.15,19.35,19.0,19.1,308045,171603
DYNAMATECH,20180817,1628.7,1650.0,1628.0,1634.2,797,628
DYNPRO,20180817,140.6,148.0,140.6,144.35,7070,5371
E2E,20180817,90.8,92.0,90.5,92.0,16000,8000
EASTSILK,20180817,3.75,3.75,3.35,3.45,29121,18517
EBANK,20180817,2785.0,2800.0,2770.0,2785.63,29,29
ECEIND,20180817,293.9,302.7,293.0,295.3,181,95
ECLERX,20180817,1106.0,1119.9,1102.0,1111.4,16485,13442
ECLFINANCE,20180817,1014.0,1016.9,1014.0,1016.77,156,156
ECLFINANCE,20180817,1014.0,1016.9,1014.0,1016.77,10,10
ECLFINANCE,20180817,1014.0,1016.9,1014.0,1016.77,95,95
ECLFINANCE,20180817,1014.0,1016.9,1014.0,1016.77,126,121
ECLFINANCE,20180817,1014.0,1016.9,1014.0,1016.77,10,10
ECLFINANCE,20180817,1014.0,1016.9,1014.0,1016.77,150,150
ECLFINANCE,20180817,1014.0,1016.9,1014.0,1016.77,45,45
ECLFINANCE,20180817,1014.0,1016.9,1014.0,1016.77,90,45
ECLFINANCE,20180817,1014.0,1016.9,1014.0,1016.77,594,594
ECLFINANCE,20180817,1014.0,1016.9,1014.0,1016.77,784,784
ECLFINANCE,20180817,1014.0,1016.9,1014.0,1016.77,130,130
ECLFINANCE,20180817,1014.0,1016.9,1014.0,1016.77,577,577
ECLFINANCE,20180817,1014.0,1016.9,1014.0,1016.77,4113,3853
ECLFINANCE,20180817,1730.0,1730.0,1730.0,1730.0,156,156
ECLFINANCE,20180817,1730.0,1730.0,1730.0,1730.0,10,10
ECLFINANCE,20180817,1730.0,1730.0,1730.0,1730.0,95,95
ECLFINANCE,20180817,1730.0,1730.0,1730.0,1730.0,126,121
ECLFINANCE,20180817,1730.0,1730.0,1730.0,1730.0,10,10
ECLFINANCE,20180817,1730.0,1730.0,1730.0,1730.0,150,150
ECLFINANCE,20180817,1730.0,1730.0,1730.0,1730.0,45,45
ECLFINANCE,20180817,1730.0,1730.0,1730.0,1730.0,90,45
ECLFINANCE,20180817,1730.0,1730.0,1730.0,1730.0,594,594
ECLFINANCE,20180817,1730.0,1730.0,1730.0,1730.0,784,784
ECLFINANCE,20180817,1730.0,1730.0,1730.0,1730.0,130,130
ECLFINANCE,20180817,1730.0,1730.0,1730.0,1730.0,577,577
ECLFINANCE,20180817,1730.0,1730.0,1730.0,1730.0,4113,3853
ECLFINANCE,20180817,1055.0,1059.95,1055.0,1059.9,156,156
ECLFINANCE,20180817,1055.0,1059.95,1055.0,1059.9,10,10
ECLFINANCE,20180817,1055.0,1059.95,1055.0,1059.9,95,95
ECLFINANCE,20180817,1055.0,1059.95,1055.0,1059.9,126,121
ECLFINANCE,20180817,1055.0,1059.95,1055.0,1059.9,10,10
ECLFINANCE,20180817,1055.0,1059.95,1055.0,1059.9,150,150
ECLFINANCE,20180817,1055.0,1059.95,1055.0,1059.9,45,45
ECLFINANCE,20180817,1055.0,1059.95,1055.0,1059.9,90,45
ECLFINANCE,20180817,1055.0,1059.95,1055.0,1059.9,594,594
ECLFINANCE,20180817,1055.0,1059.95,1055.0,1059.9,784,784
ECLFINANCE,20180817,1055.0,1059.95,1055.0,1059.9,130,130
ECLFINANCE,20180817,1055.0,1059.95,1055.0,1059.9,577,577
ECLFINANCE,20180817,1055.0,1059.95,1055.0,1059.9,4113,3853
ECLFINANCE,20180817,1051.9,1058.9,1050.0,1050.25,156,156
ECLFINANCE,20180817,1051.9,1058.9,1050.0,1050.25,10,10
ECLFINANCE,20180817,1051.9,1058.9,1050.0,1050.25,95,95
ECLFINANCE,20180817,1051.9,1058.9,1050.0,1050.25,126,121
ECLFINANCE,20180817,1051.9,1058.9,1050.0,1050.25,10,10
ECLFINANCE,20180817,1051.9,1058.9,1050.0,1050.25,150,150
ECLFINANCE,20180817,1051.9,1058.9,1050.0,1050.25,45,45
ECLFINANCE,20180817,1051.9,1058.9,1050.0,1050.25,90,45
ECLFINANCE,20180817,1051.9,1058.9,1050.0,1050.25,594,594
ECLFINANCE,20180817,1051.9,1058.9,1050.0,1050.25,784,784
ECLFINANCE,20180817,1051.9,1058.9,1050.0,1050.25,130,130
ECLFINANCE,20180817,1051.9,1058.9,1050.0,1050.25,577,577
ECLFINANCE,20180817,1051.9,1058.9,1050.0,1050.25,4113,3853
ECLFINANCE,20180817,1710.0,1710.0,1710.0,1710.0,156,156
ECLFINANCE,20180817,1710.0,1710.0,1710.0,1710.0,10,10
ECLFINANCE,20180817,1710.0,1710.0,1710.0,1710.0,95,95
ECLFINANCE,20180817,1710.0,1710.0,1710.0,1710.0,126,121
ECLFINANCE,20180817,1710.0,1710.0,1710.0,1710.0,10,10
ECLFINANCE,20180817,1710.0,1710.0,1710.0,1710.0,150,150
ECLFINANCE,20180817,1710.0,1710.0,1710.0,1710.0,45,45
ECLFINANCE,20180817,1710.0,1710.0,1710.0,1710.0,90,45
ECLFINANCE,20180817,1710.0,1710.0,1710.0,1710.0,594,594
ECLFINANCE,20180817,1710.0,1710.0,1710.0,1710.0,784,784
ECLFINANCE,20180817,1710.0,1710.0,1710.0,1710.0,130,130
ECLFINANCE,20180817,1710.0,1710.0,1710.0,1710.0,577,577
ECLFINANCE,20180817,1710.0,1710.0,1710.0,1710.0,4113,3853
ECLFINANCE,20180817,1015.0,1017.99,1013.0,1017.99,156,156
ECLFINANCE,20180817,1015.0,1017.99,1013.0,1017.99,10,10
ECLFINANCE,20180817,1015.0,1017.99,1013.0,1017.99,95,95
ECLFINANCE,20180817,1015.0,1017.99,1013.0,1017.99,126,121
ECLFINANCE,20180817,1015.0,1017.99,1013.0,1017.99,10,10
ECLFINANCE,20180817,1015.0,1017.99,1013.0,1017.99,150,150
ECLFINANCE,20180817,1015.0,1017.99,1013.0,1017.99,45,45
ECLFINANCE,20180817,1015.0,1017.99,1013.0,1017.99,90,45
ECLFINANCE,20180817,1015.0,1017.99,1013.0,1017.99,594,594
ECLFINANCE,20180817,1015.0,1017.99,1013.0,1017.99,784,784
ECLFINANCE,20180817,1015.0,1017.99,1013.0,1017.99,130,130
ECLFINANCE,20180817,1015.0,1017.99,1013.0,1017.99,577,577
ECLFINANCE,20180817,1015.0,1017.99,1013.0,1017.99,4113,3853
ECLFINANCE,20180817,1000.0,1000.0,1000.0,1000.0,156,156
ECLFINANCE,20180817,1000.0,1000.0,1000.0,1000.0,10,10
ECLFINANCE,20180817,1000.0,1000.0,1000.0,1000.0,95,95
ECLFINANCE,20180817,1000.0,1000.0,1000.0,1000.0,126,121
ECLFINANCE,20180817,1000.0,1000.0,1000.0,1000.0,10,10
ECLFINANCE,20180817,1000.0,1000.0,1000.0,1000.0,150,150
ECLFINANCE,20180817,1000.0,1000.0,1000.0,1000.0,45,45
ECLFINANCE,20180817,1000.0,1000.0,1000.0,1000.0,90,45
ECLFINANCE,20180817,1000.0,1000.0,1000.0,1000.0,594,594
ECLFINANCE,20180817,1000.0,1000.0,1000.0,1000.0,784,784
ECLFINANCE,20180817,1000.0,1000.0,1000.0,1000.0,130,130
ECLFINANCE,20180817,1000.0,1000.0,1000.0,1000.0,577,577
ECLFINANCE,20180817,1000.0,1000.0,1000.0,1000.0,4113,3853
ECLFINANCE,20180817,998.0,1000.9,998.0,1000.0,156,156
ECLFINANCE,20180817,998.0,1000.9,998.0,1000.0,10,10
ECLFINANCE,20180817,998.0,1000.9,998.0,1000.0,95,95
ECLFINANCE,20180817,998.0,1000.9,998.0,1000.0,126,121
ECLFINANCE,20180817,998.0,1000.9,998.0,1000.0,10,10
ECLFINANCE,20180817,998.0,1000.9,998.0,1000.0,150,150
ECLFINANCE,20180817,998.0,1000.9,998.0,1000.0,45,45
ECLFINANCE,20180817,998.0,1000.9,998.0,1000.0,90,45
ECLFINANCE,20180817,998.0,1000.9,998.0,1000.0,594,594
ECLFINANCE,20180817,998.0,1000.9,998.0,1000.0,784,784
ECLFINANCE,20180817,998.0,1000.9,998.0,1000.0,130,130
ECLFINANCE,20180817,998.0,1000.9,998.0,1000.0,577,577
ECLFINANCE,20180817,998.0,1000.9,998.0,1000.0,4113,3853
ECLFINANCE,20180817,1003.5,1003.5,1003.0,1003.0,156,156
ECLFINANCE,20180817,1003.5,1003.5,1003.0,1003.0,10,10
ECLFINANCE,20180817,1003.5,1003.5,1003.0,1003.0,95,95
ECLFINANCE,20180817,1003.5,1003.5,1003.0,1003.0,126,121
ECLFINANCE,20180817,1003.5,1003.5,1003.0,1003.0,10,10
ECLFINANCE,20180817,1003.5,1003.5,1003.0,1003.0,150,150
ECLFINANCE,20180817,1003.5,1003.5,1003.0,1003.0,45,45
ECLFINANCE,20180817,1003.5,1003.5,1003.0,1003.0,90,45
ECLFINANCE,20180817,1003.5,1003.5,1003.0,1003.0,594,594
ECLFINANCE,20180817,1003.5,1003.5,1003.0,1003.0,784,784
ECLFINANCE,20180817,1003.5,1003.5,1003.0,1003.0,130,130
ECLFINANCE,20180817,1003.5,1003.5,1003.0,1003.0,577,577
ECLFINANCE,20180817,1003.5,1003.5,1003.0,1003.0,4113,3853
ECLFINANCE,20180817,1000.0,1000.0,1000.0,1000.0,156,156
ECLFINANCE,20180817,1000.0,1000.0,1000.0,1000.0,10,10
ECLFINANCE,20180817,1000.0,1000.0,1000.0,1000.0,95,95
ECLFINANCE,20180817,1000.0,1000.0,1000.0,1000.0,126,121
ECLFINANCE,20180817,1000.0,1000.0,1000.0,1000.0,10,10
ECLFINANCE,20180817,1000.0,1000.0,1000.0,1000.0,150,150
ECLFINANCE,20180817,1000.0,1000.0,1000.0,1000.0,45,45
ECLFINANCE,20180817,1000.0,1000.0,1000.0,1000.0,90,45
ECLFINANCE,20180817,1000.0,1000.0,1000.0,1000.0,594,594
ECLFINANCE,20180817,1000.0,1000.0,1000.0,1000.0,784,784
ECLFINANCE,20180817,1000.0,1000.0,1000.0,1000.0,130,130
ECLFINANCE,20180817,1000.0,1000.0,1000.0,1000.0,577,577
ECLFINANCE,20180817,1000.0,1000.0,1000.0,1000.0,4113,3853
ECLFINANCE,20180817,1000.0,1000.0,1000.0,1000.0,156,156
ECLFINANCE,20180817,1000.0,1000.0,1000.0,1000.0,10,10
ECLFINANCE,20180817,1000.0,1000.0,1000.0,1000.0,95,95
ECLFINANCE,20180817,1000.0,1000.0,1000.0,1000.0,126,121
ECLFINANCE,20180817,1000.0,1000.0,1000.0,1000.0,10,10
ECLFINANCE,20180817,1000.0,1000.0,1000.0,1000.0,150,150
ECLFINANCE,20180817,1000.0,1000.0,1000.0,1000.0,45,45
ECLFINANCE,20180817,1000.0,1000.0,1000.0,1000.0,90,45
ECLFINANCE,20180817,1000.0,1000.0,1000.0,1000.0,594,594
ECLFINANCE,20180817,1000.0,1000.0,1000.0,1000.0,784,784
ECLFINANCE,20180817,1000.0,1000.0,1000.0,1000.0,130,130
ECLFINANCE,20180817,1000.0,1000.0,1000.0,1000.0,577,577
ECLFINANCE,20180817,1000.0,1000.0,1000.0,1000.0,4113,3853
ECLFINANCE,20180817,1008.5,1008.5,1007.3,1007.9,156,156
ECLFINANCE,20180817,1008.5,1008.5,1007.3,1007.9,10,10
ECLFINANCE,20180817,1008.5,1008.5,1007.3,1007.9,95,95
ECLFINANCE,20180817,1008.5,1008.5,1007.3,1007.9,126,121
ECLFINANCE,20180817,1008.5,1008.5,1007.3,1007.9,10,10
ECLFINANCE,20180817,1008.5,1008.5,1007.3,1007.9,150,150
ECLFINANCE,20180817,1008.5,1008.5,1007.3,1007.9,45,45
ECLFINANCE,20180817,1008.5,1008.5,1007.3,1007.9,90,45
ECLFINANCE,20180817,1008.5,1008.5,1007.3,1007.9,594,594
ECLFINANCE,20180817,1008.5,1008.5,1007.3,1007.9,784,784
ECLFINANCE,20180817,1008.5,1008.5,1007.3,1007.9,130,130
ECLFINANCE,20180817,1008.5,1008.5,1007.3,1007.9,577,577
ECLFINANCE,20180817,1008.5,1008.5,1007.3,1007.9,4113,3853
ECLFINANCE,20180817,998.98,998.98,997.55,998.44,156,156
ECLFINANCE,20180817,998.98,998.98,997.55,998.44,10,10
ECLFINANCE,20180817,998.98,998.98,997.55,998.44,95,95
ECLFINANCE,20180817,998.98,998.98,997.55,998.44,126,121
ECLFINANCE,20180817,998.98,998.98,997.55,998.44,10,10
ECLFINANCE,20180817,998.98,998.98,997.55,998.44,150,150
ECLFINANCE,20180817,998.98,998.98,997.55,998.44,45,45
ECLFINANCE,20180817,998.98,998.98,997.55,998.44,90,45
ECLFINANCE,20180817,998.98,998.98,997.55,998.44,594,594
ECLFINANCE,20180817,998.98,998.98,997.55,998.44,784,784
ECLFINANCE,20180817,998.98,998.98,997.55,998.44,130,130
ECLFINANCE,20180817,998.98,998.98,997.55,998.44,577,577
ECLFINANCE,20180817,998.98,998.98,997.55,998.44,4113,3853
EDELWEISS,20180817,277.05,299.7,277.05,297.55,5543998,1804127
EDL,20180817,18.15,18.3,18.0,18.1,6397,5127
EHFLNCD,20180817,1156.0,1156.0,1156.0,1156.0,26,26
EHFLNCD,20180817,1156.0,1156.0,1156.0,1156.0,1230,795
EHFLNCD,20180817,1029.99,1032.0,1025.46,1031.93,26,26
EHFLNCD,20180817,1029.99,1032.0,1025.46,1031.93,1230,795
EICHERMOT,20180817,29000.0,29175.0,28400.0,28476.15,37163,16245
EIDPARRY,20180817,217.7,221.95,215.15,216.25,107759,73928
EIFFL,20180817,134.55,135.0,129.2,129.6,8000,8000
EIHAHOTELS,20180817,410.05,421.05,410.05,413.0,7192,3217
EIHOTEL,20180817,175.0,177.4,172.6,175.8,72020,26772
EIMCOELECO,20180817,405.55,405.55,385.05,389.8,2656,2172
EKC,20180817,33.8,34.35,33.35,33.55,145769,59384
ELAND,20180817,9.5,9.5,8.95,8.95,28696,28388
ELECON,20180817,67.45,67.9,66.55,66.95,91297,44981
ELECTCAST,20180817,22.0,22.25,21.75,21.9,86013,64828
ELECTHERM,20180817,161.0,161.0,152.0,154.4,15902,9410
ELGIEQUIP,20180817,286.0,288.0,282.05,282.65,12816,6450
ELGIRUBCO,20180817,35.45,35.45,33.3,33.7,6039,4987
EMAMILTD,20180817,553.5,577.0,553.5,574.3,341194,204539
EMKAY,20180817,125.05,127.35,123.0,124.55,33867,20841
EMMBI,20180817,136.1,145.7,136.1,139.05,5633,4525
EMOFSR1RDP,20180817,8.5,8.5,8.45,8.5,22862,22862
EMOFSR1RGG,20180817,8.66,8.66,8.54,8.62,54400,54400
ENDURANCE,20180817,1451.0,1524.9,1451.0,1509.4,109668,67891
ENERGYDEV,20180817,14.65,15.1,14.55,14.65,11124,9321
ENGINERSIN,20180817,120.7,123.75,120.2,122.0,2067994,804087
ENIL,20180817,691.1,732.5,679.0,715.0,7077,3511
EON,20180817,49.55,53.85,49.5,51.2,38999,14711
EQ30,20180817,284.9,284.9,276.0,276.88,133,78
EQUITAS,20180817,139.3,143.1,138.95,141.35,1167867,281997
ERFLNCDI,20180817,987.0,987.0,987.0,987.0,100,100
ERFLNCDI,20180817,987.0,987.0,987.0,987.0,695,695
ERFLNCDI,20180817,987.0,987.0,987.0,987.0,47,47
ERFLNCDI,20180817,990.0,990.0,990.0,990.0,100,100
ERFLNCDI,20180817,990.0,990.0,990.0,990.0,695,695
ERFLNCDI,20180817,990.0,990.0,990.0,990.0,47,47
ERFLNCDI,20180817,976.75,977.4,976.75,977.33,100,100
ERFLNCDI,20180817,976.75,977.4,976.75,977.33,695,695
ERFLNCDI,20180817,976.75,977.4,976.75,977.33,47,47
ERIS,20180817,675.0,697.4,675.0,694.55,22184,18078
EROSMEDIA,20180817,121.4,122.25,118.9,120.8,540942,365694
ESABINDIA,20180817,825.0,858.0,815.0,846.6,7297,4626
ESCORTS,20180817,870.0,881.8,862.6,869.3,688681,216995
ESSARSHPNG,20180817,15.85,15.85,15.15,15.3,5573,4021
ESSDEE,20180817,26.7,27.5,25.65,25.7,25469,21196
ESSELPACK,20180817,105.5,111.8,105.5,109.3,183778,93914
ESTER,20180817,52.6,53.0,50.65,51.45,127875,83378
EUROTEXIND,20180817,23.4,23.4,22.5,22.75,610,550
EVEREADY,20180817,233.5,240.0,231.65,238.0,83948,55792
EVERESTIND,20180817,571.85,577.5,555.5,560.3,94661,39403
EXCEL,20180817,7.0,7.25,7.0,7.0,12513,11207
EXCELCROP,20180817,4410.0,4574.95,4410.0,4466.3,26978,21049
EXCELINDUS,20180817,1561.2,1637.35,1561.1,1637.35,18344,11816
EXIDEIND,20180817,291.7,293.3,288.2,290.65,746359,187410
FACT,20180817,40.1,40.95,39.9,40.35,54946,22363
FAIRCHEM,20180817,389.2,397.9,386.1,389.45,5691,4747
FCL,20180817,57.7,58.8,56.6,56.95,142104,76688
FCONSUMER,20180817,45.5,46.35,45.3,45.9,1205375,583618
FCSSOFT,20180817,0.25,0.25,0.2,0.25,391060,274279
FDC,20180817,252.0,254.0,250.4,251.7,11679,6959
FEDDERELEC,20180817,25.2,25.3,24.2,24.85,68173,50190
FEDERALBNK,20180817,90.25,90.25,86.0,86.25,22887554,9230282
FEL,20180817,36.4,37.0,36.3,36.55,401793,270103
FELDVR,20180817,36.0,36.95,36.0,36.45,6138,3648
FELIX,20180817,25.9,25.9,25.9,25.9,4000,4000
FIEMIND,20180817,755.85,755.85,746.9,748.5,4020,3324
FILATEX,20180817,51.65,58.0,51.0,56.4,2066709,859516
FINCABLES,20180817,599.9,605.0,595.05,597.0,30995,20232
FINEORG,20180817,832.05,838.0,819.75,827.0,27566,21570
FINPIPE,20180817,610.0,624.85,610.0,620.75,28446,20973
FIVECORE,20180817,131.0,137.8,130.2,133.0,43000,34000
FLEXITUFF,20180817,33.55,35.0,31.7,32.1,1307,821
FLFL,20180817,435.0,452.0,425.1,447.7,105663,60032
FMGOETZE,20180817,445.95,462.95,445.0,457.5,4764,3059
FMNL,20180817,90.2,93.25,87.2,88.75,122451,86164
FOCUS,20180817,157.0,157.0,157.0,157.0,1000,1000
FORTIS,20180817,148.2,151.3,148.05,150.15,2647739,1586151
FOSECOIND,20180817,1448.05,1469.4,1432.4,1446.55,296,219
FOURTHDIM,20180817,107.0,107.0,101.0,101.0,7000,7000
FRETAIL,20180817,518.0,527.9,513.0,520.45,801706,567214
FSC,20180817,628.25,631.9,621.0,621.75,2303,1184
FSL,20180817,65.35,65.95,64.5,64.8,2653729,706046
GABRIEL,20180817,142.0,145.3,140.3,142.2,108099,50560
GAEL,20180817,213.55,218.0,210.7,213.35,24688,15486
GAIL,20180817,394.0,396.6,384.2,387.7,4503067,966573
GALAXYSURF,20180817,1205.9,1213.75,1188.0,1196.2,59095,53077
GALLANTT,20180817,55.0,57.8,53.2,55.55,128918,64545
GALLISPAT,20180817,39.05,39.05,37.2,37.5,96615,66231
GAMMNINFRA,20180817,1.05,1.1,1.0,1.1,3041793,1702929
GANDHITUBE,20180817,396.95,397.9,391.55,394.25,2751,1956
GANECOS,20180817,330.0,339.8,322.75,331.6,37071,36508
GANESHHOUC,20180817,97.5,98.7,96.1,96.45,68095,36288
GANGESSECU,20180817,55.0,57.9,54.0,55.1,701,473
GARDENSILK,20180817,27.15,28.8,27.1,28.1,45239,12808
GARFIBRES,20180817,1255.0,1255.0,1239.8,1246.6,4220,2787
GATI,20180817,104.0,105.0,103.05,103.6,720470,173071
GAYAPROJ,20180817,205.8,206.0,201.9,205.25,97685,79821
GDL,20180817,182.0,187.0,179.0,182.25,35532,20088
GEECEE,20180817,123.4,126.45,121.25,124.1,7654,4993
GENESYS,20180817,201.9,204.45,201.9,203.15,72570,60325
GENUSPAPER,20180817,11.95,12.5,11.8,12.3,523766,354230
GENUSPOWER,20180817,39.6,40.35,39.4,39.95,291557,154300
GEOJITFSL,20180817,74.5,76.5,74.3,75.45,27532,17799
GEPIL,20180817,796.25,803.0,786.65,792.0,9396,6821
GESHIP,20180817,300.9,307.9,300.9,303.1,28540,21615
GET&D,20180817,279.85,279.85,276.15,277.7,13666,8187
GHCL,20180817,245.0,249.9,244.0,244.5,53296,31734
GICHSGFIN,20180817,343.7,346.3,340.5,341.75,41730,23923
GICRE,20180817,338.0,344.9,335.0,336.3,45280,25806
GILLANDERS,20180817,57.95,59.5,57.95,59.0,4506,2703
GILLETTE,20180817,6540.05,6588.9,6535.0,6552.25,5005,3935
GINNIFILA,20180817,20.9,21.35,20.55,20.7,63000,48041
GIPCL,20180817,90.6,90.95,88.2,90.1,22125,14603
GIRIRAJ,20180817,113.7,119.8,111.55,115.7,12000,2400
GKWLIMITED,20180817,860.0,946.0,850.1,935.55,814,657
GLAXO,20180817,3300.0,3375.75,3275.0,3299.45,28330,10197
GLENMARK,20180817,585.0,604.85,585.0,600.15,1661785,393176
GLOBAL,20180817,140.0,140.0,140.0,140.0,1000,1000
GLOBOFFS,20180817,17.7,18.8,17.0,18.65,33071,27165
GLOBUSSPR,20180817,142.95,142.95,138.5,139.2,34684,24703
GMBREW,20180817,690.15,722.9,690.15,722.9,50093,24706
GMDCLTD,20180817,119.0,119.85,117.5,118.05,87011,64444
GMMPFAUDLR,20180817,1080.8,1150.0,1079.95,1116.65,9263,4606
GMRINFRA,20180817,17.75,19.35,17.75,19.1,99608947,14825345
GNA,20180817,389.65,390.75,387.5,389.5,23163,17106
GNFC,20180817,407.0,409.8,405.1,407.1,355196,155822
GOACARBON,20180817,695.0,757.4,690.25,757.4,403554,97996
GOCLCORP,20180817,341.0,342.0,328.0,329.45,8137,6526
GODFRYPHLP,20180817,839.1,854.2,837.5,840.4,31352,4266
GODREJAGRO,20180817,610.0,611.35,602.0,603.85,126735,104676
GODREJCP,20180817,1340.0,1352.25,1321.5,1345.85,786352,460563
GODREJIND,20180817,615.4,615.95,603.1,610.3,326859,48990
GODREJPROP,20180817,711.85,715.0,707.3,713.05,22310,13075
GOKEX,20180817,85.25,87.2,84.15,85.05,104741,41415
GOKUL,20180817,12.45,13.7,12.25,12.95,66935,27411
GOKULAGRO,20180817,15.35,16.0,14.0,14.7,12106,5531
GOLDBEES,20180817,2624.95,2625.85,2611.1,2621.15,7609,3422
GOLDIAM,20180817,73.8,74.5,72.05,72.9,9222,7835
GOLDSHARE,20180817,2650.0,2650.0,2622.8,2627.2,1816,1350
GOLDSTAR,20180817,31.75,31.75,31.75,31.75,6000,6000
GOLDTECH,20180817,24.65,24.65,24.65,24.65,59348,59348
GOODLUCK,20180817,78.3,83.25,77.2,83.25,251010,108422
GPIL,20180817,453.3,472.0,452.75,458.85,245035,91231
GPPL,20180817,108.35,110.65,108.35,108.85,50440,33755
GPTINFRA,20180817,143.85,146.25,138.1,139.45,6763,6438
GRANULES,20180817,106.25,111.5,106.25,111.05,5508745,1054011
GRAPHITE,20180817,1116.0,1118.5,1090.0,1096.55,539999,298930
GRASIM,20180817,1005.0,1048.65,1001.0,1045.85,2665575,791847
GRAVITA,20180817,144.95,146.9,142.0,145.5,142263,87420
GREAVESCOT,20180817,151.0,151.55,145.1,146.9,450711,275880
GREENLAM,20180817,990.0,990.0,966.4,980.45,687,538
GREENPLY,20180817,195.3,199.9,195.1,196.2,28001,17423
GREENPOWER,20180817,7.85,7.9,7.6,7.7,124431,61702
GRINDWELL,20180817,512.0,515.0,510.05,511.15,1767,908
GRPLTD,20180817,1210.0,1210.0,1200.0,1200.0,294,254
GRUH,20180817,317.5,322.4,312.5,313.75,545999,411110
GSCLCEMENT,20180817,28.0,30.0,28.0,29.5,74844,32308
GSFC,20180817,111.05,114.75,111.05,114.05,1147706,330557
GSKCONS,20180817,6779.0,6779.0,6670.0,6691.6,4594,3018
GSPL,20180817,196.3,197.9,193.6,195.0,255862,213551
GSS,20180817,86.95,88.2,86.0,86.45,191541,112093
GTL,20180817,7.0,7.2,6.95,7.0,56182,38798
GTNIND,20180817,15.8,16.7,15.6,16.0,22672,18379
GTNTEX,20180817,13.0,13.0,12.75,12.8,926,926
GTPL,20180817,92.35,93.3,89.0,90.1,24496,22313
GUFICBIO,20180817,119.15,120.85,119.15,120.1,62064,51059
GUJALKALI,20180817,557.3,560.0,552.25,557.3,46794,17200
GUJAPOLLO,20180817,180.0,183.15,179.45,180.45,2830,2291
GUJFLUORO,20180817,823.0,857.7,795.0,842.0,301628,98315
GUJGASLTD,20180817,784.35,784.75,762.9,769.0,7988,3997
GULFOILLUB,20180817,864.9,864.9,818.7,821.65,12113,9441
GULFPETRO,20180817,84.9,85.8,83.1,84.1,44924,27964
GULPOLY,20180817,60.0,60.7,58.0,59.05,11829,5876
GVKPIL,20180817,11.4,11.75,11.1,11.65,4069909,2893448
HAL,20180817,951.0,959.7,925.35,935.45,12414,6943
HARITASEAT,20180817,642.0,660.0,632.0,651.4,9387,4420
HARRMALAYA,20180817,89.25,89.65,87.25,87.8,15731,7580
HATHWAY,20180817,17.9,19.25,17.9,18.9,825483,383455
HATSUN,20180817,720.05,720.05,719.95,720.0,1000000,1000000
HATSUN,20180817,720.05,720.05,719.95,720.0,13868,9704
HATSUN,20180817,715.0,722.0,708.95,714.4,1000000,1000000
HATSUN,20180817,715.0,722.0,708.95,714.4,13868,9704
HAVELLS,20180817,685.0,686.3,675.0,678.95,890011,316183
HBLPOWER,20180817,32.8,34.0,32.4,33.4,144539,67255
HCC,20180817,12.5,13.15,12.5,12.8,11960874,2816531
HCG,20180817,249.5,254.25,244.95,250.3,18981,13585
HCL-INSYS,20180817,34.0,34.75,33.9,34.25,759369,224870
HCLTECH,20180817,1000.0,1007.8,995.05,1003.05,1480205,1021214
HDFC,20180817,1897.0,1903.0,1881.0,1885.65,2387431,1733052
HDFC,20180817,1897.0,1903.0,1881.0,1885.65,124100,124100
HDFC,20180817,421.0,435.0,414.05,414.15,2387431,1733052
HDFC,20180817,421.0,435.0,414.05,414.15,124100,124100
HDFCAMC,20180817,1719.7,1731.8,1714.05,1715.65,320048,120551
HDFCBANK,20180817,2082.9,2093.05,2071.65,2077.35,1516332,1093789
HDFCLIFE,20180817,463.4,465.7,459.5,461.3,1013707,722182
HDFCMFGETF,20180817,2701.0,2701.0,2675.35,2690.1,429,252
HDFCNIFETF,20180817,1188.11,1190.41,1179.15,1189.62,1338,286
HDFCSENETF,20180817,3950.71,3954.79,3928.6,3946.0,9,9
HDIL,20180817,31.7,34.65,31.7,34.1,54396608,7352715
HEG,20180817,4254.0,4272.65,4213.2,4243.5,111926,37986
HEIDELBERG,20180817,157.05,161.0,154.3,157.7,241004,108894
HEOF1100RG,20180817,8.7,8.75,8.7,8.75,4000,4000
HERCULES,20180817,116.45,117.95,115.0,115.3,14394,8573
HERITGFOOD,20180817,598.95,604.0,591.05,598.15,288113,232662
HEROMOTOCO,20180817,3315.0,3319.7,3235.55,3242.3,284947,148987
HESTERBIO,20180817,1358.05,1358.05,1325.05,1350.15,2351,1789
HEXAWARE,20180817,485.95,489.0,475.35,487.5,1035014,110032
HFCL,20180817,24.45,26.2,24.1,25.6,12312999,3323791
HGINFRA,20180817,237.0,241.75,236.0,239.6,57079,33753
HGS,20180817,789.0,792.9,773.2,776.6,13528,8691
HHOF1140RG,20180817,8.5,8.5,8.5,8.5,610,610
HIGHGROUND,20180817,13.7,13.7,13.0,13.1,62806,53371
HIKAL,20180817,139.85,142.15,138.4,139.05,209463,151324
HIL,20180817,2189.8,2219.0,2178.1,2186.35,12061,7329
HIMATSEIDE,20180817,276.0,286.75,276.0,281.15,69628,28341
HINDALCO,20180817,218.55,221.2,217.6,219.7,5232908,1119065
HINDCOMPOS,20180817,395.0,401.8,392.0,392.55,2418,1131
HINDCOPPER,20180817,60.9,61.5,60.5,60.9,680887,228797
HINDMOTORS,20180817,7.95,8.1,7.75,7.85,159012,96466
HINDNATGLS,20180817,82.0,87.0,82.0,86.7,3555,2363
HINDOILEXP,20180817,148.0,150.7,146.8,149.85,506178,124569
HINDPETRO,20180817,268.2,270.75,265.65,267.55,2801082,989671
HINDUJAVEN,20180817,655.0,658.0,647.2,650.45,2442,1959
HINDUNILVR,20180817,1741.1,1788.6,1731.75,1784.75,1420289,729385
HINDZINC,20180817,278.0,279.9,275.35,277.35,361292,93166
HIRECT,20180817,126.95,126.95,123.65,125.1,2177,2026
HISARMETAL,20180817,67.8,67.8,64.0,65.85,5255,3448
HITECH,20180817,312.95,312.95,281.95,287.45,49846,47652
HITECHCORP,20180817,130.15,135.0,130.15,134.7,2715,2300
HITECHGEAR,20180817,408.1,418.9,408.1,418.35,2798,1800
HMVL,20180817,167.1,167.1,160.35,160.95,8278,4772
HNGSNGBEES,20180817,3595.0,3595.0,3500.0,3560.0,25,18
HONAUT,20180817,22150.05,22597.0,22130.05,22290.4,1335,898
HONDAPOWER,20180817,1272.0,1272.0,1233.05,1238.1,2007,1327
HOTELEELA,20180817,15.85,16.8,15.65,16.55,543005,245564
HOVS,20180817,207.1,229.5,207.1,216.15,216693,51502
HPL,20180817,83.85,84.4,79.1,80.5,81864,56906
HSCL,20180817,133.4,136.0,132.9,133.6,397260,228345
HSIL,20180817,310.35,314.0,307.0,308.35,39451,23501
HTMEDIA,20180817,56.15,56.5,54.95,55.5,116972,71471
HUBTOWN,20180817,58.7,58.7,56.75,56.85,93690,67276
HUDCO,20180817,54.95,55.8,54.8,55.25,869203,252930
HUDCO,20180817,54.95,55.8,54.8,55.25,35,35
HUDCO,20180817,54.95,55.8,54.8,55.25,877,729
HUDCO,20180817,54.95,55.8,54.8,55.25,20,20
HUDCO,20180817,54.95,55.8,54.8,55.25,30,10
HUDCO,20180817,1179.0,1179.89,1179.0,1179.78,869203,252930
HUDCO,20180817,1179.0,1179.89,1179.0,1179.78,35,35
HUDCO,20180817,1179.0,1179.89,1179.0,1179.78,877,729
HUDCO,20180817,1179.0,1179.89,1179.0,1179.78,20,20
HUDCO,20180817,1179.0,1179.89,1179.0,1179.78,30,10
HUDCO,20180817,1144.0,1144.0,1136.0,1140.16,869203,252930
HUDCO,20180817,1144.0,1144.0,1136.0,1140.16,35,35
HUDCO,20180817,1144.0,1144.0,1136.0,1140.16,877,729
HUDCO,20180817,1144.0,1144.0,1136.0,1140.16,20,20
HUDCO,20180817,1144.0,1144.0,1136.0,1140.16,30,10
HUDCO,20180817,1229.0,1235.0,1229.0,1235.0,869203,252930
HUDCO,20180817,1229.0,1235.0,1229.0,1235.0,35,35
HUDCO,20180817,1229.0,1235.0,1229.0,1235.0,877,729
HUDCO,20180817,1229.0,1235.0,1229.0,1235.0,20,20
HUDCO,20180817,1229.0,1235.0,1229.0,1235.0,30,10
HUDCO,20180817,1303.99,1304.0,1303.9,1304.0,869203,252930
HUDCO,20180817,1303.99,1304.0,1303.9,1304.0,35,35
HUDCO,20180817,1303.99,1304.0,1303.9,1304.0,877,729
HUDCO,20180817,1303.99,1304.0,1303.9,1304.0,20,20
HUDCO,20180817,1303.99,1304.0,1303.9,1304.0,30,10
IBREALEST,20180817,147.05,149.4,145.05,146.45,4825316,2134512
IBULHSGFIN,20180817,1260.0,1291.75,1260.0,1266.9,1324895,422477
IBULHSGFIN,20180817,1260.0,1291.75,1260.0,1266.9,60,60
IBULHSGFIN,20180817,1260.0,1291.75,1260.0,1266.9,100,100
IBULHSGFIN,20180817,1260.0,1291.75,1260.0,1266.9,1,1
IBULHSGFIN,20180817,1056.0,1056.0,1056.0,1056.0,1324895,422477
IBULHSGFIN,20180817,1056.0,1056.0,1056.0,1056.0,60,60
IBULHSGFIN,20180817,1056.0,1056.0,1056.0,1056.0,100,100
IBULHSGFIN,20180817,1056.0,1056.0,1056.0,1056.0,1,1
IBULHSGFIN,20180817,1061.0,1061.0,1047.0,1047.0,1324895,422477
IBULHSGFIN,20180817,1061.0,1061.0,1047.0,1047.0,60,60
IBULHSGFIN,20180817,1061.0,1061.0,1047.0,1047.0,100,100
IBULHSGFIN,20180817,1061.0,1061.0,1047.0,1047.0,1,1
IBULHSGFIN,20180817,1089.98,1089.98,1089.98,1089.98,1324895,422477
IBULHSGFIN,20180817,1089.98,1089.98,1089.98,1089.98,60,60
IBULHSGFIN,20180817,1089.98,1089.98,1089.98,1089.98,100,100
IBULHSGFIN,20180817,1089.98,1089.98,1089.98,1089.98,1,1
ICEMAKE,20180817,86.0,86.0,86.0,86.0,2000,2000
ICICI500,20180817,155.76,155.96,154.52,155.96,73,59
ICICIB22,20180817,36.9,36.9,36.3,36.61,938191,871261
ICICIBANK,20180817,336.8,342.2,335.85,340.0,24090696,12944923
ICICIGI,20180817,782.0,815.0,780.15,801.45,528688,427930
ICICIGOLD,20180817,268.95,268.95,265.25,267.0,1560,1317
ICICILOVOL,20180817,90.0,94.5,89.76,90.06,587,236
ICICIMCAP,20180817,69.8,69.86,69.39,69.86,3970,3181
ICICINF100,20180817,124.01,124.21,123.88,123.98,263,188
ICICINIFTY,20180817,118.2,120.0,118.2,118.78,24188,17451
ICICINV20,20180817,55.2,55.35,55.1,55.16,1253,1102
ICICIPRULI,20180817,388.8,394.75,385.25,389.7,957221,481237
ICICISENSX,20180817,398.61,399.19,398.61,398.79,93,93
ICIL,20180817,79.0,79.95,77.9,79.15,139049,47841
ICRA,20180817,3620.0,3662.0,3601.2,3656.7,3955,3445
IDBI,20180817,61.9,62.6,61.25,62.3,9784028,1460542
IDBIGOLD,20180817,2749.0,2759.0,2721.0,2737.6,306,253
IDEA,20180817,50.8,51.5,50.55,50.9,7917892,1920238
IDFC,20180817,50.5,52.45,49.3,52.1,6004050,1555626
IDFCBANK,20180817,45.5,46.8,45.5,46.6,13641543,5752362
IDFCBANK,20180817,45.5,46.8,45.5,46.6,9,9
IDFCBANK,20180817,45.5,46.8,45.5,46.6,15,15
IDFCBANK,20180817,45.5,46.8,45.5,46.6,15,11
IDFCBANK,20180817,45.5,46.8,45.5,46.6,6,4
IDFCBANK,20180817,45.5,46.8,45.5,46.6,2,2
IDFCBANK,20180817,45.5,46.8,45.5,46.6,31,23
IDFCBANK,20180817,45.5,46.8,45.5,46.6,7,7
IDFCBANK,20180817,45.5,46.8,45.5,46.6,26,22
IDFCBANK,20180817,45.5,46.8,45.5,46.6,12,8
IDFCBANK,20180817,5050.25,5100.0,5050.0,5100.0,13641543,5752362
IDFCBANK,20180817,5050.25,5100.0,5050.0,5100.0,9,9
IDFCBANK,20180817,5050.25,5100.0,5050.0,5100.0,15,15
IDFCBANK,20180817,5050.25,5100.0,5050.0,5100.0,15,11
IDFCBANK,20180817,5050.25,5100.0,5050.0,5100.0,6,4
IDFCBANK,20180817,5050.25,5100.0,5050.0,5100.0,2,2
IDFCBANK,20180817,5050.25,5100.0,5050.0,5100.0,31,23
IDFCBANK,20180817,5050.25,5100.0,5050.0,5100.0,7,7
IDFCBANK,20180817,5050.25,5100.0,5050.0,5100.0,26,22
IDFCBANK,20180817,5050.25,5100.0,5050.0,5100.0,12,8
IDFCBANK,20180817,8740.0,8750.0,8735.0,8750.0,13641543,5752362
IDFCBANK,20180817,8740.0,8750.0,8735.0,8750.0,9,9
IDFCBANK,20180817,8740.0,8750.0,8735.0,8750.0,15,15
IDFCBANK,20180817,8740.0,8750.0,8735.0,8750.0,15,11
IDFCBANK,20180817,8740.0,8750.0,8735.0,8750.0,6,4
IDFCBANK,20180817,8740.0,8750.0,8735.0,8750.0,2,2
IDFCBANK,20180817,8740.0,8750.0,8735.0,8750.0,31,23
IDFCBANK,20180817,8740.0,8750.0,8735.0,8750.0,7,7
IDFCBANK,20180817,8740.0,8750.0,8735.0,8750.0,26,22
IDFCBANK,20180817,8740.0,8750.0,8735.0,8750.0,12,8
IDFCBANK,20180817,8401.0,8500.0,8401.0,8500.0,13641543,5752362
IDFCBANK,20180817,8401.0,8500.0,8401.0,8500.0,9,9
IDFCBANK,20180817,8401.0,8500.0,8401.0,8500.0,15,15
IDFCBANK,20180817,8401.0,8500.0,8401.0,8500.0,15,11
IDFCBANK,20180817,8401.0,8500.0,8401.0,8500.0,6,4
IDFCBANK,20180817,8401.0,8500.0,8401.0,8500.0,2,2
IDFCBANK,20180817,8401.0,8500.0,8401.0,8500.0,31,23
IDFCBANK,20180817,8401.0,8500.0,8401.0,8500.0,7,7
IDFCBANK,20180817,8401.0,8500.0,8401.0,8500.0,26,22
IDFCBANK,20180817,8401.0,8500.0,8401.0,8500.0,12,8
IDFCBANK,20180817,8601.55,8650.0,8601.55,8601.55,13641543,5752362
IDFCBANK,20180817,8601.55,8650.0,8601.55,8601.55,9,9
IDFCBANK,20180817,8601.55,8650.0,8601.55,8601.55,15,15
IDFCBANK,20180817,8601.55,8650.0,8601.55,8601.55,15,11
IDFCBANK,20180817,8601.55,8650.0,8601.55,8601.55,6,4
IDFCBANK,20180817,8601.55,8650.0,8601.55,8601.55,2,2
IDFCBANK,20180817,8601.55,8650.0,8601.55,8601.55,31,23
IDFCBANK,20180817,8601.55,8650.0,8601.55,8601.55,7,7
IDFCBANK,20180817,8601.55,8650.0,8601.55,8601.55,26,22
IDFCBANK,20180817,8601.55,8650.0,8601.55,8601.55,12,8
IDFCBANK,20180817,5070.0,5070.0,5070.0,5070.0,13641543,5752362
IDFCBANK,20180817,5070.0,5070.0,5070.0,5070.0,9,9
IDFCBANK,20180817,5070.0,5070.0,5070.0,5070.0,15,15
IDFCBANK,20180817,5070.0,5070.0,5070.0,5070.0,15,11
IDFCBANK,20180817,5070.0,5070.0,5070.0,5070.0,6,4
IDFCBANK,20180817,5070.0,5070.0,5070.0,5070.0,2,2
IDFCBANK,20180817,5070.0,5070.0,5070.0,5070.0,31,23
IDFCBANK,20180817,5070.0,5070.0,5070.0,5070.0,7,7
IDFCBANK,20180817,5070.0,5070.0,5070.0,5070.0,26,22
IDFCBANK,20180817,5070.0,5070.0,5070.0,5070.0,12,8
IDFCBANK,20180817,8580.01,8630.0,8580.01,8630.0,13641543,5752362
IDFCBANK,20180817,8580.01,8630.0,8580.01,8630.0,9,9
IDFCBANK,20180817,8580.01,8630.0,8580.01,8630.0,15,15
IDFCBANK,20180817,8580.01,8630.0,8580.01,8630.0,15,11
IDFCBANK,20180817,8580.01,8630.0,8580.01,8630.0,6,4
IDFCBANK,20180817,8580.01,8630.0,8580.01,8630.0,2,2
IDFCBANK,20180817,8580.01,8630.0,8580.01,8630.0,31,23
IDFCBANK,20180817,8580.01,8630.0,8580.01,8630.0,7,7
IDFCBANK,20180817,8580.01,8630.0,8580.01,8630.0,26,22
IDFCBANK,20180817,8580.01,8630.0,8580.01,8630.0,12,8
IDFCBANK,20180817,5010.0,5100.0,5010.0,5100.0,13641543,5752362
IDFCBANK,20180817,5010.0,5100.0,5010.0,5100.0,9,9
IDFCBANK,20180817,5010.0,5100.0,5010.0,5100.0,15,15
IDFCBANK,20180817,5010.0,5100.0,5010.0,5100.0,15,11
IDFCBANK,20180817,5010.0,5100.0,5010.0,5100.0,6,4
IDFCBANK,20180817,5010.0,5100.0,5010.0,5100.0,2,2
IDFCBANK,20180817,5010.0,5100.0,5010.0,5100.0,31,23
IDFCBANK,20180817,5010.0,5100.0,5010.0,5100.0,7,7
IDFCBANK,20180817,5010.0,5100.0,5010.0,5100.0,26,22
IDFCBANK,20180817,5010.0,5100.0,5010.0,5100.0,12,8
IDFCBANK,20180817,8225.0,8235.0,8215.02,8235.0,13641543,5752362
IDFCBANK,20180817,8225.0,8235.0,8215.02,8235.0,9,9
IDFCBANK,20180817,8225.0,8235.0,8215.02,8235.0,15,15
IDFCBANK,20180817,8225.0,8235.0,8215.02,8235.0,15,11
IDFCBANK,20180817,8225.0,8235.0,8215.02,8235.0,6,4
IDFCBANK,20180817,8225.0,8235.0,8215.02,8235.0,2,2
IDFCBANK,20180817,8225.0,8235.0,8215.02,8235.0,31,23
IDFCBANK,20180817,8225.0,8235.0,8215.02,8235.0,7,7
IDFCBANK,20180817,8225.0,8235.0,8215.02,8235.0,26,22
IDFCBANK,20180817,8225.0,8235.0,8215.02,8235.0,12,8
IDFCBANK,20180817,8084.0,8084.0,7914.01,7990.0,13641543,5752362
IDFCBANK,20180817,8084.0,8084.0,7914.01,7990.0,9,9
IDFCBANK,20180817,8084.0,8084.0,7914.01,7990.0,15,15
IDFCBANK,20180817,8084.0,8084.0,7914.01,7990.0,15,11
IDFCBANK,20180817,8084.0,8084.0,7914.01,7990.0,6,4
IDFCBANK,20180817,8084.0,8084.0,7914.01,7990.0,2,2
IDFCBANK,20180817,8084.0,8084.0,7914.01,7990.0,31,23
IDFCBANK,20180817,8084.0,8084.0,7914.01,7990.0,7,7
IDFCBANK,20180817,8084.0,8084.0,7914.01,7990.0,26,22
IDFCBANK,20180817,8084.0,8084.0,7914.01,7990.0,12,8
IDFNIFTYET,20180817,117.05,117.26,115.67,115.67,130,130
IEX,20180817,1635.0,1661.05,1635.0,1657.8,9212,7421
IFBAGRO,20180817,700.0,707.0,680.0,689.55,4053,2613
IFBIND,20180817,1202.35,1219.8,1194.0,1201.9,18984,11055
IFCI,20180817,16.1,17.2,16.1,17.05,9361833,1978382
IFCI,20180817,16.1,17.2,16.1,17.05,458,458
IFCI,20180817,16.1,17.2,16.1,17.05,25,25
IFCI,20180817,16.1,17.2,16.1,17.05,10,10
IFCI,20180817,1088.95,1089.25,1088.15,1088.56,9361833,1978382
IFCI,20180817,1088.95,1089.25,1088.15,1088.56,458,458
IFCI,20180817,1088.95,1089.25,1088.15,1088.56,25,25
IFCI,20180817,1088.95,1089.25,1088.15,1088.56,10,10
IFCI,20180817,1351.05,1351.05,1351.05,1351.05,9361833,1978382
IFCI,20180817,1351.05,1351.05,1351.05,1351.05,458,458
IFCI,20180817,1351.05,1351.05,1351.05,1351.05,25,25
IFCI,20180817,1351.05,1351.05,1351.05,1351.05,10,10
IFCI,20180817,1340.0,1340.0,1340.0,1340.0,9361833,1978382
IFCI,20180817,1340.0,1340.0,1340.0,1340.0,458,458
IFCI,20180817,1340.0,1340.0,1340.0,1340.0,25,25
IFCI,20180817,1340.0,1340.0,1340.0,1340.0,10,10
IFGLEXPOR,20180817,239.95,248.45,230.45,245.25,3996,2938
IGARASHI,20180817,760.15,772.75,750.1,758.85,4131,2277
IGL,20180817,277.7,280.2,273.5,276.0,1988022,763610
IGPL,20180817,483.4,493.9,483.4,490.1,31476,19616
IIFCL,20180817,1250.04,1276.01,1250.04,1276.01,49,29
IIFL,20180817,726.25,740.0,719.0,735.85,62018,42064
IIFLFIN,20180817,1007.0,1007.0,1003.05,1004.21,573,523
IIFLFIN,20180817,1007.0,1007.0,1003.05,1004.21,101,100
IIFLFIN,20180817,1007.0,1007.0,1003.05,1004.21,140,140
IIFLFIN,20180817,1040.0,1049.5,1038.0,1038.0,573,523
IIFLFIN,20180817,1040.0,1049.5,1038.0,1038.0,101,100
IIFLFIN,20180817,1040.0,1049.5,1038.0,1038.0,140,140
IIFLFIN,20180817,2027.1,2031.0,2027.1,2031.0,573,523
IIFLFIN,20180817,2027.1,2031.0,2027.1,2031.0,101,100
IIFLFIN,20180817,2027.1,2031.0,2027.1,2031.0,140,140
IIHFL,20180817,1013.0,1020.01,1013.0,1017.24,1170,1170
IIHFL,20180817,1013.0,1020.01,1013.0,1017.24,150,94
IIHFL,20180817,1013.0,1020.01,1013.0,1017.24,8,8
IIHFL,20180817,1062.4,1065.99,1058.15,1059.95,1170,1170
IIHFL,20180817,1062.4,1065.99,1058.15,1059.95,150,94
IIHFL,20180817,1062.4,1065.99,1058.15,1059.95,8,8
IIHFL,20180817,1701.0,1701.0,1701.0,1701.0,1170,1170
IIHFL,20180817,1701.0,1701.0,1701.0,1701.0,150,94
IIHFL,20180817,1701.0,1701.0,1701.0,1701.0,8,8
IITL,20180817,90.95,90.95,87.4,87.4,552,400
IL&FSENGG,20180817,21.05,21.05,19.25,19.8,169947,94831
IL&FSTRANS,20180817,33.45,36.5,33.1,35.3,1121476,197453
IMFA,20180817,315.8,326.7,315.8,319.45,28093,13037
IMPAL,20180817,931.05,949.0,916.25,942.85,1216,822
INDBANK,20180817,14.0,14.0,13.55,13.9,4052,2711
INDHOTEL,20180817,125.15,132.0,124.0,127.45,9988903,8973989
INDIACEM,20180817,112.8,118.55,112.0,117.5,6677276,893157
INDIAGLYCO,20180817,455.7,462.9,450.25,454.0,43530,19273
INDIANB,20180817,339.35,344.0,336.75,341.3,1491817,285633
INDIANCARD,20180817,136.15,143.0,136.15,138.5,2730,2108
INDIANHUME,20180817,281.8,281.8,274.0,275.0,4458,3410
INDIGO,20180817,1057.4,1057.4,1047.0,1049.95,512224,251399
INDIGRID,20180817,92.2,92.3,92.0,92.15,209223,209223
INDLMETER,20180817,73.8,73.9,70.3,72.6,6100,5001
INDNIPPON,20180817,494.95,511.0,486.65,508.4,7916,5968
INDOCO,20180817,201.2,202.0,197.35,198.9,15438,9519
INDORAMA,20180817,23.9,24.2,23.3,23.5,51812,31946
INDOSTAR,20180817,489.0,489.0,474.6,478.85,29781,16095
INDOTECH,20180817,141.9,141.9,135.05,138.05,7407,4782
INDOTHAI,20180817,50.25,51.0,49.5,49.7,6203,4381
INDOWIND,20180817,5.1,5.25,5.05,5.1,24805,18368
INDRAMEDCO,20180817,48.15,49.15,46.2,47.2,81773,46278
INDSWFTLAB,20180817,80.6,85.9,80.6,85.0,38576,28879
INDSWFTLTD,20180817,7.85,7.85,7.35,7.65,10716,9719
INDTERRAIN,20180817,130.2,134.15,128.5,129.9,56817,54008
INDUSINDBK,20180817,1991.0,1995.0,1982.1,1990.4,462694,285825
INEOSSTYRO,20180817,753.0,770.0,753.0,766.85,2398,1936
INFIBEAM,20180817,197.65,202.05,196.05,201.15,5146947,562339
INFINITE,20180817,471.0,474.0,467.05,470.4,9291,7950
INFRABEES,20180817,315.0,316.15,314.7,315.9,146,89
INFRATEL,20180817,281.0,285.4,281.0,282.55,2626989,1849121
INFY,20180817,1430.9,1437.65,1423.0,1430.35,3195204,2222525
INGERRAND,20180817,563.3,577.65,557.15,568.15,20631,13890
INNOVATIVE,20180817,37.25,37.25,35.0,35.65,36000,27000
INOXLEISUR,20180817,230.0,237.95,229.85,234.8,85741,24560
INOXWIND,20180817,100.2,103.0,99.9,101.5,97539,44604
INSECTICID,20180817,674.0,690.0,674.0,685.2,35536,20572
INTELLECT,20180817,251.4,261.15,251.35,254.3,939756,259869
INVENTURE,20180817,14.6,14.7,14.15,14.3,20376,8056
IOB,20180817,15.45,15.6,15.2,15.35,561085,231814
IOC,20180817,159.0,160.0,158.65,159.55,3422494,1450382
IOLCP,20180817,106.75,112.05,106.75,112.05,176266,117671
IPAPPM,20180817,487.4,502.5,482.0,488.5,415023,125230
IPCALAB,20180817,735.2,744.7,722.65,733.25,106215,54291
IRB,20180817,191.4,194.4,187.5,188.6,2052692,598324
IRBINVIT,20180817,76.5,76.6,76.5,76.5,45000,45000
IREDA,20180817,1141.5,1141.5,1141.5,1141.5,5,5
IRFC,20180817,1117.0,1130.0,1117.0,1125.0,1225,1225
IRFC,20180817,1117.0,1130.0,1117.0,1125.0,311,200
IRFC,20180817,1117.0,1130.0,1117.0,1125.0,120,120
IRFC,20180817,1117.0,1130.0,1117.0,1125.0,20,20
IRFC,20180817,1117.0,1130.0,1117.0,1125.0,2424,1582
IRFC,20180817,1181.0,1294.5,1181.0,1228.9,1225,1225
IRFC,20180817,1181.0,1294.5,1181.0,1228.9,311,200
IRFC,20180817,1181.0,1294.5,1181.0,1228.9,120,120
IRFC,20180817,1181.0,1294.5,1181.0,1228.9,20,20
IRFC,20180817,1181.0,1294.5,1181.0,1228.9,2424,1582
IRFC,20180817,1115.0,1149.99,1115.0,1149.99,1225,1225
IRFC,20180817,1115.0,1149.99,1115.0,1149.99,311,200
IRFC,20180817,1115.0,1149.99,1115.0,1149.99,120,120
IRFC,20180817,1115.0,1149.99,1115.0,1149.99,20,20
IRFC,20180817,1115.0,1149.99,1115.0,1149.99,2424,1582
IRFC,20180817,1106.0,1106.0,1106.0,1106.0,1225,1225
IRFC,20180817,1106.0,1106.0,1106.0,1106.0,311,200
IRFC,20180817,1106.0,1106.0,1106.0,1106.0,120,120
IRFC,20180817,1106.0,1106.0,1106.0,1106.0,20,20
IRFC,20180817,1106.0,1106.0,1106.0,1106.0,2424,1582
IRFC,20180817,1138.0,1138.0,1129.42,1136.58,1225,1225
IRFC,20180817,1138.0,1138.0,1129.42,1136.58,311,200
IRFC,20180817,1138.0,1138.0,1129.42,1136.58,120,120
IRFC,20180817,1138.0,1138.0,1129.42,1136.58,20,20
IRFC,20180817,1138.0,1138.0,1129.42,1136.58,2424,1582
ISEC,20180817,331.05,331.5,320.05,325.95,875544,804615
ISFT,20180817,249.85,249.85,212.5,238.5,771285,171070
ISMTLTD,20180817,7.0,7.25,7.0,7.1,14431,12120
ITC,20180817,307.8,315.3,307.8,313.75,25413745,15949025
ITDC,20180817,394.8,405.0,393.1,397.05,29283,11649
ITDCEM,20180817,134.0,135.2,131.0,131.85,61941,45970
ITI,20180817,86.9,88.4,86.2,86.75,289186,72866
IVC,20180817,14.1,14.35,13.8,13.9,764701,532869
IVP,20180817,170.95,171.05,168.0,169.0,3131,1709
IVZINGOLD,20180817,2744.0,2744.0,2744.0,2744.0,8,8
IVZINNIFTY,20180817,1209.0,1209.0,1209.0,1209.0,1,1
IZMO,20180817,77.2,81.0,75.3,78.85,63324,31341
J&KBANK,20180817,58.35,58.35,56.9,57.3,136216,72768
JAGRAN,20180817,115.9,118.0,115.35,115.7,715948,668261
JAGSNPHARM,20180817,28.0,28.8,27.25,27.65,39841,15296
JAIBALAJI,20180817,8.85,9.0,8.4,8.6,4320,2877
JAICORPLTD,20180817,154.05,157.7,153.0,153.95,862159,175568
JAMNAAUTO,20180817,82.5,84.0,82.5,83.05,649288,261464
JASH,20180817,126.0,126.0,123.1,123.4,7200,6000
JAYAGROGN,20180817,226.05,229.15,222.05,224.2,15190,10441
JAYBARMARU,20180817,434.95,437.75,433.0,436.25,8367,2804
JAYNECOIND,20180817,5.95,5.95,5.55,5.6,74850,53218
JAYSREETEA,20180817,85.45,85.45,84.0,84.45,40525,25342
JBCHEPHARM,20180817,308.1,312.7,306.05,308.15,28220,18033
JBMA,20180817,368.85,377.9,368.05,374.3,35790,21791
JCHAC,20180817,2084.9,2084.9,1970.25,2004.6,3427,2384
JETAIRWAYS,20180817,303.25,310.0,298.2,300.9,7022196,534770
JETKNIT,20180817,71.0,71.0,71.0,71.0,1500,1500
JHS,20180817,33.7,35.7,32.6,34.75,201432,105013
JINDALPHOT,20180817,37.0,37.9,37.0,37.5,742,621
JINDALPOLY,20180817,294.5,299.7,293.05,294.9,97891,27963
JINDALSAW,20180817,78.65,81.15,78.65,79.8,522794,200468
JINDALSTEL,20180817,194.45,199.85,194.15,198.8,7766094,1276923
JINDCOT,20180817,7.05,7.75,6.65,6.7,27256,23551
JINDRILL,20180817,139.1,147.0,137.45,139.15,127279,37078
JINDWORLD,20180817,506.7,507.5,480.0,500.15,27091,1255
JISLDVREQS,20180817,51.15,51.8,50.1,50.8,37787,20559
JISLJALEQS,20180817,76.5,77.5,74.5,75.55,18270124,2566124
JKCEMENT,20180817,782.0,793.4,777.25,786.2,56878,39675
JKIL,20180817,225.85,227.9,219.0,220.35,75799,35131
JKLAKSHMI,20180817,324.95,329.9,321.5,328.4,24330,11823
JKPAPER,20180817,172.0,188.55,172.0,184.7,5988589,1839099
JKTYRE,20180817,130.0,131.2,127.55,128.75,368321,123987
JMA,20180817,198.8,199.0,190.0,191.2,1401,690
JMCPROJECT,20180817,511.35,532.15,506.1,525.0,4814,3356
JMFINANCIL,20180817,127.3,129.7,126.15,127.95,267658,142357
JOCIL,20180817,144.3,144.55,135.7,136.55,3068,2135
JPASSOCIAT,20180817,13.15,13.35,13.0,13.1,26480284,7618082
JPOLYINVST,20180817,41.55,44.8,41.45,42.4,2030,1265
JPPOWER,20180817,2.85,3.0,2.85,2.9,3359651,1242475
JSL,20180817,62.95,63.0,61.5,61.9,163615,101249
JSLHISAR,20180817,128.9,130.6,128.1,128.75,114158,40739
JSWENERGY,20180817,68.7,68.8,66.95,67.45,789985,284759
JSWHL,20180817,1925.6,2014.95,1915.0,2009.4,12492,12030
JSWSTEEL,20180817,329.9,335.8,329.9,334.0,3729105,1435169
JSWSTEEL,20180817,329.9,335.8,329.9,334.0,27590,27590
JSWSTEEL,20180817,8.0,8.1,8.0,8.05,3729105,1435169
JSWSTEEL,20180817,8.0,8.1,8.0,8.05,27590,27590
JTEKTINDIA,20180817,136.85,144.4,136.1,141.35,727751,249899
JUBILANT,20180817,728.0,751.0,716.0,740.15,533202,232256
JUBLFOOD,20180817,1519.8,1524.8,1505.45,1510.5,637693,152085
JUBLINDS,20180817,143.0,143.0,139.25,141.75,11684,7662
JUNIORBEES,20180817,304.75,307.77,303.05,307.29,18434,7479
JUSTDIAL,20180817,574.05,578.45,568.65,572.75,1148364,57422
JVLAGRO,20180817,8.5,8.5,8.5,8.5,132398,132398
JYOTHYLAB,20180817,221.0,223.5,219.25,219.6,69441,46079
KABRAEXTRU,20180817,88.9,88.9,85.0,88.15,18452,13906
KAJARIACER,20180817,411.9,415.05,406.0,411.25,648195,482923
KAKATCEM,20180817,229.95,236.0,227.1,233.45,20225,8631
KALPATPOWR,20180817,367.5,367.5,359.2,363.3,45035,26968
KAMATHOTEL,20180817,73.6,76.0,73.1,73.8,16915,10285
KAMDHENU,20180817,229.0,229.0,222.15,225.6,6286,4105
KANANIIND,20180817,6.9,7.05,6.85,6.9,809,406
KANORICHEM,20180817,70.5,71.3,69.4,69.8,24326,16219
KANSAINER,20180817,514.0,527.4,503.6,507.2,122397,59036
KARDA,20180817,196.0,196.0,188.0,191.35,94165,43456
KARURVYSYA,20180817,98.55,100.3,98.5,99.6,1377127,1013648
KAUSHALYA,20180817,1.6,1.75,1.6,1.65,9151,7676
KAVVERITEL,20180817,9.6,10.65,9.5,10.0,4657,2957
KAYA,20180817,1000.05,1015.0,986.45,993.7,9408,4110
KCP,20180817,99.5,102.0,98.85,100.4,60481,39903
KCPSUGIND,20180817,19.95,20.15,19.8,19.8,19582,17755
KDDL,20180817,489.95,493.0,476.05,480.3,3686,3198
KEC,20180817,296.0,297.25,291.3,293.4,934759,715392
KECL,20180817,20.75,23.5,20.75,22.9,82123,55638
KEI,20180817,412.0,413.6,405.3,407.9,101563,47043
KELLTONTEC,20180817,51.0,51.0,46.2,47.3,94147,56660
KESARENT,20180817,31.2,31.2,29.6,30.3,7752,3426
KESORAMIND,20180817,78.0,79.7,77.2,78.05,170095,76915
KHADIM,20180817,752.1,774.0,752.1,768.05,5161,3496
KHAITANLTD,20180817,42.95,43.0,39.2,40.2,3053,2611
KICL,20180817,2470.0,2528.8,2460.0,2496.45,1719,1522
KILITCH,20180817,150.0,162.75,148.3,156.5,355177,84226
KINGFA,20180817,823.0,845.0,823.0,829.85,3863,2492
KIOCL,20180817,162.9,193.85,160.95,178.05,434830,62324
KIRIINDUS,20180817,553.9,557.7,540.0,544.35,68140,37305
KIRLOSBROS,20180817,251.35,258.65,249.05,252.3,25388,13116
KIRLOSENG,20180817,251.0,260.85,249.5,252.25,6627,3684
KIRLOSIND,20180817,1127.95,1127.95,1086.05,1094.95,167,94
KITEX,20180817,121.55,124.4,120.7,121.85,74358,29900
KKCL,20180817,1476.0,1476.0,1451.2,1453.0,35,17
KMSUGAR,20180817,8.8,9.0,8.7,8.75,42323,29666
KNRCON,20180817,229.55,231.35,227.85,228.25,58959,35775
KOHINOOR,20180817,37.0,37.95,37.0,37.3,54615,29977
KOKUYOCMLN,20180817,128.1,134.45,128.0,130.7,240535,80996
KOLTEPATIL,20180817,295.95,298.0,285.3,288.45,87504,33860
KOPRAN,20180817,51.15,52.9,50.2,51.1,224499,91739
KOTAKBANK,20180817,1252.0,1273.95,1245.0,1263.25,3253970,1546429
KOTAKBKETF,20180817,286.89,288.95,286.0,286.33,6077,5222
KOTAKGOLD,20180817,258.0,258.9,257.25,257.8,2411,1823
KOTAKNIFTY,20180817,116.0,117.8,116.0,117.42,10751,8159
KOTAKNV20,20180817,56.4,56.5,56.3,56.45,408,408
KOTAKPSUBK,20180817,317.99,321.99,312.0,321.09,3324,1658
KOTARISUG,20180817,9.0,9.1,8.8,9.0,14174,11590
KOTHARIPET,20180817,23.8,24.2,23.35,23.55,11879,9091
KOTHARIPRO,20180817,114.0,118.0,112.65,116.45,6935,4005
KPIT,20180817,297.5,299.05,293.4,296.7,953385,422355
KPRMILL,20180817,628.0,640.0,621.5,638.2,21023,15970
KRBL,20180817,352.9,355.6,350.0,352.2,74772,33187
KRIDHANINF,20180817,73.8,75.6,73.8,74.05,83035,50957
KRISHANA,20180817,37.0,37.0,37.0,37.0,8000,8000
KSBPUMPS,20180817,774.0,782.0,762.35,773.45,2901,1638
KSCL,20180817,617.95,621.5,609.3,612.75,270061,61961
KSL,20180817,264.0,268.0,263.25,265.1,36761,15275
KTIL,20180817,93.75,93.8,90.2,90.85,4992,3865
KTKBANK,20180817,119.4,120.75,118.9,119.75,1548296,278980
KWALITY,20180817,23.25,23.25,23.25,23.25,270459,270459
L&TFH,20180817,177.5,182.8,176.5,181.75,5224829,1246728
L&TFINANCE,20180817,1053.0,1055.0,1041.0,1054.0,2548,2548
L&TINFRA,20180817,1010.0,1010.0,1010.0,1010.0,20,20
L&TINFRA,20180817,1010.0,1010.0,1010.0,1010.0,50,50
L&TINFRA,20180817,1010.0,1010.0,1010.0,1010.0,80,80
L&TINFRA,20180817,1010.0,1010.0,1010.0,1010.0,137,113
L&TINFRA,20180817,1010.0,1010.0,1010.0,1010.0,60,60
L&TINFRA,20180817,1010.0,1010.0,1010.0,1010.0,240,240
L&TINFRA,20180817,1711.5,1711.5,1711.5,1711.5,20,20
L&TINFRA,20180817,1711.5,1711.5,1711.5,1711.5,50,50
L&TINFRA,20180817,1711.5,1711.5,1711.5,1711.5,80,80
L&TINFRA,20180817,1711.5,1711.5,1711.5,1711.5,137,113
L&TINFRA,20180817,1711.5,1711.5,1711.5,1711.5,60,60
L&TINFRA,20180817,1711.5,1711.5,1711.5,1711.5,240,240
L&TINFRA,20180817,1003.55,1003.55,1003.55,1003.55,20,20
L&TINFRA,20180817,1003.55,1003.55,1003.55,1003.55,50,50
L&TINFRA,20180817,1003.55,1003.55,1003.55,1003.55,80,80
L&TINFRA,20180817,1003.55,1003.55,1003.55,1003.55,137,113
L&TINFRA,20180817,1003.55,1003.55,1003.55,1003.55,60,60
L&TINFRA,20180817,1003.55,1003.55,1003.55,1003.55,240,240
L&TINFRA,20180817,1670.0,1683.99,1670.0,1683.0,20,20
L&TINFRA,20180817,1670.0,1683.99,1670.0,1683.0,50,50
L&TINFRA,20180817,1670.0,1683.99,1670.0,1683.0,80,80
L&TINFRA,20180817,1670.0,1683.99,1670.0,1683.0,137,113
L&TINFRA,20180817,1670.0,1683.99,1670.0,1683.0,60,60
L&TINFRA,20180817,1670.0,1683.99,1670.0,1683.0,240,240
L&TINFRA,20180817,1000.1,1002.0,1000.1,1002.0,20,20
L&TINFRA,20180817,1000.1,1002.0,1000.1,1002.0,50,50
L&TINFRA,20180817,1000.1,1002.0,1000.1,1002.0,80,80
L&TINFRA,20180817,1000.1,1002.0,1000.1,1002.0,137,113
L&TINFRA,20180817,1000.1,1002.0,1000.1,1002.0,60,60
L&TINFRA,20180817,1000.1,1002.0,1000.1,1002.0,240,240
L&TINFRA,20180817,1753.0,1754.0,1745.0,1753.05,20,20
L&TINFRA,20180817,1753.0,1754.0,1745.0,1753.05,50,50
L&TINFRA,20180817,1753.0,1754.0,1745.0,1753.05,80,80
L&TINFRA,20180817,1753.0,1754.0,1745.0,1753.05,137,113
L&TINFRA,20180817,1753.0,1754.0,1745.0,1753.05,60,60
L&TINFRA,20180817,1753.0,1754.0,1745.0,1753.05,240,240
LAKPRE,20180817,14.6,15.0,14.5,14.6,5486,3558
LAKSHVILAS,20180817,93.0,100.75,92.3,99.55,779887,260847
LALPATHLAB,20180817,961.0,1068.65,961.0,1039.3,307841,97813
LAMBODHARA,20180817,50.7,52.65,50.2,50.9,13917,4728
LAOPALA,20180817,252.3,257.0,242.0,243.25,30390,17084
LASA,20180817,28.4,31.3,28.4,30.65,151111,90039
LAURUSLABS,20180817,444.45,448.0,437.5,443.55,31392,19146
LAXMIMACH,20180817,7095.15,7138.85,7053.0,7088.25,4189,3196
LEEL,20180817,97.85,97.85,93.0,93.6,88616,70140
LEMONTREE,20180817,78.9,80.0,78.5,79.0,307998,104264
LEXUS,20180817,58.0,58.0,58.0,58.0,6000,6000
LGBBROSLTD,20180817,516.85,540.0,508.0,527.0,11718,6609
LIBAS,20180817,97.5,97.5,97.5,97.5,2000,2000
LIBERTSHOE,20180817,195.95,199.6,195.15,196.3,77695,18800
LICHSGFIN,20180817,553.9,559.4,551.5,557.8,1267807,710918
LICNETFGSC,20180817,15.2,16.35,15.2,16.3,675,660
LICNETFN50,20180817,118.6,118.6,118.6,118.6,4,4
LINCOLN,20180817,274.75,289.8,268.05,271.9,691931,142623
LINCPEN,20180817,345.0,366.0,331.1,336.15,3613,1544
LINDEINDIA,20180817,416.8,422.0,413.1,415.5,10220,9222
LIQUIDBEES,20180817,1000.0,1000.01,999.99,999.99,1580705,880909
LIQUIDETF,20180817,1000.0,1000.01,1000.0,1000.0,6965,6394
LITL,20180817,0.7,0.75,0.65,0.7,5204504,3671831
LOKESHMACH,20180817,55.35,56.1,54.3,55.45,21669,10388
LOTUSEYE,20180817,25.05,25.05,24.15,25.0,2263,1400
LOVABLE,20180817,126.8,130.4,126.8,127.35,40181,13057
LPDC,20180817,3.4,3.6,3.15,3.35,34670,24762
LSIL,20180817,1.0,1.0,0.95,0.95,9370656,6053219
LT,20180817,1239.0,1247.8,1231.45,1240.15,1750983,886545
LTI,20180817,1812.0,1866.7,1811.1,1847.65,169211,73720
LTTS,20180817,1548.0,1623.75,1545.1,1609.2,268869,94530
LUMAXIND,20180817,2166.5,2244.0,2151.35,2196.7,2376,1477
LUMAXTECH,20180817,212.4,215.65,205.5,207.05,95408,58028
LUPIN,20180817,853.7,884.75,850.5,881.25,4311564,1083527
LUXIND,20180817,1820.0,1859.9,1806.0,1815.95,58240,4083
LYCOS,20180817,4.3,4.55,4.25,4.4,718541,561708
LYKALABS,20180817,37.95,39.7,37.6,38.05,46807,25965
LYPSAGEMS,20180817,14.5,14.55,14.15,14.25,44512,14806
M&M,20180817,954.55,968.8,950.15,961.5,2246030,1450828
M&MFIN,20180817,475.25,484.75,475.25,480.9,812042,292011
M&MFIN,20180817,475.25,484.75,475.25,480.9,95,95
M&MFIN,20180817,1020.0,1020.0,1020.0,1020.0,812042,292011
M&MFIN,20180817,1020.0,1020.0,1020.0,1020.0,95,95
M100,20180817,20.6,21.15,20.6,20.88,6383,4522
M14RG,20180817,8.73,8.73,8.73,8.73,1500,1500
M50,20180817,109.0,110.95,109.0,110.95,2963,1811
MAANALU,20180817,115.95,118.3,112.1,114.55,12097,9130
MACPOWER,20180817,200.0,208.9,195.5,205.45,13000,7000
MADHAV,20180817,51.05,52.0,50.5,50.95,3407,2983
MADHUCON,20180817,12.7,12.8,12.15,12.35,95559,68927
MADRASFERT,20180817,26.9,27.7,26.6,27.0,91537,55674
MAGADSUGAR,20180817,82.5,83.5,80.0,81.35,5214,4939
MAGMA,20180817,138.95,143.25,138.1,141.25,555714,451667
MAHABANK,20180817,12.9,13.1,12.9,13.0,210479,137388
MAHASTEEL,20180817,91.75,93.8,89.0,89.3,23517,4963
MAHESHWARI,20180817,197.0,197.0,196.0,196.5,2000,2000
MAHICKRA,20180817,50.0,50.0,48.35,49.9,30000,30000
MAHINDCIE,20180817,257.6,260.0,250.2,257.15,165783,82165
MAHLIFE,20180817,491.9,491.9,484.9,486.45,57788,32430
MAHLOG,20180817,559.0,565.0,556.1,562.9,12183,6428
MAHSCOOTER,20180817,3130.0,3247.0,3130.0,3181.8,3368,2533
MAHSEAMLES,20180817,490.0,498.0,488.15,492.45,49293,24573
MAITHANALL,20180817,628.95,629.0,612.0,616.75,21252,12874
MAJESCO,20180817,524.5,534.4,509.0,520.8,63743,36236
MALUPAPER,20180817,48.9,49.8,48.05,48.35,12846,6299
MANAKALUCO,20180817,7.55,7.85,7.05,7.1,11543,6796
MANAKCOAT,20180817,10.9,11.35,10.6,10.8,7977,3775
MANAKSIA,20180817,47.75,48.3,46.65,47.75,3710,2601
MANAKSTEEL,20180817,25.15,26.7,24.5,25.25,41655,29805
MANALIPETC,20180817,40.65,41.35,40.1,40.35,664625,289167
MANAPPURAM,20180817,102.7,103.85,99.9,100.85,3025466,1174238
MANGALAM,20180817,82.6,86.95,82.0,82.0,91510,69901
MANGCHEFER,20180817,55.6,57.6,55.25,55.5,39044,21383
MANGLMCEM,20180817,244.7,256.25,235.0,239.75,54740,27261
MANGTIMBER,20180817,22.05,23.35,21.8,22.0,38272,27994
MANINDS,20180817,111.85,114.8,110.1,111.45,64221,23435
MANINFRA,20180817,42.75,42.75,41.35,41.45,190567,84127
MANPASAND,20180817,141.9,144.9,131.25,131.65,1858418,885293
MANUGRAPH,20180817,44.25,49.9,43.5,46.7,116071,40785
MARALOVER,20180817,29.35,30.25,28.9,29.25,24125,16105
MARATHON,20180817,162.4,170.0,159.0,161.3,5065,3338
MARICO,20180817,363.35,372.0,363.35,371.15,989961,497039
MARKSANS,20180817,31.0,33.0,30.7,32.4,5401108,1453266
MARUTI,20180817,9243.0,9286.5,9130.0,9152.1,477538,197799
MASFIN,20180817,565.55,579.9,565.0,576.25,6545,4489
MASTEK,20180817,553.5,558.5,545.0,550.0,39720,14111
MATRIMONY,20180817,576.05,594.9,575.0,579.95,12428,6714
MAWANASUG,20180817,39.0,39.95,39.0,39.4,16739,11578
MAXINDIA,20180817,91.0,91.8,88.25,89.2,290949,171066
MAXVIL,20180817,59.0,60.85,59.0,60.5,112322,95751
MAYURUNIQ,20180817,404.9,405.45,398.5,400.15,8288,4495
MAZDA,20180817,345.05,351.0,343.6,348.0,2559,1967
MBAPL,20180817,42.0,43.5,42.0,43.2,33000,33000
MBLINFRA,20180817,19.35,19.5,18.5,18.5,189647,101825
MCDHOLDING,20180817,32.45,32.8,31.4,31.75,50811,30773
MCDOWELL-N,20180817,624.9,641.0,623.1,638.65,1905157,941600
MCL,20180817,368.55,368.55,356.0,368.5,3200,3200
MCLEODRUSS,20180817,130.0,131.9,128.7,130.95,750781,653096
MCX,20180817,860.8,867.7,846.95,855.0,262552,80065
MEGASOFT,20180817,8.2,8.2,7.9,8.1,20467,20176
MEGH,20180817,91.0,92.4,90.4,91.2,788120,257395
MENONBE,20180817,93.9,93.9,92.0,92.55,22297,13204
MEP,20180817,57.5,58.25,57.1,57.4,150375,63528
MERCATOR,20180817,21.1,22.25,20.85,21.85,838292,332084
MERCK,20180817,2812.0,2896.0,2790.2,2813.5,21780,8171
METKORE,20180817,1.9,1.9,1.75,1.8,8075,6348
MFSL,20180817,465.95,471.1,461.2,463.75,209411,54164
MGL,20180817,934.05,934.05,915.0,918.55,148134,67813
MHHL,20180817,46.8,46.8,46.7,46.8,9000,9000
MHRIL,20180817,258.9,265.95,257.3,258.7,59220,41239
MIC,20180817,2.9,3.05,2.9,2.9,141970,118793
MIDHANI,20180817,131.9,143.65,131.9,138.75,983718,229279
MINDACORP,20180817,154.4,155.5,152.3,152.95,446183,376185
MINDAIND,20180817,419.6,422.0,415.55,418.35,128620,96638
MINDTECK,20180817,49.6,53.9,46.7,48.8,13193,10763
MINDTREE,20180817,1040.65,1049.25,1013.4,1028.9,1527741,436210
MIRCELECTR,20180817,27.6,30.15,27.35,28.85,958343,466241
MIRZAINT,20180817,101.7,101.7,99.8,100.35,170912,103603
MITCON,20180817,54.8,54.8,54.8,54.8,2000,2000
MITTAL,20180817,23.9,23.9,23.75,23.75,36000,6000
MMFL,20180817,600.0,615.0,595.0,599.85,4602,3691
MMP,20180817,228.0,257.65,225.0,255.05,128400,109800
MMTC,20180817,32.2,33.2,32.2,32.6,1090501,292441
MOHITIND,20180817,11.3,11.5,11.15,11.35,17460,13142
MOHOTAIND,20180817,95.2,99.3,95.2,99.3,23481,15196
MOIL,20180817,172.9,175.3,171.35,173.3,184898,78787
MOLDTECH,20180817,45.45,45.6,43.4,44.3,6306,5471
MOLDTKPAC,20180817,297.1,305.0,297.1,300.05,12260,8835
MONSANTO,20180817,2889.0,2898.9,2886.0,2890.1,2827,1851
MONTECARLO,20180817,424.45,438.35,424.4,436.4,24725,11826
MORARJEE,20180817,26.9,27.45,26.65,27.0,10138,6738
MOREPENLAB,20180817,30.0,30.55,28.7,29.45,753356,343209
MOTHERSUMI,20180817,304.55,313.4,302.7,311.9,3191803,1617660
MOTILALOFS,20180817,895.5,895.5,877.0,884.85,54450,27264
MOTOGENFIN,20180817,48.3,48.3,43.0,43.1,3266,1248
MPHASIS,20180817,1198.9,1219.05,1173.15,1186.9,472611,210758
MPSLTD,20180817,530.4,531.0,517.25,518.5,7764,5590
MRF,20180817,73200.0,73900.0,73141.0,73747.75,7752,4144
MRO-TEK,20180817,28.5,28.7,27.2,28.5,12519,11815
MRPL,20180817,80.5,82.3,78.85,81.05,777279,185983
MSPL,20180817,13.5,13.9,13.5,13.55,3808,3475
MTEDUCARE,20180817,52.65,53.85,52.0,53.5,25054,18542
MTNL,20180817,15.05,15.25,14.8,15.1,462211,239336
MUKANDENGG,20180817,27.75,29.45,27.5,27.9,7576,3980
MUKANDLTD,20180817,59.8,61.5,58.85,59.15,30472,19093
MUKANDLTD,20180817,59.8,61.5,58.85,59.15,1,1
MUKANDLTD,20180817,8.8,8.8,8.8,8.8,30472,19093
MUKANDLTD,20180817,8.8,8.8,8.8,8.8,1,1
MUKTAARTS,20180817,54.9,55.8,52.6,53.1,33351,9315
MUNJALAU,20180817,63.2,63.7,60.8,61.85,75468,40096
MUNJALSHOW,20180817,215.55,219.4,215.55,216.25,10336,6652
MURUDCERA,20180817,31.5,32.4,28.6,29.2,183092,146017
MUTHOOTCAP,20180817,1146.0,1185.5,1119.3,1153.7,34231,18531
MUTHOOTFIN,20180817,415.0,415.0,404.5,405.5,315217,85765
MVL,20180817,0.25,0.3,0.2,0.25,121392,105544
N100,20180817,606.38,606.38,606.38,606.38,52,52
NABARD,20180817,1125.0,1125.0,1125.0,1125.0,44,43
NACLIND,20180817,35.0,36.65,34.1,36.15,70311,50562
NAGAFERT,20180817,12.85,12.95,12.7,12.85,229671,139028
NAGAROIL,20180817,1.65,1.75,1.65,1.7,157411,120940
NAGREEKCAP,20180817,17.75,18.35,17.15,17.95,6821,4338
NAGREEKEXP,20180817,26.2,28.2,26.0,26.35,3682,3140
NAHARCAP,20180817,122.75,124.4,122.75,123.85,1418,1299
NAHARINDUS,20180817,65.35,67.4,65.0,67.15,3098,2543
NAHARPOLY,20180817,47.0,47.0,45.55,45.6,1513,1279
NAHARSPING,20180817,92.05,95.85,92.05,95.1,26910,18207
NARMADA,20180817,27.0,27.0,27.0,27.0,4000,4000
NATCOPHARM,20180817,756.5,769.9,749.0,754.4,341595,173729
NATHBIOGEN,20180817,494.8,494.85,482.35,490.55,17769,9678
NATIONALUM,20180817,68.7,70.8,68.55,68.8,17697359,7837537
NATNLSTEEL,20180817,13.7,13.7,13.7,13.7,28664,28659
NAUKRI,20180817,1435.0,1494.8,1432.0,1486.9,134835,96085
NAVINFLUOR,20180817,670.0,692.0,670.0,683.45,18343,8551
NAVKARCORP,20180817,123.3,124.85,122.0,122.4,59010,37883
NAVNETEDUL,20180817,124.45,124.9,123.0,123.7,136429,89405
NBCC,20180817,76.1,76.5,73.0,74.3,9347500,1802279
NBIFIN,20180817,1520.0,1532.0,1520.0,1530.5,1119,1119
NBVENTURES,20180817,125.0,127.0,125.0,125.7,203246,95688
NCC,20180817,102.35,102.75,100.75,101.2,7679809,1633447
NCLIND,20180817,169.7,174.1,165.0,170.05,132437,54820
NDGL,20180817,1059.95,1200.0,990.0,1047.6,902,526
NDL,20180817,71.85,73.8,71.5,72.45,29944,16472
NECCLTD,20180817,12.4,12.5,12.05,12.2,19640,10996
NECLIFE,20180817,22.75,23.7,22.65,23.35,180111,109456
NELCAST,20180817,85.0,86.2,84.3,85.05,19013,13487
NELCO,20180817,339.3,347.95,329.0,331.45,166332,71746
NESCO,20180817,508.1,521.65,490.0,499.7,44478,28099
NESTLEIND,20180817,10887.0,10920.0,10785.0,10873.0,58903,39174
NETWORK18,20180817,42.4,43.25,42.1,42.7,235781,86325
NEULANDLAB,20180817,685.45,695.0,682.1,685.2,5242,2424
NEWGEN,20180817,237.0,239.6,232.15,234.05,10626,8163
NEXTMEDIA,20180817,23.25,23.25,21.1,21.1,176407,118086
NFL,20180817,44.05,44.95,43.85,44.45,344242,146449
NH,20180817,246.55,247.2,244.5,245.2,14295,11249
NHAI,20180817,1140.0,1140.9,1140.0,1140.49,200,200
NHAI,20180817,1140.0,1140.9,1140.0,1140.49,1788,1771
NHAI,20180817,1140.0,1140.9,1140.0,1140.49,353,351
NHAI,20180817,1140.0,1140.9,1140.0,1140.49,3030,2612
NHAI,20180817,1140.0,1140.9,1140.0,1140.49,44,44
NHAI,20180817,1140.0,1140.9,1140.0,1140.49,1600,1500
NHAI,20180817,1205.0,1205.0,1202.51,1202.54,200,200
NHAI,20180817,1205.0,1205.0,1202.51,1202.54,1788,1771
NHAI,20180817,1205.0,1205.0,1202.51,1202.54,353,351
NHAI,20180817,1205.0,1205.0,1202.51,1202.54,3030,2612
NHAI,20180817,1205.0,1205.0,1202.51,1202.54,44,44
NHAI,20180817,1205.0,1205.0,1202.51,1202.54,1600,1500
NHAI,20180817,1072.0,1074.0,1070.0,1074.0,200,200
NHAI,20180817,1072.0,1074.0,1070.0,1074.0,1788,1771
NHAI,20180817,1072.0,1074.0,1070.0,1074.0,353,351
NHAI,20180817,1072.0,1074.0,1070.0,1074.0,3030,2612
NHAI,20180817,1072.0,1074.0,1070.0,1074.0,44,44
NHAI,20180817,1072.0,1074.0,1070.0,1074.0,1600,1500
NHAI,20180817,1122.0,1124.9,1115.0,1122.32,200,200
NHAI,20180817,1122.0,1124.9,1115.0,1122.32,1788,1771
NHAI,20180817,1122.0,1124.9,1115.0,1122.32,353,351
NHAI,20180817,1122.0,1124.9,1115.0,1122.32,3030,2612
NHAI,20180817,1122.0,1124.9,1115.0,1122.32,44,44
NHAI,20180817,1122.0,1124.9,1115.0,1122.32,1600,1500
NHAI,20180817,1126.0,1126.0,1125.0,1125.0,200,200
NHAI,20180817,1126.0,1126.0,1125.0,1125.0,1788,1771
NHAI,20180817,1126.0,1126.0,1125.0,1125.0,353,351
NHAI,20180817,1126.0,1126.0,1125.0,1125.0,3030,2612
NHAI,20180817,1126.0,1126.0,1125.0,1125.0,44,44
NHAI,20180817,1126.0,1126.0,1125.0,1125.0,1600,1500
NHAI,20180817,1168.9,1174.0,1168.9,1169.0,200,200
NHAI,20180817,1168.9,1174.0,1168.9,1169.0,1788,1771
NHAI,20180817,1168.9,1174.0,1168.9,1169.0,353,351
NHAI,20180817,1168.9,1174.0,1168.9,1169.0,3030,2612
NHAI,20180817,1168.9,1174.0,1168.9,1169.0,44,44
NHAI,20180817,1168.9,1174.0,1168.9,1169.0,1600,1500
NHBTF2014,20180817,6544.99,6586.0,6536.0,6586.0,133,133
NHPC,20180817,25.0,25.7,24.9,25.45,3934424,1728727
NIACL,20180817,269.2,269.2,259.0,264.2,62188,46290
NIFTYBEES,20180817,1190.0,1198.7,1188.05,1197.82,17313,12198
NIFTYEES,20180817,12400.0,12400.0,11800.03,11900.0,3,0
NIITLTD,20180817,91.75,92.7,91.3,92.25,516197,310310
NIITTECH,20180817,1316.0,1337.9,1301.65,1331.25,660328,89278
NILAINFRA,20180817,12.65,12.8,12.1,12.2,196349,126259
NILKAMAL,20180817,1844.9,1914.0,1840.05,1896.9,72108,20088
NIPPOBATRY,20180817,794.8,808.95,786.9,800.05,690,473
NITCO,20180817,65.5,69.6,65.45,68.4,106060,40375
NITESHEST,20180817,7.55,8.4,7.55,7.9,73193,46570
NITINFIRE,20180817,4.0,4.0,3.85,4.0,626474,537937
NITINSPIN,20180817,87.7,91.6,86.15,89.95,84979,35478
NKIND,20180817,43.6,48.5,39.0,40.8,2812,1574
NLCINDIA,20180817,75.8,76.1,75.0,75.35,75987,31677
NMDC,20180817,101.9,105.95,101.8,104.65,4254902,1972150
NOCIL,20180817,173.95,180.45,173.95,178.9,811266,324570
NOIDATOLL,20180817,9.5,10.15,9.4,9.85,90693,71610
NRAIL,20180817,468.85,508.0,468.85,498.3,75262,37007
NRBBEARING,20180817,184.0,185.0,177.05,178.85,62273,37770
NSIL,20180817,1181.0,1181.0,1165.0,1165.05,39,25
NTPC,20180817,159.0,160.25,157.65,158.0,3893463,2218370
NTPC,20180817,159.0,160.25,157.65,158.0,20,20
NTPC,20180817,159.0,160.25,157.65,158.0,12100,12100
NTPC,20180817,159.0,160.25,157.65,158.0,3,3
NTPC,20180817,159.0,160.25,157.65,158.0,225,225
NTPC,20180817,1339.3,1339.3,1330.0,1330.0,3893463,2218370
NTPC,20180817,1339.3,1339.3,1330.0,1330.0,20,20
NTPC,20180817,1339.3,1339.3,1330.0,1330.0,12100,12100
NTPC,20180817,1339.3,1339.3,1330.0,1330.0,3,3
NTPC,20180817,1339.3,1339.3,1330.0,1330.0,225,225
NTPC,20180817,12.75,12.8,12.75,12.75,3893463,2218370
NTPC,20180817,12.75,12.8,12.75,12.75,20,20
NTPC,20180817,12.75,12.8,12.75,12.75,12100,12100
NTPC,20180817,12.75,12.8,12.75,12.75,3,3
NTPC,20180817,12.75,12.8,12.75,12.75,225,225
NTPC,20180817,1111.01,1111.01,1111.01,1111.01,3893463,2218370
NTPC,20180817,1111.01,1111.01,1111.01,1111.01,20,20
NTPC,20180817,1111.01,1111.01,1111.01,1111.01,12100,12100
NTPC,20180817,1111.01,1111.01,1111.01,1111.01,3,3
NTPC,20180817,1111.01,1111.01,1111.01,1111.01,225,225
NTPC,20180817,1173.5,1174.0,1173.0,1174.0,3893463,2218370
NTPC,20180817,1173.5,1174.0,1173.0,1174.0,20,20
NTPC,20180817,1173.5,1174.0,1173.0,1174.0,12100,12100
NTPC,20180817,1173.5,1174.0,1173.0,1174.0,3,3
NTPC,20180817,1173.5,1174.0,1173.0,1174.0,225,225
NUCLEUS,20180817,399.0,415.95,399.0,406.6,121388,37880
NUTEK,20180817,0.65,0.75,0.65,0.7,48321,46253
OBEROIRLTY,20180817,474.3,478.8,469.2,474.85,113875,45055
OCCL,20180817,1025.0,1172.0,1021.2,1085.4,18964,8109
OCL,20180817,1165.1,1215.0,1165.05,1202.85,44548,21558
OFSS,20180817,4030.1,4051.0,3982.45,4036.45,44577,20960
OIL,20180817,205.0,207.05,203.5,203.95,409900,145018
OILCOUNTUB,20180817,19.8,19.8,18.95,19.15,13214,10282
OMAXAUTO,20180817,110.2,110.2,106.9,107.05,13998,8981
OMAXE,20180817,221.35,222.1,220.9,221.3,225738,27030
OMKARCHEM,20180817,13.65,15.05,13.65,13.7,50915,35876
OMMETALS,20180817,36.05,36.05,34.05,35.05,48989,28822
ONELIFECAP,20180817,16.3,16.3,15.2,16.3,1223,958
ONEPOINT,20180817,41.5,42.9,41.5,42.4,8000,8000
ONGC,20180817,164.5,165.0,162.5,163.05,4754545,2918634
ONMOBILE,20180817,43.45,44.4,42.55,42.85,174038,109954
ONWARDTEC,20180817,70.8,70.8,67.5,68.9,18483,12714
ORBTEXP,20180817,146.35,148.0,141.35,143.0,1830,983
ORICONENT,20180817,35.5,37.8,35.5,36.3,170971,108726
ORIENTABRA,20180817,31.9,32.8,31.55,32.25,14277,10848
ORIENTALTL,20180817,14.35,14.35,13.65,13.9,13418,11242
ORIENTBANK,20180817,77.15,79.35,77.15,78.85,2915767,404493
ORIENTBELL,20180817,207.0,207.0,200.0,203.75,30785,23708
ORIENTCEM,20180817,115.85,127.45,112.6,119.5,326277,88311
ORIENTELEC,20180817,152.05,155.15,150.05,151.5,160027,91077
ORIENTHOT,20180817,43.0,45.45,42.8,44.2,69902,30781
ORIENTLTD,20180817,270.15,320.0,270.05,272.15,16403,2513
ORIENTPPR,20180817,38.2,40.9,38.15,38.7,5645250,3435266
ORIENTREF,20180817,216.6,244.0,216.6,238.6,195432,126607
ORISSAMINE,20180817,907.0,1082.7,904.85,997.8,89372,11857
ORTINLABSS,20180817,19.1,19.7,18.3,18.65,92240,52986
OSWALAGRO,20180817,10.6,10.8,10.1,10.4,12717,6971
OSWALSEEDS,20180817,27.2,27.8,26.75,26.8,84000,80000
PAEL,20180817,3.15,3.15,3.15,3.15,250,250
PAGEIND,20180817,33500.0,34198.8,33451.5,34011.35,39936,21807
PAISALO,20180817,303.4,312.65,300.5,309.0,493,269
PALASHSECU,20180817,40.55,45.7,40.5,42.05,4178,2956
PALREDTEC,20180817,48.4,50.7,48.0,48.0,831,596
PANACEABIO,20180817,227.6,241.45,225.05,230.6,113580,61041
PANACHE,20180817,94.85,94.85,94.85,94.85,1600,1600
PANAMAPET,20180817,133.3,135.5,132.0,133.5,19119,12502
PAPERPROD,20180817,272.95,274.1,268.2,271.25,15327,11832
PARABDRUGS,20180817,4.0,4.0,3.7,3.75,41098,34410
PARACABLES,20180817,14.45,14.7,13.6,14.3,53892,39499
PARAGMILK,20180817,294.45,309.45,293.25,304.6,872259,266605
PARSVNATH,20180817,12.2,12.65,12.15,12.2,21208,18038
PATELENG,20180817,54.5,56.45,53.3,53.95,1166968,242544
PATINTLOG,20180817,51.2,52.0,50.3,50.6,23410,17488
PATSPINLTD,20180817,12.45,14.1,12.15,13.45,25179,10389
PCJEWELLER,20180817,99.5,102.0,99.2,99.9,10981066,1278340
PDMJEPAPER,20180817,26.25,27.0,26.0,26.3,53996,25031
PDPL,20180817,9.5,10.05,9.1,9.8,8342,4176
PDSMFL,20180817,275.05,280.0,274.0,280.0,1133,1083
PEL,20180817,2713.0,2737.7,2684.5,2703.2,334400,126056
PENIND,20180817,46.95,47.5,44.65,46.3,123663,69899
PENINLAND,20180817,15.65,16.25,15.65,15.8,417965,229221
PENPEBS,20180817,59.6,59.6,57.75,58.5,17631,14767
PENTAGOLD,20180817,35.0,35.0,35.0,35.0,3000,3000
PERSISTENT,20180817,879.0,881.7,863.25,871.75,224125,118085
PETRONENGG,20180817,41.5,43.0,39.55,41.25,3853,2635
PETRONET,20180817,218.8,220.0,216.0,218.0,2187534,1252054
PFC,20180817,81.6,83.7,81.3,82.5,5990433,1522927
PFC,20180817,81.6,83.7,81.3,82.5,339,339
PFC,20180817,1295.0,1299.33,1295.0,1299.33,5990433,1522927
PFC,20180817,1295.0,1299.33,1295.0,1299.33,339,339
PFIZER,20180817,3025.0,3088.0,2983.8,3039.45,66569,28514
PFOCUS,20180817,73.9,75.95,73.1,74.55,14175,9776
PFS,20180817,16.7,17.0,16.45,16.9,742548,408518
PGEL,20180817,175.45,179.4,174.75,175.6,14203,8344
PGHH,20180817,10699.8,10798.95,9576.15,10463.25,14309,4513
PGIL,20180817,138.35,141.0,136.05,137.75,3323,2073
PHILIPCARB,20180817,254.7,262.2,253.5,258.0,989836,360847
PHOENIXLTD,20180817,630.1,636.7,622.6,625.7,37058,24848
PIDILITIND,20180817,1119.5,1130.15,1119.15,1123.7,251250,134293
PIIND,20180817,785.0,785.0,771.05,776.15,24827,10572
PILITA,20180817,9.15,9.15,8.75,8.95,26863,6863
PIONDIST,20180817,172.25,184.2,172.25,184.2,40008,25757
PIONEEREMB,20180817,35.7,36.5,32.0,34.85,491234,79555
PITTIENG,20180817,83.4,85.95,82.5,83.45,53733,31761
PLASTIBLEN,20180817,255.0,257.55,251.0,252.2,6275,5274
PNB,20180817,82.5,83.9,82.3,83.45,25610532,6210993
PNBGILTS,20180817,27.75,28.5,27.4,27.8,229594,84431
PNBHOUSING,20180817,1260.5,1372.65,1258.6,1333.15,364565,108499
PNC,20180817,15.35,16.0,15.35,15.95,6884,6609
PNCINFRA,20180817,168.5,169.0,165.5,167.05,53168,35083
POCHIRAJU,20180817,3.0,3.0,3.0,3.0,635,635
PODDARHOUS,20180817,790.0,790.0,759.95,779.15,2794,1568
PODDARMENT,20180817,253.9,253.9,250.0,250.0,931,635
POKARNA,20180817,152.4,152.45,147.3,150.45,28869,23562
POLYMED,20180817,215.35,216.05,210.0,212.35,3669,2795
POLYPLEX,20180817,496.45,510.8,495.6,503.5,62882,34448
PONNIERODE,20180817,118.8,125.0,118.0,119.2,981,852
POWERGRID,20180817,188.5,189.0,185.75,187.1,2262658,1379003
POWERMECH,20180817,950.0,963.0,950.0,959.9,2597,2474
PPAP,20180817,528.0,540.0,525.05,534.45,14747,9058
PRABHAT,20180817,154.85,157.0,152.65,155.0,34029,17293
PRAENG,20180817,8.25,9.4,8.25,9.25,95059,56957
PRAJIND,20180817,79.6,80.3,79.0,79.45,226902,90099
PRAKASH,20180817,139.0,141.25,137.7,138.8,412051,146266
PRAKASHCON,20180817,5.1,5.3,4.85,5.1,292602,167426
PRAXIS,20180817,179.75,193.4,177.65,183.0,3994,3543
PRECAM,20180817,70.25,73.25,69.75,70.2,48326,29124
PRECOT,20180817,47.0,48.0,46.5,48.0,2759,2429
PRECWIRE,20180817,245.0,248.0,243.0,247.35,22105,15790
PREMEXPLN,20180817,219.0,224.0,206.0,214.05,12355,5876
PREMIER,20180817,18.7,19.0,17.7,18.25,18332,9469
PREMIERPOL,20180817,31.05,33.0,30.1,30.45,4829,4090
PRESSMN,20180817,46.35,47.0,45.0,45.4,7628,5214
PRESTIGE,20180817,250.15,253.6,250.0,250.55,26699,19616
PRICOLLTD,20180817,65.05,66.75,65.05,66.3,82785,56662
PRIMESECU,20180817,43.0,43.9,41.5,41.85,12985,8759
PRITI,20180817,95.05,95.05,94.5,94.75,6400,4800
PROVOGE,20180817,3.8,3.8,3.7,3.75,35187,22291
PROZONINTU,20180817,43.8,46.95,41.35,43.25,1071852,321172
PRSMJOHNSN,20180817,108.3,109.65,106.5,108.5,827380,429740
PSB,20180817,28.8,29.2,28.8,28.95,38744,25738
PSL,20180817,2.1,2.15,2.05,2.1,61127,55045
PSPPROJECT,20180817,466.25,476.0,466.2,474.65,7471,5071
PSUBNKBEES,20180817,349.55,358.8,348.55,358.76,2310,1593
PTC,20180817,82.9,83.8,82.4,83.45,1129246,325317
PTL,20180817,48.35,48.35,47.15,47.55,10641,9409
PUNJABCHEM,20180817,709.2,709.2,690.25,692.85,3396,3063
PUNJLLOYD,20180817,13.2,14.8,13.0,14.25,1825750,613291
PURVA,20180817,96.6,100.9,96.05,97.95,300155,173402
PVP,20180817,4.05,4.05,3.6,3.85,261904,87978
PVR,20180817,1300.0,1313.4,1287.7,1306.15,311973,76696
QGOLDHALF,20180817,1306.0,1309.4,1303.0,1305.0,129,67
QUESS,20180817,1016.0,1050.0,1015.0,1036.7,66215,44845
QUICKHEAL,20180817,266.55,271.9,265.2,265.95,108574,50288
RADAAN,20180817,1.6,1.6,1.6,1.6,550,550
RADICO,20180817,408.5,414.85,393.0,404.15,789164,351132
RADIOCITY,20180817,326.8,334.7,326.8,330.15,44401,29849
RAJESHEXPO,20180817,646.7,654.65,616.5,623.8,407494,116336
RAJSREESUG,20180817,24.0,24.0,22.9,23.15,10667,6095
RAJTV,20180817,36.95,38.2,36.55,37.3,3016,2093
RALLIS,20180817,190.4,193.25,190.4,191.7,219782,163889
RAMANEWS,20180817,28.95,30.3,27.0,29.25,682919,338924
RAMASTEEL,20180817,115.0,115.0,106.05,108.0,38545,23154
RAMCOCEM,20180817,661.25,684.55,651.0,681.75,411902,156980
RAMCOIND,20180817,235.9,249.9,235.9,245.4,94391,26816
RAMCOSYS,20180817,384.0,386.75,378.2,380.0,14741,9800
RAMKY,20180817,165.25,175.8,165.25,175.8,135961,77026
RANASUG,20180817,3.5,3.55,3.4,3.4,150878,77650
RANEENGINE,20180817,482.5,495.0,480.0,482.5,781,427
RANEHOLDIN,20180817,2012.0,2023.0,1980.0,2016.8,574,325
RATNAMANI,20180817,860.2,880.0,841.05,867.2,24540,16644
RAYMOND,20180817,777.6,801.8,758.35,795.6,1253204,363759
RBL,20180817,768.0,773.95,758.4,764.85,7625,3150
RBLBANK,20180817,574.7,578.8,571.3,573.45,1010312,600316
RCF,20180817,69.0,70.4,68.6,69.75,1286035,359865
RCOM,20180817,18.55,19.9,18.05,19.2,175944067,11810798
RECLTD,20180817,109.65,110.9,107.5,110.05,4243184,945572
RECLTD,20180817,109.65,110.9,107.5,110.05,20,20
RECLTD,20180817,109.65,110.9,107.5,110.05,94,94
RECLTD,20180817,109.65,110.9,107.5,110.05,84,84
RECLTD,20180817,109.65,110.9,107.5,110.05,194,194
RECLTD,20180817,109.65,110.9,107.5,110.05,5,5
RECLTD,20180817,1080.0,1080.0,1080.0,1080.0,4243184,945572
RECLTD,20180817,1080.0,1080.0,1080.0,1080.0,20,20
RECLTD,20180817,1080.0,1080.0,1080.0,1080.0,94,94
RECLTD,20180817,1080.0,1080.0,1080.0,1080.0,84,84
RECLTD,20180817,1080.0,1080.0,1080.0,1080.0,194,194
RECLTD,20180817,1080.0,1080.0,1080.0,1080.0,5,5
RECLTD,20180817,1225.0,1225.0,1225.0,1225.0,4243184,945572
RECLTD,20180817,1225.0,1225.0,1225.0,1225.0,20,20
RECLTD,20180817,1225.0,1225.0,1225.0,1225.0,94,94
RECLTD,20180817,1225.0,1225.0,1225.0,1225.0,84,84
RECLTD,20180817,1225.0,1225.0,1225.0,1225.0,194,194
RECLTD,20180817,1225.0,1225.0,1225.0,1225.0,5,5
RECLTD,20180817,1160.0,1160.0,1160.0,1160.0,4243184,945572
RECLTD,20180817,1160.0,1160.0,1160.0,1160.0,20,20
RECLTD,20180817,1160.0,1160.0,1160.0,1160.0,94,94
RECLTD,20180817,1160.0,1160.0,1160.0,1160.0,84,84
RECLTD,20180817,1160.0,1160.0,1160.0,1160.0,194,194
RECLTD,20180817,1160.0,1160.0,1160.0,1160.0,5,5
RECLTD,20180817,1145.0,1161.6,1145.0,1161.6,4243184,945572
RECLTD,20180817,1145.0,1161.6,1145.0,1161.6,20,20
RECLTD,20180817,1145.0,1161.6,1145.0,1161.6,94,94
RECLTD,20180817,1145.0,1161.6,1145.0,1161.6,84,84
RECLTD,20180817,1145.0,1161.6,1145.0,1161.6,194,194
RECLTD,20180817,1145.0,1161.6,1145.0,1161.6,5,5
RECLTD,20180817,1112.05,1112.05,1112.05,1112.05,4243184,945572
RECLTD,20180817,1112.05,1112.05,1112.05,1112.05,20,20
RECLTD,20180817,1112.05,1112.05,1112.05,1112.05,94,94
RECLTD,20180817,1112.05,1112.05,1112.05,1112.05,84,84
RECLTD,20180817,1112.05,1112.05,1112.05,1112.05,194,194
RECLTD,20180817,1112.05,1112.05,1112.05,1112.05,5,5
REDINGTON,20180817,93.45,100.2,93.45,95.6,2315361,1670144
REFEX,20180817,17.65,17.65,16.4,16.55,7565,5373
RELAXO,20180817,846.0,851.25,842.0,846.7,28050,22252
RELCAPITAL,20180817,430.0,438.8,429.6,436.05,2620879,209840
RELCNX100,20180817,120.5,120.5,120.5,120.5,5,5
RELCONS,20180817,55.9,56.31,55.57,56.29,1976,1929
RELDIVOPP,20180817,30.5,30.78,30.46,30.76,2478,2461
RELIABLE,20180817,62.95,62.95,59.0,61.9,18000,4000
RELIANCE,20180817,1209.0,1215.4,1200.05,1203.75,3830992,1369817
RELIGARE,20180817,49.95,51.4,48.25,49.55,604693,422540
RELINFRA,20180817,405.8,418.8,404.05,416.05,2526753,564986
RELNV20,20180817,564.96,568.18,564.96,567.77,101,101
REMSONSIND,20180817,94.7,94.7,87.1,91.75,1703,1267
RENUKA,20180817,12.05,12.75,12.0,12.1,320482,127651
REPCOHOME,20180817,610.0,614.25,586.0,590.55,241455,64372
REPL,20180817,42.0,43.0,42.0,42.95,15000,15000
REPRO,20180817,641.0,650.5,631.0,648.7,2948,1473
RESPONIND,20180817,98.0,101.0,93.85,97.6,20746,4028
REVATHI,20180817,505.35,505.4,486.4,499.45,88,41
RHFL,20180817,57.3,58.4,57.1,57.6,131477,74458
RHFL,20180817,57.3,58.4,57.1,57.6,4,2
RHFL,20180817,1001.0,1001.0,1000.0,1000.0,131477,74458
RHFL,20180817,1001.0,1001.0,1000.0,1000.0,4,2
RICOAUTO,20180817,84.8,87.25,84.5,86.25,645864,306759
RIIL,20180817,422.8,427.0,422.05,423.55,159455,26033
RITES,20180817,293.5,326.0,290.9,309.65,12132714,1538776
RJL,20180817,304.2,329.0,304.2,325.0,67338,38844
RKDL,20180817,10.5,10.5,9.7,10.35,14558,10177
RKEC,20180817,100.0,100.0,100.0,100.0,5000,5000
RKFORGE,20180817,628.75,633.6,616.5,624.65,18802,15054
RMCL,20180817,34.85,37.3,34.3,36.85,1135385,598563
RML,20180817,657.55,657.55,645.8,648.9,4216,2947
RNAM,20180817,239.6,240.75,229.55,234.0,61393,29798
RNAVAL,20180817,16.4,17.9,16.4,16.65,6171841,2587288
ROHLTD,20180817,141.0,145.5,138.5,139.55,63911,35205
ROLLT,20180817,3.2,3.45,3.0,3.35,177721,106966
ROLTA,20180817,35.7,38.0,35.3,36.8,1621692,515938
ROSSELLIND,20180817,74.0,76.7,72.5,73.2,14224,9360
RPGLIFE,20180817,272.95,286.0,271.0,277.55,41160,15591
RPOWER,20180817,32.55,32.65,31.9,32.55,5904402,1665845
RPPINFRA,20180817,212.55,219.8,211.55,216.0,122243,72816
RRSLGETF,20180817,17.08,17.09,17.08,17.09,626,626
RSSOFTWARE,20180817,41.1,41.55,40.15,40.75,46774,19376
RSWM,20180817,246.3,253.75,243.35,247.75,23310,16009
RSYSTEMS,20180817,37.25,37.5,36.5,37.0,81771,75144
RTNINFRA,20180817,4.1,4.1,3.8,3.9,786265,573146
RTNPOWER,20180817,4.1,4.25,4.1,4.1,1759737,995035
RUBYMILLS,20180817,326.95,331.0,324.0,326.3,3181,1859
RUCHIRA,20180817,140.0,150.7,140.0,147.05,261825,87184
RUCHISOYA,20180817,9.85,10.15,9.35,9.35,4006093,2313891
RUPA,20180817,389.7,393.0,385.3,387.25,9244,3404
RUSHIL,20180817,707.0,709.95,690.1,694.05,20254,17284
SABEVENTS,20180817,4.1,4.1,4.0,4.0,1433,1433
SADBHAV,20180817,270.4,271.8,266.55,268.25,75967,49200
SADBHIN,20180817,123.0,124.0,122.95,123.5,10078,9258
SAGCEM,20180817,775.25,775.25,754.15,767.9,18815,17932
SAIL,20180817,75.2,76.6,74.8,75.85,7358973,1020963
SAKHTISUG,20180817,13.1,13.4,13.05,13.1,24191,10755
SAKSOFT,20180817,303.25,303.25,280.0,281.5,121507,52349
SAKUMA,20180817,171.0,173.45,163.4,167.95,50591,20596
SALASAR,20180817,305.5,314.35,305.5,309.5,12773,9123
SALONA,20180817,79.1,80.0,76.1,78.5,451,240
SALSTEEL,20180817,6.55,6.75,6.2,6.55,24144,18962
SALZERELEC,20180817,157.05,163.0,157.05,160.6,8640,6571
SAMBHAAV,20180817,6.4,6.6,6.35,6.4,17628,14154
SANCO,20180817,21.95,22.35,20.8,21.05,15583,12019
SANDESH,20180817,905.25,922.5,905.2,918.0,230,149
SANDHAR,20180817,370.95,376.0,363.2,372.55,250182,94379
SANGAMIND,20180817,82.75,85.5,82.5,83.3,40262,19650
SANGHIIND,20180817,82.9,84.95,82.5,83.15,88160,46349
SANGHVIFOR,20180817,27.9,28.1,26.4,27.05,19600,16216
SANGHVIMOV,20180817,149.3,154.0,144.35,150.5,189400,136927
SANGINITA,20180817,60.55,60.55,60.55,60.55,1000,1000
SANOFI,20180817,6400.0,6400.0,6289.95,6331.55,20064,13922
SANWARIA,20180817,14.05,14.25,13.95,14.05,1435162,651213
SARDAEN,20180817,378.3,385.0,372.2,375.05,37984,22333
SAREGAMA,20180817,640.0,646.05,632.25,634.15,23382,7667
SARLAPOLY,20180817,38.95,39.7,38.0,38.7,32560,25103
SARVESHWAR,20180817,51.5,52.0,51.5,52.0,12800,12800
SASKEN,20180817,917.3,934.8,901.1,913.0,15019,7791
SASTASUNDR,20180817,86.0,91.0,85.55,88.0,5116,4372
SATHAISPAT,20180817,13.4,13.95,12.9,13.5,25570,19746
SATIN,20180817,363.0,365.0,353.95,362.5,25371,12056
SBILIFE,20180817,653.75,658.7,652.05,654.95,151040,120105
SBIN,20180817,295.0,302.7,294.05,302.1,21931134,5240195
SBIN,20180817,295.0,302.7,294.05,302.1,2,2
SBIN,20180817,295.0,302.7,294.05,302.1,246,246
SBIN,20180817,10721.0,10721.0,10721.0,10721.0,21931134,5240195
SBIN,20180817,10721.0,10721.0,10721.0,10721.0,2,2
SBIN,20180817,10721.0,10721.0,10721.0,10721.0,246,246
SBIN,20180817,10981.0,11020.0,10980.0,11020.0,21931134,5240195
SBIN,20180817,10981.0,11020.0,10980.0,11020.0,2,2
SBIN,20180817,10981.0,11020.0,10980.0,11020.0,246,246
SCAPDVR,20180817,1.65,1.65,1.6,1.6,1500,1500
SCHAEFFLER,20180817,5385.5,5385.5,5235.05,5250.85,4390,3977
SCHAND,20180817,334.95,335.05,322.8,324.5,9242,7450
SCHNEIDER,20180817,98.2,102.8,97.0,102.2,199695,106381
SCI,20180817,58.1,58.8,57.45,57.7,331364,160942
SDBL,20180817,232.95,235.0,230.95,232.8,51296,22450
SEAMECLTD,20180817,288.8,298.0,283.0,296.15,20802,14604
SECURCRED,20180817,136.0,149.0,136.0,149.0,1200,1200
SELAN,20180817,248.8,256.5,248.8,250.0,100546,43438
SELMCL,20180817,1.85,1.9,1.8,1.9,65090,55085
SEPOWER,20180817,4.0,4.0,3.6,3.95,1063487,1056380
SEQUENT,20180817,48.5,51.25,47.9,48.35,586693,306360
SESHAPAPER,20180817,1083.0,1134.0,1083.0,1128.35,13065,7643
SETCO,20180817,47.6,51.3,47.6,50.6,1020794,550366
SETFGOLD,20180817,2661.0,2661.0,2641.1,2649.0,1558,1109
SETFNIF50,20180817,116.18,116.55,116.12,116.5,3368,2452
SETFNIFBK,20180817,281.69,283.63,281.69,283.4,679,669
SETFNN50,20180817,301.01,302.5,301.01,302.3,563,490
SFL,20180817,1652.0,1680.0,1622.55,1651.3,2266,1220
SGBAUG24,20180817,2634.0,2681.99,2634.0,2669.97,326,309
SGBDEC2512,20180817,2610.0,2610.0,2610.0,2610.0,10,10
SGBFEB24,20180817,2710.0,2710.0,2660.0,2660.0,476,474
SGBJUL25,20180817,2614.0,2614.0,2556.0,2600.0,34,29
SGBMAR24,20180817,2670.0,2845.0,2670.0,2845.0,3,3
SGBMAR25,20180817,2640.0,2640.0,2620.0,2637.88,269,249
SGBMAY25,20180817,2605.0,2620.0,2600.0,2601.0,57,49
SGBMAY26,20180817,2595.0,2619.0,2426.0,2594.17,645,569
SGBNOV23,20180817,2671.0,2671.0,2671.0,2671.0,10,10
SGBNOV24,20180817,2625.1,2649.98,2625.1,2631.55,28,28
SGBOCT25,20180817,2615.0,2615.0,2615.0,2615.0,1,1
SGBOCT25IV,20180817,2610.0,2610.0,2610.0,2610.0,5,5
SGBSEP24,20180817,2651.0,2689.78,2650.1,2661.81,68,57
SGL,20180817,9.5,10.1,9.5,9.7,11843,6638
SHAHALLOYS,20180817,23.0,23.3,22.4,22.85,15059,13445
SHAKTIPUMP,20180817,445.85,455.0,442.6,444.75,49013,9936
SHALBY,20180817,161.0,168.8,159.25,161.95,98946,51459
SHALPAINTS,20180817,124.75,125.0,121.5,122.5,14664,6108
SHANKARA,20180817,1660.0,1660.05,1620.5,1629.5,195731,177497
SHANTI,20180817,33.0,33.0,33.0,33.0,3000,3000
SHANTIGEAR,20180817,128.25,131.95,128.15,128.4,31463,19692
SHARDACROP,20180817,388.45,402.45,388.45,395.95,34430,21381
SHARDAMOTR,20180817,2024.0,2024.0,1966.0,1998.15,2890,1997
SHARIABEES,20180817,251.0,251.0,250.6,250.6,13,13
SHEMAROO,20180817,480.55,492.8,480.55,489.05,2389,928
SHILPAMED,20180817,445.9,445.95,420.0,426.45,29230,16690
SHIRPUR-G,20180817,94.55,95.6,91.2,93.05,1246,811
SHIVAMAUTO,20180817,58.95,59.9,58.55,58.9,62081,30987
SHIVAMILLS,20180817,57.35,62.9,57.35,60.7,15383,9132
SHIVATEX,20180817,315.0,315.0,300.0,306.55,2256,1966
SHK,20180817,203.0,205.5,200.05,201.0,41282,35234
SHOPERSTOP,20180817,549.65,557.5,548.0,555.55,26613,18601
SHREECEM,20180817,17275.0,17898.0,17068.6,17758.4,20959,5886
SHREEPUSHK,20180817,204.3,211.25,199.0,200.75,55886,26427
SHREERAMA,20180817,8.35,8.35,7.8,8.25,10448,6516
SHRENIK,20180817,190.1,200.0,181.05,184.55,303125,105625
SHREYANIND,20180817,154.75,173.8,152.3,165.1,109780,40515
SHREYAS,20180817,355.0,369.65,350.0,351.7,15546,7932
SHRIRAMCIT,20180817,2035.0,2035.0,1940.0,1997.05,212333,169098
SHRIRAMEPC,20180817,17.3,17.75,17.15,17.4,157639,111256
SHYAMCENT,20180817,9.1,9.4,9.1,9.4,24724,19860
SHYAMTEL,20180817,9.55,10.0,9.55,10.0,491,481
SICAGEN,20180817,27.05,28.7,27.05,28.55,9844,7821
SICAL,20180817,168.5,170.3,166.0,168.0,8595,8203
SIEMENS,20180817,1004.0,1023.1,1004.0,1018.25,183710,93801
SIIL,20180817,34.6,34.6,34.6,34.6,2000,2000
SILINV,20180817,200.3,208.75,200.3,206.85,7942,4637
SIMBHALS,20180817,9.8,9.8,9.35,9.5,4808,3130
SIMPLEX,20180817,17.7,18.7,17.5,18.1,4206,2938
SIMPLEXINF,20180817,421.9,437.4,419.0,421.7,11565,7068
SINTERCOM,20180817,77.0,77.0,74.5,75.8,20000,18000
SINTEX,20180817,13.8,14.1,13.75,13.85,2346611,774057
SIRCA,20180817,209.8,209.8,204.55,208.65,7200,6400
SIS,20180817,1128.0,1128.0,1102.95,1113.5,6831,5852
SITINET,20180817,12.0,12.0,11.4,11.6,43979,30609
SIYSIL,20180817,508.4,515.0,504.45,511.9,4870,3115
SJVN,20180817,29.7,30.55,29.7,29.9,1378388,916610
SKFINDIA,20180817,1735.0,1744.85,1725.0,1731.5,1576,907
SKIL,20180817,21.6,21.65,20.95,20.95,57536,46798
SKIPPER,20180817,113.0,125.8,113.0,120.75,857074,245601
SKMEGGPROD,20180817,75.85,76.9,75.25,76.5,28843,18174
SKSTEXTILE,20180817,45.0,45.0,45.0,45.0,1000,1000
SMARTLINK,20180817,94.55,96.4,94.55,95.45,2084,1669
SMLISUZU,20180817,865.6,876.2,857.1,865.1,14733,8761
SMSLIFE,20180817,396.05,411.95,395.0,396.0,2520,1216
SMSPHARMA,20180817,72.2,75.65,72.05,72.85,60503,37770
SNOWMAN,20180817,41.7,42.15,41.4,41.75,166223,85780
SOBHA,20180817,467.05,474.5,463.0,464.9,214307,74096
SOFTTECH,20180817,63.3,63.3,63.3,63.3,1600,1600
SOLARA,20180817,285.9,285.9,285.9,285.9,2893,2893
SOLARINDS,20180817,1250.0,1250.0,1218.05,1222.0,6430,5205
SOMANYCERA,20180817,466.95,473.95,462.1,464.15,9432,6694
SOMATEX,20180817,8.75,9.15,8.45,8.8,12767,9800
SOMICONVEY,20180817,39.65,42.7,39.65,40.2,10410,6292
SONAMCLOCK,20180817,37.75,37.75,37.75,37.75,21000,21000
SONATSOFTW,20180817,354.7,370.0,351.7,364.8,548403,123027
SORILINFRA,20180817,383.9,397.05,379.5,397.05,138324,90312
SOTL,20180817,1193.3,1223.9,1182.0,1210.55,517,308
SOUTHBANK,20180817,18.05,18.65,18.05,18.35,22799172,10756384
SOUTHWEST,20180817,61.5,62.7,61.5,62.7,4800,4800
SPAL,20180817,328.95,328.95,320.25,323.8,3378,2208
SPARC,20180817,386.0,398.75,385.15,388.75,548799,129569
SPECIALITY,20180817,105.0,105.35,102.0,102.35,35094,24170
SPENTEX,20180817,3.0,3.0,2.8,2.95,10989,6109
SPIC,20180817,30.1,32.2,30.1,31.55,90969,63950
SPICEMOBI,20180817,14.0,14.45,14.0,14.25,16410,12184
SPLIL,20180817,24.35,26.75,24.15,25.05,13892,7746
SPMLINFRA,20180817,70.8,70.8,68.55,68.9,17757,6558
SPTL,20180817,38.8,39.35,38.65,38.8,619972,258770
SQSBFSI,20180817,432.0,443.25,430.0,431.9,12581,10239
SREEL,20180817,265.2,268.0,263.35,267.15,4986,2626
SREIBNPNCD,20180817,979.5,979.5,979.5,979.5,20,20
SREIBNPNCD,20180817,979.5,979.5,979.5,979.5,50,50
SREIBNPNCD,20180817,979.5,979.5,979.5,979.5,10,10
SREIBNPNCD,20180817,979.5,979.5,979.5,979.5,200,200
SREIBNPNCD,20180817,995.0,995.0,995.0,995.0,20,20
SREIBNPNCD,20180817,995.0,995.0,995.0,995.0,50,50
SREIBNPNCD,20180817,995.0,995.0,995.0,995.0,10,10
SREIBNPNCD,20180817,995.0,995.0,995.0,995.0,200,200
SREIBNPNCD,20180817,1007.0,1007.0,1007.0,1007.0,20,20
SREIBNPNCD,20180817,1007.0,1007.0,1007.0,1007.0,50,50
SREIBNPNCD,20180817,1007.0,1007.0,1007.0,1007.0,10,10
SREIBNPNCD,20180817,1007.0,1007.0,1007.0,1007.0,200,200
SREIBNPNCD,20180817,991.0,991.0,991.0,991.0,20,20
SREIBNPNCD,20180817,991.0,991.0,991.0,991.0,50,50
SREIBNPNCD,20180817,991.0,991.0,991.0,991.0,10,10
SREIBNPNCD,20180817,991.0,991.0,991.0,991.0,200,200
SREINFRA,20180817,47.9,49.0,47.3,48.55,3475886,984902
SREINFRA,20180817,47.9,49.0,47.3,48.55,10,10
SREINFRA,20180817,47.9,49.0,47.3,48.55,20,20
SREINFRA,20180817,1099.99,1099.99,1099.99,1099.99,3475886,984902
SREINFRA,20180817,1099.99,1099.99,1099.99,1099.99,10,10
SREINFRA,20180817,1099.99,1099.99,1099.99,1099.99,20,20
SREINFRA,20180817,980.0,980.0,980.0,980.0,3475886,984902
SREINFRA,20180817,980.0,980.0,980.0,980.0,10,10
SREINFRA,20180817,980.0,980.0,980.0,980.0,20,20
SRF,20180817,1962.0,2000.0,1955.0,1990.65,437313,32047
SRHHYPOLTD,20180817,140.25,143.0,140.1,141.1,2986,1918
SRIPIPES,20180817,227.0,227.0,215.7,218.15,135447,56884
SRIRAM,20180817,13.7,14.2,13.7,14.15,24000,6000
SRSLTD,20180817,0.5,0.5,0.4,0.45,648836,451896
SRTRANSFIN,20180817,1329.6,1346.35,1306.35,1326.85,714394,158794
SRTRANSFIN,20180817,1329.6,1346.35,1306.35,1326.85,201,201
SRTRANSFIN,20180817,1329.6,1346.35,1306.35,1326.85,12,11
SRTRANSFIN,20180817,1329.6,1346.35,1306.35,1326.85,220,220
SRTRANSFIN,20180817,1329.6,1346.35,1306.35,1326.85,100,100
SRTRANSFIN,20180817,1329.6,1346.35,1306.35,1326.85,425,425
SRTRANSFIN,20180817,1329.6,1346.35,1306.35,1326.85,50,50
SRTRANSFIN,20180817,1329.6,1346.35,1306.35,1326.85,50,50
SRTRANSFIN,20180817,1027.0,1027.0,1022.5,1022.79,714394,158794
SRTRANSFIN,20180817,1027.0,1027.0,1022.5,1022.79,201,201
SRTRANSFIN,20180817,1027.0,1027.0,1022.5,1022.79,12,11
SRTRANSFIN,20180817,1027.0,1027.0,1022.5,1022.79,220,220
SRTRANSFIN,20180817,1027.0,1027.0,1022.5,1022.79,100,100
SRTRANSFIN,20180817,1027.0,1027.0,1022.5,1022.79,425,425
SRTRANSFIN,20180817,1027.0,1027.0,1022.5,1022.79,50,50
SRTRANSFIN,20180817,1027.0,1027.0,1022.5,1022.79,50,50
SRTRANSFIN,20180817,1068.0,1068.0,1068.0,1068.0,714394,158794
SRTRANSFIN,20180817,1068.0,1068.0,1068.0,1068.0,201,201
SRTRANSFIN,20180817,1068.0,1068.0,1068.0,1068.0,12,11
SRTRANSFIN,20180817,1068.0,1068.0,1068.0,1068.0,220,220
SRTRANSFIN,20180817,1068.0,1068.0,1068.0,1068.0,100,100
SRTRANSFIN,20180817,1068.0,1068.0,1068.0,1068.0,425,425
SRTRANSFIN,20180817,1068.0,1068.0,1068.0,1068.0,50,50
SRTRANSFIN,20180817,1068.0,1068.0,1068.0,1068.0,50,50
SRTRANSFIN,20180817,1010.0,1015.0,1010.0,1015.0,714394,158794
SRTRANSFIN,20180817,1010.0,1015.0,1010.0,1015.0,201,201
SRTRANSFIN,20180817,1010.0,1015.0,1010.0,1015.0,12,11
SRTRANSFIN,20180817,1010.0,1015.0,1010.0,1015.0,220,220
SRTRANSFIN,20180817,1010.0,1015.0,1010.0,1015.0,100,100
SRTRANSFIN,20180817,1010.0,1015.0,1010.0,1015.0,425,425
SRTRANSFIN,20180817,1010.0,1015.0,1010.0,1015.0,50,50
SRTRANSFIN,20180817,1010.0,1015.0,1010.0,1015.0,50,50
SRTRANSFIN,20180817,1013.0,1013.0,1013.0,1013.0,714394,158794
SRTRANSFIN,20180817,1013.0,1013.0,1013.0,1013.0,201,201
SRTRANSFIN,20180817,1013.0,1013.0,1013.0,1013.0,12,11
SRTRANSFIN,20180817,1013.0,1013.0,1013.0,1013.0,220,220
SRTRANSFIN,20180817,1013.0,1013.0,1013.0,1013.0,100,100
SRTRANSFIN,20180817,1013.0,1013.0,1013.0,1013.0,425,425
SRTRANSFIN,20180817,1013.0,1013.0,1013.0,1013.0,50,50
SRTRANSFIN,20180817,1013.0,1013.0,1013.0,1013.0,50,50
SRTRANSFIN,20180817,1007.0,1007.0,1007.0,1007.0,714394,158794
SRTRANSFIN,20180817,1007.0,1007.0,1007.0,1007.0,201,201
SRTRANSFIN,20180817,1007.0,1007.0,1007.0,1007.0,12,11
SRTRANSFIN,20180817,1007.0,1007.0,1007.0,1007.0,220,220
SRTRANSFIN,20180817,1007.0,1007.0,1007.0,1007.0,100,100
SRTRANSFIN,20180817,1007.0,1007.0,1007.0,1007.0,425,425
SRTRANSFIN,20180817,1007.0,1007.0,1007.0,1007.0,50,50
SRTRANSFIN,20180817,1007.0,1007.0,1007.0,1007.0,50,50
SRTRANSFIN,20180817,1006.0,1006.0,1006.0,1006.0,714394,158794
SRTRANSFIN,20180817,1006.0,1006.0,1006.0,1006.0,201,201
SRTRANSFIN,20180817,1006.0,1006.0,1006.0,1006.0,12,11
SRTRANSFIN,20180817,1006.0,1006.0,1006.0,1006.0,220,220
SRTRANSFIN,20180817,1006.0,1006.0,1006.0,1006.0,100,100
SRTRANSFIN,20180817,1006.0,1006.0,1006.0,1006.0,425,425
SRTRANSFIN,20180817,1006.0,1006.0,1006.0,1006.0,50,50
SRTRANSFIN,20180817,1006.0,1006.0,1006.0,1006.0,50,50
SRTRANSFIN,20180817,1000.0,1000.0,1000.0,1000.0,714394,158794
SRTRANSFIN,20180817,1000.0,1000.0,1000.0,1000.0,201,201
SRTRANSFIN,20180817,1000.0,1000.0,1000.0,1000.0,12,11
SRTRANSFIN,20180817,1000.0,1000.0,1000.0,1000.0,220,220
SRTRANSFIN,20180817,1000.0,1000.0,1000.0,1000.0,100,100
SRTRANSFIN,20180817,1000.0,1000.0,1000.0,1000.0,425,425
SRTRANSFIN,20180817,1000.0,1000.0,1000.0,1000.0,50,50
SRTRANSFIN,20180817,1000.0,1000.0,1000.0,1000.0,50,50
SSWL,20180817,1190.5,1205.0,1178.65,1183.1,4042,2188
STAMPEDE,20180817,3.15,3.45,3.15,3.25,372073,293643
STAN,20180817,56.0,56.85,55.6,55.75,5134,3600
STAR,20180817,436.0,452.9,432.05,449.1,5277436,714612
STARCEMENT,20180817,113.5,114.6,112.0,112.75,21721,17630
STARPAPER,20180817,183.9,193.65,183.6,189.2,385317,104476
STCINDIA,20180817,134.75,138.7,134.1,136.05,112951,19676
STEELCITY,20180817,81.4,81.4,78.1,78.1,4000,2000
STEELXIND,20180817,22.7,24.85,20.55,24.85,46193,39233
STEL,20180817,90.45,90.5,88.0,89.6,2088,1934
STERTOOLS,20180817,382.45,392.0,380.55,390.1,19068,12280
STINDIA,20180817,12.75,14.5,12.75,13.45,264,154
STRTECH,20180817,362.9,365.9,359.15,361.8,635551,236051
SUBEX,20180817,5.9,6.2,5.75,6.0,5212968,2923014
SUBROS,20180817,335.95,342.0,331.1,338.7,29048,18938
SUDARSCHEM,20180817,433.95,438.95,430.0,433.05,59287,41472
SUMMITSEC,20180817,811.0,812.9,785.5,793.25,943,599
SUNCLAYLTD,20180817,4000.0,4015.0,3970.0,3998.9,2534,2283
SUNDARAM,20180817,2.35,2.45,2.35,2.4,496948,385380
SUNDARMFIN,20180817,1496.8,1496.8,1476.0,1482.35,5935,3649
SUNDARMHLD,20180817,118.05,121.45,118.05,119.05,14137,10773
SUNDRMBRAK,20180817,432.2,444.0,432.2,439.65,974,925
SUNDRMFAST,20180817,654.95,655.0,643.6,653.85,56429,30927
SUNFLAG,20180817,65.5,66.8,65.5,66.0,146922,113083
SUNPHARMA,20180817,623.0,633.4,619.0,623.5,14161255,4990186
SUNTECK,20180817,464.0,486.95,457.6,476.6,210348,62885
SUNTV,20180817,792.0,797.8,781.0,788.95,1402773,322511
SUPERHOUSE,20180817,140.0,146.5,139.2,144.9,25654,14539
SUPPETRO,20180817,272.4,275.05,271.0,272.55,3950,2751
SUPRAJIT,20180817,247.55,249.3,244.25,245.05,85026,78999
SUPREMEIND,20180817,1186.0,1214.8,1173.9,1191.8,22948,12794
SUPREMEINF,20180817,39.7,39.7,36.8,37.3,59360,39887
SURANAT&P,20180817,4.95,5.25,4.75,4.9,16454,13253
SUREVIN,20180817,100.8,100.8,100.8,100.8,3000,3000
SURYALAXMI,20180817,50.85,51.3,50.1,51.0,6296,5615
SURYAROSNI,20180817,323.0,331.5,321.0,323.75,50516,18194
SUTLEJTEX,20180817,53.2,54.35,52.2,52.95,14393,8541
SUULD,20180817,32.75,33.0,32.75,32.85,64000,64000
SUVEN,20180817,232.25,237.75,232.25,233.7,458615,200697
SUZLON,20180817,7.25,7.3,7.2,7.25,11198311,4274193
SVLL,20180817,61.25,61.75,61.25,61.75,6000,3000
SWANENERGY,20180817,159.25,160.8,159.1,159.7,195453,2815
SWARAJENG,20180817,1793.65,1793.7,1760.0,1762.8,1414,1097
SWELECTES,20180817,308.35,309.5,305.15,307.85,2980,2612
SYMPHONY,20180817,1061.0,1077.45,1055.0,1062.1,29059,20483
SYNCOM,20180817,4.1,4.3,4.1,4.15,48147,36355
SYNDIBANK,20180817,38.3,38.95,38.05,38.65,4076815,848577
SYNGENE,20180817,577.65,586.0,577.4,580.55,27267,13043
TAINWALCHM,20180817,88.85,92.65,87.0,87.65,710,697
TAJGVK,20180817,204.05,212.0,204.0,205.55,65793,19561
TAKE,20180817,207.45,210.0,206.0,207.9,157258,90898
TALBROAUTO,20180817,306.9,308.5,300.0,301.8,30980,10853
TALWALKARS,20180817,32.75,33.95,32.75,33.15,43500,33576
TALWGYM,20180817,166.1,167.85,162.6,164.15,45916,29408
TARACHAND,20180817,37.5,40.7,36.0,39.6,28000,16000
TARMAT,20180817,38.3,42.45,38.3,39.95,6096,4694
TASTYBITE,20180817,8275.0,8499.0,8275.0,8484.6,444,384
TATACHEM,20180817,702.0,713.75,694.1,707.8,836929,390708
TATACOFFEE,20180817,110.55,111.9,110.0,111.1,196629,78094
TATACOMM,20180817,560.8,564.05,550.1,553.85,175311,46201
TATAELXSI,20180817,1442.8,1445.7,1425.5,1432.1,421037,148710
TATAGLOBAL,20180817,240.8,244.5,239.2,243.0,2838238,1069789
TATAINVEST,20180817,793.0,834.95,793.0,817.65,136365,25355
TATAMETALI,20180817,624.95,633.0,616.2,622.3,41035,21793
TATAMOTORS,20180817,253.7,260.1,253.0,258.25,16117660,8948902
TATAMTRDVR,20180817,136.5,138.7,135.55,135.85,5045290,3222454
TATAPOWER,20180817,67.4,69.0,67.05,68.65,2814891,751003
TATASPONGE,20180817,873.4,886.0,871.0,880.45,136807,44710
TATASTEEL,20180817,135.0,144.8,135.0,140.95,349237,156892
TATASTEEL,20180817,135.0,144.8,135.0,140.95,8743214,1818249
TATASTEEL,20180817,571.95,585.2,571.8,580.15,349237,156892
TATASTEEL,20180817,571.95,585.2,571.8,580.15,8743214,1818249
TBZ,20180817,74.0,76.25,72.75,74.05,167719,68064
TCFSL,20180817,1050.05,1058.0,1050.0,1058.0,301,201
TCI,20180817,330.7,371.3,330.7,358.1,681424,191705
TCIDEVELOP,20180817,487.0,494.0,470.0,478.55,239,231
TCIEXP,20180817,709.5,736.8,705.35,715.1,25239,9295
TCIFINANCE,20180817,24.85,25.2,24.05,24.2,65083,36140
TCNSBRANDS,20180817,643.25,668.8,640.25,653.7,67125,36397
TCPLPACK,20180817,415.0,434.0,410.0,419.45,1046,814
TCS,20180817,2013.85,2021.9,2004.0,2012.75,1213731,719022
TDPOWERSYS,20180817,133.2,139.0,132.4,133.85,9866,7425
TEAMLEASE,20180817,2587.0,2697.0,2560.3,2619.2,27460,12548
TECHM,20180817,666.0,690.0,659.4,687.7,3955484,1646406
TECHNOFAB,20180817,169.4,169.4,163.85,164.8,1760,1577
TEJASNET,20180817,285.0,285.0,277.15,278.9,103475,47377
TERASOFT,20180817,35.8,36.7,35.05,35.45,9447,4430
TEXINFRA,20180817,66.5,70.5,66.1,67.65,103561,65674
TEXMOPIPES,20180817,22.1,24.25,22.0,22.65,227632,62072
TEXRAIL,20180817,73.2,73.95,72.5,73.0,174117,49441
TFCILTD,20180817,144.25,148.7,144.25,147.6,216149,160441
TGBHOTELS,20180817,25.85,26.1,24.1,24.85,21955,14525
THANGAMAYL,20180817,411.0,415.55,394.0,411.15,7642,5676
THEINVEST,20180817,221.1,222.9,212.4,219.8,4763,2634
THEMISMED,20180817,347.75,358.7,333.5,337.8,1717,1293
THERMAX,20180817,1024.25,1027.15,1003.45,1009.9,40718,32843
THIRUSUGAR,20180817,22.75,24.9,21.9,22.8,8615,7032
THOMASCOOK,20180817,251.5,251.95,244.0,245.05,469412,346148
THYROCARE,20180817,613.95,616.35,608.0,610.3,30077,22494
TI,20180817,15.0,15.2,14.55,14.9,55166,39457
TIDEWATER,20180817,5802.0,5897.0,5750.0,5771.8,1498,660
TIFIN,20180817,612.5,620.0,602.25,607.95,63040,55840
TIIL,20180817,510.0,515.4,505.05,508.75,4907,3509
TIINDIA,20180817,262.0,271.95,260.3,269.45,111508,63241
TIJARIA,20180817,12.2,12.5,11.65,12.2,25064,24084
TIL,20180817,347.7,358.0,345.0,355.75,8739,6277
TIMETECHNO,20180817,144.0,146.9,142.5,144.1,362810,312831
TIMKEN,20180817,717.9,717.9,706.4,709.45,9864,6666
TINPLATE,20180817,170.95,176.35,170.95,173.55,473896,86227
TIPSINDLTD,20180817,86.6,86.6,82.0,82.1,2346,1369
TIRUMALCHM,20180817,174.9,178.95,172.0,174.4,685196,230475
TIRUPATIFL,20180817,45.3,45.9,45.3,45.9,8000,4000
TITAN,20180817,924.9,945.0,921.55,941.55,2697290,736739
TMRVL,20180817,58.55,59.85,57.1,57.6,13895,9050
TNPETRO,20180817,39.9,40.9,38.75,39.4,145922,83263
TNPL,20180817,323.6,327.0,309.2,313.9,457071,104729
TOKYOPLAST,20180817,59.05,60.0,58.65,59.75,2171,1325
TORNTPHARM,20180817,1709.95,1774.7,1695.0,1765.9,535637,123818
TORNTPOWER,20180817,230.8,234.35,226.5,227.9,917363,299740
TOUCHWOOD,20180817,37.65,41.25,37.65,39.5,27000,21000
TPLPLASTEH,20180817,343.25,350.0,337.05,347.5,6154,4137
TREEHOUSE,20180817,7.65,7.7,7.35,7.5,18829,15951
TRENT,20180817,370.05,370.45,359.1,369.9,89477,46182
TRF,20180817,207.0,215.75,206.85,207.7,204785,137580
TRIDENT,20180817,59.8,62.4,59.5,61.25,1032036,330441
TRIGYN,20180817,119.95,127.5,119.5,123.2,284469,54334
TRIL,20180817,20.25,20.95,20.25,20.7,52315,29454
TRITURBINE,20180817,118.15,123.05,118.15,118.75,20551,11130
TRIVENI,20180817,39.05,39.4,38.75,38.95,93729,41787
TTKHLTCARE,20180817,976.55,1035.0,976.55,1028.3,10769,6260
TTKPRESTIG,20180817,6225.0,6398.9,6221.15,6279.25,3261,1319
TTL,20180817,79.6,81.5,78.5,78.65,6556,5952
TTML,20180817,4.95,5.05,4.9,4.95,488625,361867
TV18BRDCST,20180817,47.5,49.0,47.5,48.45,5232808,2593326
TVSELECT,20180817,353.0,353.0,341.05,342.2,48600,20915
TVSMOTOR,20180817,520.0,522.0,514.4,515.9,654154,183516
TVSSRICHAK,20180817,2884.1,2912.0,2884.0,2895.25,2615,1938
TVTODAY,20180817,437.4,438.55,432.4,436.8,35747,17096
TWL,20180817,87.3,89.45,86.8,88.6,247500,78056
UBL,20180817,1390.0,1420.0,1360.15,1385.75,2117411,158064
UCALFUEL,20180817,219.7,225.75,218.75,222.45,41887,18915
UCL,20180817,73.95,74.1,72.0,72.7,18000,16000
UCOBANK,20180817,19.1,19.55,19.1,19.2,602763,122714
UFLEX,20180817,304.0,319.4,304.0,316.0,371171,180334
UFO,20180817,367.0,373.0,365.0,370.65,6456,4074
UGARSUGAR,20180817,13.3,13.35,12.8,13.0,32968,23105
UJAAS,20180817,10.6,10.85,10.45,10.65,169146,98566
UJJIVAN,20180817,346.95,353.6,344.45,352.0,1003169,274783
ULTRACEMCO,20180817,4260.0,4308.55,4204.45,4285.7,262047,116589
UMANGDAIRY,20180817,75.0,76.7,73.6,75.6,17366,10909
UNICHEMLAB,20180817,215.6,224.9,212.5,222.8,118148,25305
UNIENTER,20180817,81.2,81.2,79.2,79.9,3986,3570
UNIINFO,20180817,34.95,34.95,34.95,34.95,2000,2000
UNIONBANK,20180817,86.05,87.0,85.5,86.6,7951258,1369405
UNIPLY,20180817,71.85,72.9,69.8,70.75,94845,73876
UNITECH,20180817,4.1,4.35,4.1,4.3,20965259,9031033
UNITEDBNK,20180817,11.6,11.65,11.5,11.6,207334,147694
UNITEDPOLY,20180817,40.0,40.0,40.0,40.0,6000,6000
UNITEDTEA,20180817,398.0,398.8,372.0,375.0,378,130
UNITY,20180817,2.8,2.8,2.75,2.8,48136,41267
UNIVCABLES,20180817,188.0,203.95,188.0,199.15,676541,269517
UPL,20180817,612.7,618.8,607.65,616.75,1212452,322187
URAVI,20180817,105.0,105.0,104.0,104.0,3600,3600
URJA,20180817,3.4,3.4,3.2,3.25,887938,598620
USHAMART,20180817,28.45,29.0,27.9,28.1,798548,443700
USHERAGRO,20180817,2.75,2.75,2.6,2.6,4067,3392
UTIFEFRGR4,20180817,8.3,8.31,8.3,8.31,30000,20000
UTINEXT50,20180817,300.95,300.95,298.3,299.72,1575,1306
UTINIFTETF,20180817,1200.0,1202.75,1200.0,1200.0,17,10
UTISENSETF,20180817,397.25,398.1,396.2,398.1,24,19
UTTAMSTL,20180817,11.75,12.4,11.75,12.05,658811,394596
UTTAMSUGAR,20180817,84.95,84.95,82.0,82.95,13041,6182
V2RETAIL,20180817,403.0,405.45,400.0,400.65,22876,14223
VADILALIND,20180817,749.8,759.0,730.0,733.8,6947,3705
VAIBHAVGBL,20180817,692.85,695.95,675.0,679.15,1172,702
VAKRANGEE,20180817,47.0,47.55,43.6,45.0,12337751,5037556
VARDHACRLC,20180817,43.55,44.8,43.55,44.25,14887,13363
VARDMNPOLY,20180817,14.25,15.1,14.1,14.3,20943,16517
VARROC,20180817,968.75,999.0,965.3,978.3,297459,265944
VASCONEQ,20180817,26.95,27.65,26.8,27.0,298122,183628
VASWANI,20180817,14.0,14.0,13.15,13.4,14748,10032
VBL,20180817,790.0,795.0,770.0,777.15,28221,15876
VEDL,20180817,212.2,216.7,211.0,215.2,13308267,2235666
VEDL,20180817,212.2,216.7,211.0,215.2,15950,15950
VEDL,20180817,10.25,10.4,10.25,10.25,13308267,2235666
VEDL,20180817,10.25,10.4,10.25,10.25,15950,15950
VENKEYS,20180817,3002.3,3024.4,2945.0,2962.0,52221,16849
VENUSREM,20180817,50.7,56.45,50.15,53.25,278419,40963
VERTOZ,20180817,193.0,195.5,193.0,194.5,38400,12000
VESUVIUS,20180817,1242.55,1259.85,1228.0,1252.75,1657,1078
VETO,20180817,167.05,172.0,167.0,168.15,33501,17871
VGUARD,20180817,215.6,218.0,213.25,214.9,743769,210673
VHL,20180817,2687.55,3050.0,2640.0,2851.55,3752,1600
VICEROY,20180817,7.75,7.75,7.05,7.3,70394,38722
VIDHIING,20180817,89.9,90.0,86.15,87.65,81706,50884
VIJAYABANK,20180817,61.8,62.95,61.65,62.5,740301,447465
VIJIFIN,20180817,2.85,2.95,2.8,2.9,21687,17016
VIJSHAN,20180817,8.5,8.65,8.15,8.4,20866,12127
VIKASECO,20180817,20.3,20.55,20.15,20.25,1902820,1114151
VIMTALABS,20180817,250.95,259.8,250.1,252.4,20981,13897
VINATIORGA,20180817,1338.0,1374.0,1280.0,1333.1,81919,26940
VINDHYATEL,20180817,1375.0,1411.0,1353.25,1384.45,19131,10877
VINYLINDIA,20180817,104.0,104.0,101.0,101.75,39460,18777
VIPCLOTHNG,20180817,52.45,53.0,51.6,51.9,63214,32303
VIPIND,20180817,580.05,588.0,565.5,569.95,238744,96913
VIPULLTD,20180817,51.0,51.2,49.05,50.2,68160,44567
VISAKAIND,20180817,595.0,609.9,595.0,601.5,31904,19180
VISESHINFO,20180817,0.1,0.15,0.1,0.1,29090917,19731122
VISHNU,20180817,243.95,249.9,240.0,244.95,16751,9717
VIVIDHA,20180817,0.95,1.05,0.95,1.05,99841,55244
VIVIMEDLAB,20180817,58.9,62.25,58.25,60.6,559403,274997
VLSFINANCE,20180817,78.55,79.75,77.1,77.4,40471,21650
VMART,20180817,2940.0,2940.0,2835.0,2865.6,4720,2382
VOLTAMP,20180817,960.85,965.0,943.1,949.8,9627,4919
VOLTAS,20180817,608.1,625.5,608.1,616.3,1498617,563092
VRLLOG,20180817,319.0,320.0,315.0,315.9,41343,28813
VSCL,20180817,70.0,70.0,70.0,70.0,3000,3000
VSSL,20180817,131.95,134.7,131.0,133.2,11357,9686
VSTIND,20180817,3015.0,3015.0,2942.45,2997.6,1896,1680
VSTTILLERS,20180817,2099.0,2107.0,2079.6,2085.3,3110,2049
VTL,20180817,1132.0,1161.0,1132.0,1146.2,6702,4662
WABAG,20180817,393.65,398.65,382.4,388.05,189133,96370
WABCOINDIA,20180817,6720.0,6835.0,6715.3,6747.5,9418,6598
WALCHANNAG,20180817,137.95,137.95,135.05,136.2,145816,33177
WEBELSOLAR,20180817,39.25,43.2,39.25,42.1,301898,161807
WEIZFOREX,20180817,578.0,648.0,560.05,620.8,77397,15193
WEIZMANIND,20180817,46.7,49.35,46.5,49.35,87235,27636
WELCORP,20180817,126.85,127.35,125.7,126.3,471627,335491
WELENT,20180817,153.0,154.65,152.35,153.15,113137,58538
WELINV,20180817,150.05,157.0,150.05,152.5,33,33
WELSPUNIND,20180817,62.4,64.5,61.35,64.1,1118027,612808
WENDT,20180817,3100.05,3199.9,3100.05,3167.4,230,175
WHEELS,20180817,1104.75,1140.55,1075.1,1088.0,5570,3676
WHIRLPOOL,20180817,1750.0,1758.0,1725.55,1733.5,14218,8985
WILLAMAGOR,20180817,64.25,64.45,60.65,61.2,1634,1535
WINDMACHIN,20180817,94.9,94.9,91.05,92.3,112253,8011
WIPRO,20180817,279.4,281.0,277.45,280.05,2728968,1241861
WOCKPHARMA,20180817,621.6,634.5,621.6,625.35,1670088,164129
WONDERLA,20180817,335.65,342.3,334.2,338.3,31628,20199
WORTH,20180817,73.0,74.0,72.0,73.0,4500,3000
WSTCSTPAPR,20180817,333.45,349.2,333.45,342.05,434177,156889
XCHANGING,20180817,58.4,59.0,55.1,56.8,25872,16673
XPROINDIA,20180817,49.0,49.0,46.2,47.15,11399,9205
YESBANK,20180817,382.4,395.65,380.3,393.2,16094026,5712507
ZEEL,20180817,502.95,506.5,499.15,503.5,1187919,425499
ZEEL,20180817,502.95,506.5,499.15,503.5,29233,29233
ZEEL,20180817,7.8,7.85,7.8,7.8,1187919,425499
ZEEL,20180817,7.8,7.85,7.8,7.8,29233,29233
ZEELEARN,20180817,36.35,36.85,36.2,36.55,142163,50344
ZEEMEDIA,20180817,30.0,30.15,29.2,29.3,173861,118258
ZENSARTECH,20180817,1425.0,1432.0,1343.05,1372.75,65198,19151
ZENTEC,20180817,81.55,84.0,81.4,83.4,30327,22950
ZICOM,20180817,12.35,12.6,12.15,12.25,25357,19168
ZODIACLOTH,20180817,142.2,148.3,140.3,144.75,3243,1727
ZODJRDMKJ,20180817,41.55,42.55,40.05,40.85,932,807
ZOTA,20180817,282.0,284.0,278.0,279.25,11000,4500
ZUARI,20180817,313.3,315.75,308.65,312.25,32758,16491
ZUARIGLOB,20180817,121.55,125.4,120.5,123.35,47195,20984
ZYDUSWELL,20180817,1396.0,1438.0,1396.0,1417.2,3348,2211
