SYMBOL,TIMESTAMP,OPEN,HIGH,LOW,CLOSE,VOLUME,DELIVERY
20MICRONS,20170816,35.0,35.0,34.1,34.5,13743,9223
3IINFOTECH,20170816,4.0,4.0,3.8,3.95,2693835,1181986
3MINDIA,20170816,14065.8,14065.8,13812.0,13879.95,1238,1127
63MOONS,20170816,62.9,64.0,61.4,63.85,223454,125645
8KMILES,20170816,494.0,505.75,486.5,498.5,86828,36328
A2ZINFRA,20170816,37.25,37.65,36.5,36.9,397182,183429
AARTIDRUGS,20170816,525.0,525.0,511.0,515.25,9027,7566
AARTIIND,20170816,875.0,887.0,863.55,871.7,89364,65757
AARVEEDEN,20170816,33.8,33.8,29.4,29.4,825966,637502
ABAN,20170816,164.8,165.4,162.1,163.15,387498,114986
ABB,20170816,1351.1,1375.0,1331.35,1357.6,47424,14078
ABBOTINDIA,20170816,4310.0,4397.95,4310.0,4336.9,1120,910
ABFRL,20170816,166.45,176.55,163.25,173.4,704092,257404
ACC,20170816,1785.6,1816.75,1772.4,1811.2,378840,92960
ACCELYA,20170816,1353.7,1398.0,1335.0,1371.4,1073,691
ACCORD,20170816,55.1,55.6,55.1,55.6,4000,2000
ACE,20170816,64.5,66.6,62.5,64.1,261316,104958
ACEINTEG,20170816,33.0,33.25,32.0,32.0,27000,9000
ADANIENT,20170816,114.0,116.45,109.05,115.2,6940295,611810
ADANIPORTS,20170816,398.2,404.9,392.25,397.55,2644234,1271593
ADANIPOWER,20170816,28.65,29.75,28.4,29.55,9643033,1893022
ADANITRANS,20170816,111.2,112.45,108.75,109.95,269345,144362
ADFFOODS,20170816,212.55,243.0,212.55,236.6,814749,197067
ADHUNIK,20170816,4.7,4.7,4.35,4.45,167837,131400
ADLABS,20170816,60.1,60.2,57.25,58.35,197950,98761
ADORWELD,20170816,372.95,383.2,369.05,380.05,1796,1217
ADVANIHOTR,20170816,58.0,58.65,55.0,56.5,10380,7815
ADVENZYMES,20170816,292.8,299.25,291.0,295.1,158430,74101
AEGISCHEM,20170816,187.65,189.75,186.7,188.2,73872,39226
AGLSL,20170816,122.05,125.95,121.55,124.0,10546,9137
AGRITECH,20170816,68.0,73.05,68.0,73.05,106843,43445
AGROPHOS,20170816,17.7,18.55,17.65,18.55,18000,12000
AHLEAST,20170816,270.05,276.5,267.15,267.45,828,551
AHLUCONT,20170816,268.0,281.95,260.55,277.9,18405,6330
AHLWEST,20170816,169.0,173.9,165.65,166.0,840,602
AIAENG,20170816,1405.0,1419.75,1382.5,1399.05,32738,27961
AIFL,20170816,398.0,399.85,390.1,396.1,81698,35458
AIRAN,20170816,144.0,144.0,144.0,144.0,6000,6000
AJANTPHARM,20170816,1245.0,1271.0,1225.0,1253.35,166166,87593
AJMERA,20170816,187.85,189.0,183.6,185.95,35219,23499
AKASH,20170816,75.0,83.0,75.0,78.55,108000,100000
AKSHARCHEM,20170816,755.0,769.0,737.5,751.1,7264,5415
AKSHOPTFBR,20170816,23.05,25.35,23.05,25.3,3625639,1742310
AKZOINDIA,20170816,1760.1,1810.0,1760.1,1782.85,5991,4583
ALBERTDAVD,20170816,310.0,314.0,306.0,310.1,701,498
ALBK,20170816,65.45,67.5,64.25,66.9,2328865,568474
ALCHEM,20170816,14.15,15.1,14.0,14.4,16519,11188
ALEMBICLTD,20170816,37.8,38.5,37.5,37.7,144531,86299
ALICON,20170816,531.0,535.0,525.0,526.35,2233,1515
ALKALI,20170816,58.35,58.35,57.1,58.05,2305,1751
ALKEM,20170816,1759.9,1832.95,1745.25,1815.35,31273,19436
ALKYLAMINE,20170816,385.0,392.8,382.0,383.95,11284,8941
ALLCARGO,20170816,165.9,169.0,165.0,165.85,66389,37314
ALLSEC,20170816,342.3,357.0,340.2,354.4,25331,17134
ALMONDZ,20170816,22.9,23.0,21.7,22.6,2275,1640
ALOKTEXT,20170816,3.0,3.0,2.9,3.0,2109893,1417337
ALPHAGEO,20170816,809.9,809.9,796.0,799.55,10751,5991
ALPSINDUS,20170816,5.35,5.55,5.1,5.45,26623,23086
AMARAJABAT,20170816,820.0,831.5,808.0,813.0,346165,126385
AMBIKCO,20170816,1368.95,1368.95,1314.0,1320.8,2379,1780
AMBUJACEM,20170816,265.6,270.75,264.3,270.05,1804763,973778
AMDIND,20170816,33.95,34.9,32.05,33.0,4698,3220
AMRUTANJAN,20170816,600.0,617.7,590.1,614.7,5288,4104
AMTEKAUTO,20170816,25.45,27.85,25.4,27.85,1041855,450230
ANANTRAJ,20170816,54.0,54.7,53.2,54.6,722401,372960
ANDHRABANK,20170816,50.5,51.85,49.5,51.15,2812745,680033
ANDHRACEMT,20170816,9.1,9.2,8.6,8.95,81695,61361
ANDHRSUGAR,20170816,325.2,331.95,325.2,326.3,21543,14996
ANGIND,20170816,6.6,6.6,6.3,6.45,18389,14812
ANSALAPI,20170816,23.3,23.8,22.9,23.1,83536,49913
ANSALHSG,20170816,22.55,22.9,22.05,22.45,35869,15460
APARINDS,20170816,751.5,772.2,751.5,770.35,19005,14804
APCL,20170816,208.1,211.8,206.0,206.75,1777,1249
APCOTEXIND,20170816,419.95,419.95,410.0,413.85,7424,4126
APLAPOLLO,20170816,1554.85,1554.85,1481.0,1496.45,8686,6637
APLLTD,20170816,522.0,527.95,513.05,515.3,25398,17592
APOLLOHOSP,20170816,1174.1,1179.95,1154.0,1159.45,478904,214130
APOLLOTYRE,20170816,265.0,273.95,259.5,272.7,4475188,1293740
APOLSINHOT,20170816,727.9,750.0,668.4,722.0,482,362
APTECHT,20170816,212.0,222.7,207.0,218.9,583319,181684
ARCHIDPLY,20170816,86.95,91.5,86.5,90.35,121324,48615
ARCHIES,20170816,29.35,29.8,28.5,29.05,123713,64948
ARCOTECH,20170816,86.35,87.85,84.25,84.85,112606,69841
ARIES,20170816,143.95,147.0,141.0,143.5,40055,27422
ARIHANTSUP,20170816,173.3,180.95,173.15,175.95,318641,68099
ARMANFIN,20170816,191.0,192.05,185.5,186.35,7833,5333
AROGRANITE,20170816,64.0,64.9,63.05,64.55,41439,12266
ARROWGREEN,20170816,528.95,549.0,521.1,544.15,17186,6875
ARROWTEX,20170816,41.05,42.45,41.05,42.1,9611,6017
ARSHIYA,20170816,67.9,77.0,66.2,74.0,195783,139328
ARVIND,20170816,373.3,378.75,370.7,376.3,927563,247850
ARVSMART,20170816,133.5,138.9,133.1,136.65,58893,18564
ASAHIINDIA,20170816,311.0,311.0,293.0,295.5,39462,25870
ASAHISONG,20170816,285.05,296.0,285.0,293.5,6051,4815
ASAL,20170816,71.85,72.5,70.0,71.55,5735,3920
ASHAPURMIN,20170816,49.55,50.95,49.3,50.6,22196,13135
ASHIANA,20170816,174.4,177.8,173.25,176.3,24834,18580
ASHIMASYN,20170816,23.8,24.15,22.6,23.35,269949,106456
ASHOKA,20170816,188.0,192.0,187.5,190.75,319188,282935
ASHOKLEY,20170816,105.5,106.0,102.05,104.75,10846570,3135068
ASIANHOTNR,20170816,132.0,132.75,128.55,128.6,940,270
ASIANPAINT,20170816,1154.35,1155.3,1129.0,1141.3,857454,462895
ASIANTILES,20170816,400.0,409.0,400.0,402.9,28399,15586
ASTEC,20170816,577.0,580.35,566.15,576.5,12958,7175
ASTRAL,20170816,663.9,677.0,649.85,665.15,41841,30237
ASTRAMICRO,20170816,124.0,127.7,121.65,126.05,164044,76664
ASTRAZEN,20170816,900.05,918.3,898.0,908.8,122463,116775
ATFL,20170816,514.0,516.45,506.1,508.3,31610,28837
ATLANTA,20170816,89.0,89.4,86.25,87.7,128738,79411
ATUL,20170816,2103.0,2140.0,2101.0,2116.25,12623,9351
ATULAUTO,20170816,436.1,450.0,433.0,437.15,76990,46697
AUBANK,20170816,545.1,551.8,540.3,544.1,487988,181620
AURIONPRO,20170816,123.3,123.3,115.5,117.05,27956,20655
AUROPHARMA,20170816,716.0,717.5,705.35,713.9,1698422,441562
AUSOMENT,20170816,29.5,30.0,25.6,29.1,5827,3542
AUTOAXLES,20170816,754.35,762.0,743.1,753.65,10777,6679
AUTOIND,20170816,79.05,85.75,78.0,82.05,318283,93805
AUTOLITIND,20170816,60.3,63.4,59.45,60.45,40245,14299
AVANTIFEED,20170816,1924.0,1965.0,1915.0,1942.95,313734,143498
AVTNPL,20170816,37.25,38.5,37.25,38.0,86939,67350
AXISBANK,20170816,492.95,501.55,488.0,499.5,5958229,3244434
AXISCADES,20170816,141.0,142.15,138.5,141.3,39817,24005
AXISGOLD,20170816,2554.0,2554.0,2537.55,2542.4,39,21
AXISNIFTY,20170816,981.21,989.32,978.17,988.21,150,149
AYMSYNTEX,20170816,59.8,63.0,59.3,60.65,23365,19733
BAFNAPHARM,20170816,23.8,23.8,23.2,23.65,16627,14226
BAGFILMS,20170816,4.5,4.5,4.35,4.5,40059,29000
BAJAJ-AUTO,20170816,2832.0,2861.0,2810.05,2849.2,129201,48997
BAJAJCORP,20170816,407.0,417.85,407.0,409.55,13755,8889
BAJAJELEC,20170816,304.95,318.0,304.95,315.45,172277,103105
BAJAJFINSV,20170816,5269.0,5423.5,5169.75,5356.8,224358,59994
BAJAJHIND,20170816,15.5,15.7,15.1,15.2,4344870,1801750
BAJAJHLDNG,20170816,2590.0,2659.8,2556.65,2584.25,99761,89395
BAJFINANCE,20170816,1730.0,1730.0,1683.2,1721.35,705754,233605
BALAJITELE,20170816,155.85,159.3,154.5,158.6,375165,184510
BALAMINES,20170816,312.9,318.7,309.4,312.75,14237,9050
BALKRISHNA,20170816,81.75,82.05,79.25,80.3,19682,12785
BALKRISIND,20170816,1531.0,1563.65,1504.5,1552.6,86387,32284
BALLARPUR,20170816,15.0,15.2,14.6,14.9,593711,392333
BALMLAWRIE,20170816,229.0,239.8,229.0,238.55,134683,95519
BALPHARMA,20170816,96.3,96.3,94.25,94.9,15018,10030
BALRAMCHIN,20170816,169.0,169.95,165.45,167.15,1234196,468010
BANARBEADS,20170816,54.3,54.3,50.0,51.05,10253,7530
BANARISUG,20170816,1845.7,1959.0,1845.0,1924.2,590,331
BANCOINDIA,20170816,209.0,209.0,203.0,204.85,143811,117499
BANG,20170816,29.6,29.65,27.65,29.4,10901,3000
BANKBARODA,20170816,143.3,148.65,137.65,147.15,25054671,8764846
BANKBEES,20170816,2451.04,2483.5,2434.5,2478.85,10579,9090
BANKINDIA,20170816,146.8,147.9,141.55,147.05,5354114,293047
BANSAL,20170816,48.4,48.45,48.4,48.45,8000,0
BANSWRAS,20170816,137.05,143.8,132.5,141.0,28822,15291
BARTRONICS,20170816,14.05,14.35,12.25,14.1,71212,37391
BASF,20170816,1449.95,1449.95,1405.0,1410.2,7838,4913
BASML,20170816,304.95,304.95,304.0,304.0,600,600
BATAINDIA,20170816,668.2,675.3,658.0,673.5,1249114,522194
BAYERCROP,20170816,4260.05,4376.8,4171.5,4266.0,7704,4156
BBL,20170816,1193.0,1235.0,1186.0,1217.85,8452,4893
BBTC,20170816,897.0,927.0,888.05,919.5,163989,43997
BEARDSELL,20170816,51.35,53.65,50.1,53.65,527,526
BEL,20170816,177.1,178.2,174.25,175.3,1899867,1107572
BEML,20170816,1750.0,1758.9,1691.2,1717.2,1259180,195277
BEPL,20170816,77.5,78.65,76.35,76.75,1000367,423041
BERGEPAINT,20170816,247.1,250.25,244.7,246.6,295531,63673
BFINVEST,20170816,162.5,166.95,162.15,165.15,17643,10021
BFUTILITIE,20170816,337.25,343.65,337.25,339.4,192424,50337
BGRENERGY,20170816,129.6,133.4,128.7,132.9,57573,27655
BHAGERIA,20170816,266.6,269.25,258.5,265.3,39111,14378
BHAGYANGR,20170816,21.9,23.5,21.2,23.4,29068,21422
BHANDARI,20170816,2.15,2.25,2.0,2.15,2954588,2288629
BHARATFIN,20170816,806.8,826.75,803.15,823.45,1493694,320607
BHARATFORG,20170816,1189.9,1200.8,1182.0,1187.3,745273,408722
BHARATGEAR,20170816,140.95,147.5,140.95,146.25,29711,9006
BHARATIDIL,20170816,9.3,9.3,8.25,8.9,9817,8276
BHARATRAS,20170816,3150.0,3150.0,3056.1,3096.35,588,385
BHARATWIRE,20170816,86.95,87.0,84.5,85.0,58657,28520
BHARTIARTL,20170816,407.0,411.1,403.75,407.75,3768547,2385087
BHEL,20170816,127.0,130.65,125.1,129.95,4813226,1674820
BHUSANSTL,20170816,65.1,76.35,65.1,73.25,4037615,747225
BIGBLOC,20170816,86.95,86.95,76.05,81.8,32585,4371
BIL,20170816,580.0,581.0,556.05,560.05,22852,2597
BILENERGY,20170816,0.6,0.7,0.6,0.7,28468,28468
BILPOWER,20170816,1.0,1.0,1.0,1.0,21200,21200
BINANIIND,20170816,72.5,73.05,72.0,72.4,13248,7639
BINDALAGRO,20170816,23.0,23.4,22.7,23.25,27217,16483
BIOCON,20170816,350.0,351.45,320.25,328.4,10810055,1647759
BIRLACABLE,20170816,40.5,42.45,39.9,41.9,20406,14130
BIRLACORPN,20170816,939.1,955.0,939.1,951.55,41400,26581
BIRLAMONEY,20170816,89.0,89.0,89.0,89.0,17634,17633
BLISSGVS,20170816,164.0,168.85,163.65,166.8,178597,130813
BLKASHYAP,20170816,37.7,37.85,35.8,36.75,273223,182441
BLS,20170816,180.15,185.65,180.15,182.7,217508,137109
BLUEBLENDS,20170816,34.7,36.9,31.65,32.35,211632,113454
BLUECOAST,20170816,136.9,136.9,134.9,134.9,30,30
BLUEDART,20170816,3989.0,4024.0,3951.0,4005.95,8086,6751
BLUEDART,20170816,3989.0,4024.0,3951.0,4005.95,2640,2640
BLUEDART,20170816,10.2,10.2,10.2,10.2,8086,6751
BLUEDART,20170816,10.2,10.2,10.2,10.2,2640,2640
BLUESTARCO,20170816,700.0,710.0,688.0,702.2,30203,17533
BODALCHEM,20170816,169.1,169.9,161.1,162.15,586782,348093
BOHRA,20170816,40.25,40.25,40.25,40.25,2000,2000
BOMDYEING,20170816,75.75,76.5,74.1,76.0,841476,225517
BOSCHLTD,20170816,22330.0,22641.3,21601.0,22309.9,29738,14123
BPCL,20170816,479.85,488.2,474.0,483.95,3202080,1760246
BPL,20170816,57.6,60.3,57.05,59.6,167830,64771
BRFL,20170816,131.2,135.95,131.15,132.85,24726,8656
BRIGADE,20170816,268.8,271.25,265.0,268.05,38336,26324
BRITANNIA,20170816,4175.0,4311.95,4171.05,4299.95,294698,122199
BROOKS,20170816,105.9,110.0,105.9,109.05,37365,20261
BSE,20170816,1004.0,1016.0,999.25,1012.45,77505,46659
BSELINFRA,20170816,4.25,4.3,4.0,4.25,58700,36165
BSL,20170816,60.85,61.45,56.1,59.15,5459,3902
BSLGOLDETF,20170816,2699.0,2700.0,2699.0,2700.0,12,11
BSLIMITED,20170816,1.3,1.35,1.25,1.3,599465,423164
BSLNIFTY,20170816,106.19,106.58,106.0,106.45,50,25
BURNPUR,20170816,7.9,7.95,7.7,7.8,434906,299637
BUTTERFLY,20170816,166.75,173.8,165.05,171.55,6352,3865
BYKE,20170816,198.9,198.9,192.9,193.7,33674,14587
CADILAHC,20170816,492.0,493.5,473.25,483.25,708832,225829
CALSOFT,20170816,5.85,5.85,5.4,5.85,18548,7580
CAMLINFINE,20170816,78.65,79.85,77.9,78.4,26212,14304
CANBK,20170816,331.4,338.4,322.2,336.85,2236174,154454
CANFINHOME,20170816,2950.0,2980.05,2875.0,2968.85,55456,19348
CANTABIL,20170816,67.95,68.4,65.45,67.1,7034,6311
CAPF,20170816,731.0,749.4,720.0,742.25,351842,74956
CAPLIPOINT,20170816,693.8,708.0,678.1,684.45,87382,25801
CAPTRUST,20170816,450.0,453.45,439.65,441.6,8276,4985
CARBORUNIV,20170816,336.05,346.7,336.05,340.05,450225,428432
CAREERP,20170816,95.15,97.0,94.4,95.25,11244,8947
CARERATING,20170816,1560.1,1580.0,1547.5,1562.15,15790,10199
CASTROLIND,20170816,380.45,388.0,378.65,386.85,294372,135683
CCCL,20170816,4.2,4.2,4.0,4.15,17790,11618
CCHHL,20170816,13.6,13.6,13.15,13.3,105575,60343
CCL,20170816,281.0,283.25,277.85,279.3,147611,122396
CDSL,20170816,319.65,331.0,315.2,326.25,2758656,659630
CEATLTD,20170816,1700.0,1717.5,1662.1,1712.3,889605,61863
CELESTIAL,20170816,23.15,23.15,22.2,22.45,43590,29645
CENTENKA,20170816,310.75,318.0,305.1,314.5,40332,27063
CENTEXT,20170816,4.2,4.45,4.1,4.25,53182,27837
CENTRALBK,20170816,77.5,78.8,73.45,74.65,647159,426247
CENTUM,20170816,601.95,614.4,595.0,613.45,1925,1377
CENTURYPLY,20170816,263.95,264.4,256.65,258.3,176343,115281
CENTURYTEX,20170816,1219.0,1222.65,1197.1,1213.05,523834,59876
CERA,20170816,2769.95,2822.45,2735.0,2799.6,7985,5953
CEREBRAINT,20170816,44.9,45.4,43.85,44.8,629390,331239
CESC,20170816,946.45,946.45,931.05,940.85,455554,259039
CGCL,20170816,62.45,63.5,61.3,63.3,24390,17301
CGPOWER,20170816,82.4,82.4,80.0,81.0,1711894,457276
CHAMBLFERT,20170816,137.0,141.3,134.0,140.45,976057,251504
CHENNPETRO,20170816,378.0,394.8,377.35,390.75,1218652,562900
CHOLAFIN,20170816,1161.1,1167.65,1146.8,1160.25,108506,78044
CIGNITITEC,20170816,198.6,198.6,190.55,198.6,92110,64514
CIMMCO,20170816,83.4,84.0,81.65,83.4,19498,14350
CINELINE,20170816,68.25,72.5,68.25,70.15,28034,17505
CINEVISTA,20170816,8.7,8.7,7.6,8.15,17561,12287
CIPLA,20170816,569.5,593.7,561.05,590.45,1838012,564253
CLEDUCATE,20170816,383.2,390.9,376.3,390.05,1702,1315
CLNINDIA,20170816,591.95,600.0,586.0,591.9,14064,7611
CMICABLES,20170816,202.5,203.6,198.0,201.6,9628,7670
CNOVAPETRO,20170816,29.1,30.5,26.15,27.0,4247,2634
COALINDIA,20170816,237.0,239.9,234.5,237.95,7864893,3831163
COCHINSHIP,20170816,537.55,548.0,529.0,536.2,3241033,926996
COFFEEDAY,20170816,234.25,245.95,234.25,243.1,88372,64511
COLPAL,20170816,1056.0,1070.85,1047.95,1066.8,158759,81678
COMPINFO,20170816,26.0,26.5,24.7,26.15,43314,36308
COMPUSOFT,20170816,11.2,11.45,11.1,11.25,15205,9865
CONCOR,20170816,1175.0,1248.8,1175.0,1230.4,793455,294046
CONSOFINVT,20170816,61.0,61.7,60.25,61.05,1368,1160
CONTROLPR,20170816,397.0,399.95,392.0,395.35,7873,5288
CORALFINAC,20170816,66.75,66.75,62.05,64.6,3470,2076
CORDSCABLE,20170816,110.8,113.5,108.05,109.2,44760,28932
COROMANDEL,20170816,434.0,451.0,431.15,449.05,293277,192664
CORPBANK,20170816,46.0,46.45,43.1,45.95,302775,141134
COSMOFILMS,20170816,385.0,385.0,373.0,378.4,40542,23236
COUNCODOS,20170816,3.35,3.4,3.2,3.2,8806,8806
COX&KINGS,20170816,276.0,276.0,264.4,266.05,154951,87679
CPSEETF,20170816,26.67,26.84,26.52,26.72,463733,352302
CREATIVE,20170816,107.05,107.5,107.0,107.0,6400,6400
CREST,20170816,164.0,165.0,157.0,158.4,6251,4754
CRISIL,20170816,1840.0,1856.0,1830.1,1846.3,14987,13682
CROMPTON,20170816,225.2,232.0,222.55,225.05,372092,234684
CTE,20170816,68.2,68.2,66.0,66.55,9138,6084
CUB,20170816,158.85,158.9,154.5,158.3,223905,125917
CUMMINSIND,20170816,898.65,926.95,886.8,921.0,259570,115917
CUPID,20170816,274.95,289.0,274.0,287.75,57990,34286
CURATECH,20170816,4.7,4.7,4.7,4.7,1099,600
CYBERTECH,20170816,52.0,60.05,51.0,57.0,255466,78537
CYIENT,20170816,499.0,509.0,495.0,499.9,14855,8630
DAAWAT,20170816,61.35,62.95,61.2,62.55,429272,208349
DABUR,20170816,309.0,311.85,307.2,309.05,920951,557853
DALMIABHA,20170816,2569.8,2620.55,2549.8,2610.15,59024,30371
DALMIASUG,20170816,164.5,164.5,158.45,160.35,166166,53903
DAMODARIND,20170816,82.95,83.9,82.05,82.55,2116,2116
DATAMATICS,20170816,100.05,102.95,100.05,101.55,70639,32065
DBCORP,20170816,374.9,374.9,363.65,365.0,324289,287024
DBL,20170816,527.9,535.5,524.0,526.95,240994,142805
DBREALTY,20170816,36.15,37.45,36.0,37.0,423475,190094
DCBBANK,20170816,184.6,186.25,180.5,185.2,2112350,836840
DCM,20170816,124.45,127.4,122.0,124.1,45524,18714
DCMSHRIRAM,20170816,384.0,393.0,379.1,389.15,126098,87548
DCW,20170816,31.55,33.3,31.55,32.9,1205434,498701
DECCANCE,20170816,1134.0,1154.0,1111.5,1142.05,4185,3921
DEEPAKFERT,20170816,350.0,370.7,343.0,367.7,631761,316964
DEEPAKNTR,20170816,149.0,153.5,148.6,150.85,57161,28746
DEEPIND,20170816,211.65,213.45,206.1,208.1,83008,33790
DELTACORP,20170816,168.45,173.0,167.0,169.75,2410726,867944
DEN,20170816,82.45,84.0,80.5,81.45,89053,66313
DENABANK,20170816,31.45,31.5,31.0,31.25,644790,258338
DENORA,20170816,261.05,274.5,261.05,270.4,5522,3940
DEVIT,20170816,52.0,54.7,51.0,54.7,33000,30000
DFMFOODS,20170816,1424.0,1467.0,1406.3,1449.1,4789,3245
DHAMPURSUG,20170816,256.0,263.9,253.1,263.0,574996,210155
DHANBANK,20170816,35.45,35.65,33.8,34.9,921847,409479
DHANUKA,20170816,746.0,761.65,734.15,744.55,26893,13843
DHARSUGAR,20170816,25.0,25.0,24.25,24.5,15817,9730
DHFL,20170816,440.45,453.15,427.65,449.0,3625967,615508
DHFL,20170816,440.45,453.15,427.65,449.0,11,10
DHFL,20170816,440.45,453.15,427.65,449.0,137,137
DHFL,20170816,440.45,453.15,427.65,449.0,757,757
DHFL,20170816,440.45,453.15,427.65,449.0,1710,1710
DHFL,20170816,440.45,453.15,427.65,449.0,6,6
DHFL,20170816,440.45,453.15,427.65,449.0,1214,994
DHFL,20170816,1048.0,1051.75,1048.0,1048.52,3625967,615508
DHFL,20170816,1048.0,1051.75,1048.0,1048.52,11,10
DHFL,20170816,1048.0,1051.75,1048.0,1048.52,137,137
DHFL,20170816,1048.0,1051.75,1048.0,1048.52,757,757
DHFL,20170816,1048.0,1051.75,1048.0,1048.52,1710,1710
DHFL,20170816,1048.0,1051.75,1048.0,1048.52,6,6
DHFL,20170816,1048.0,1051.75,1048.0,1048.52,1214,994
DHFL,20170816,1010.0,1010.0,1005.01,1005.01,3625967,615508
DHFL,20170816,1010.0,1010.0,1005.01,1005.01,11,10
DHFL,20170816,1010.0,1010.0,1005.01,1005.01,137,137
DHFL,20170816,1010.0,1010.0,1005.01,1005.01,757,757
DHFL,20170816,1010.0,1010.0,1005.01,1005.01,1710,1710
DHFL,20170816,1010.0,1010.0,1005.01,1005.01,6,6
DHFL,20170816,1010.0,1010.0,1005.01,1005.01,1214,994
DHFL,20170816,1026.0,1026.0,1021.0,1021.8,3625967,615508
DHFL,20170816,1026.0,1026.0,1021.0,1021.8,11,10
DHFL,20170816,1026.0,1026.0,1021.0,1021.8,137,137
DHFL,20170816,1026.0,1026.0,1021.0,1021.8,757,757
DHFL,20170816,1026.0,1026.0,1021.0,1021.8,1710,1710
DHFL,20170816,1026.0,1026.0,1021.0,1021.8,6,6
DHFL,20170816,1026.0,1026.0,1021.0,1021.8,1214,994
DHFL,20170816,1045.0,1045.0,1043.0,1043.82,3625967,615508
DHFL,20170816,1045.0,1045.0,1043.0,1043.82,11,10
DHFL,20170816,1045.0,1045.0,1043.0,1043.82,137,137
DHFL,20170816,1045.0,1045.0,1043.0,1043.82,757,757
DHFL,20170816,1045.0,1045.0,1043.0,1043.82,1710,1710
DHFL,20170816,1045.0,1045.0,1043.0,1043.82,6,6
DHFL,20170816,1045.0,1045.0,1043.0,1043.82,1214,994
DHFL,20170816,1090.0,1090.05,1090.0,1090.05,3625967,615508
DHFL,20170816,1090.0,1090.05,1090.0,1090.05,11,10
DHFL,20170816,1090.0,1090.05,1090.0,1090.05,137,137
DHFL,20170816,1090.0,1090.05,1090.0,1090.05,757,757
DHFL,20170816,1090.0,1090.05,1090.0,1090.05,1710,1710
DHFL,20170816,1090.0,1090.05,1090.0,1090.05,6,6
DHFL,20170816,1090.0,1090.05,1090.0,1090.05,1214,994
DHFL,20170816,1116.0,1119.9,1116.0,1116.17,3625967,615508
DHFL,20170816,1116.0,1119.9,1116.0,1116.17,11,10
DHFL,20170816,1116.0,1119.9,1116.0,1116.17,137,137
DHFL,20170816,1116.0,1119.9,1116.0,1116.17,757,757
DHFL,20170816,1116.0,1119.9,1116.0,1116.17,1710,1710
DHFL,20170816,1116.0,1119.9,1116.0,1116.17,6,6
DHFL,20170816,1116.0,1119.9,1116.0,1116.17,1214,994
DHUNINV,20170816,395.0,395.0,361.2,373.0,1242,570
DIAPOWER,20170816,22.6,24.0,22.3,23.55,111713,59945
DICIND,20170816,522.15,528.9,518.6,522.35,734,377
DIGJAMLTD,20170816,11.35,11.65,11.15,11.5,146535,89650
DISHTV,20170816,74.5,74.55,71.15,72.1,3409508,1477965
DIVISLAB,20170816,642.6,660.0,635.5,657.25,781871,277579
DLF,20170816,181.0,183.2,174.15,180.8,14106982,1085979
DLINKINDIA,20170816,94.0,98.0,93.0,93.8,106622,35634
DMART,20170816,903.9,917.45,903.0,907.8,241073,81077
DOLLAR,20170816,2133.15,2138.45,2072.0,2088.8,2232,1800
DOLPHINOFF,20170816,80.45,80.8,77.5,77.9,72954,26945
DONEAR,20170816,62.0,62.0,58.5,59.95,35654,25792
DPL,20170816,83.7,83.7,81.15,82.4,9406,3817
DPSCLTD,20170816,33.8,34.7,33.25,34.45,4072,3772
DQE,20170816,12.0,12.9,12.0,12.15,11114,9401
DREDGECORP,20170816,581.4,586.0,573.55,579.75,65042,18898
DRREDDY,20170816,1995.0,2017.8,1970.05,2005.25,662136,216468
DSSL,20170816,26.65,28.85,26.65,28.8,13474,10371
DTIL,20170816,285.0,294.1,285.0,289.2,1258,952
DUCON,20170816,31.4,34.2,31.0,34.2,257282,135523
DWARKESH,20170816,69.0,69.35,64.5,66.35,2701507,1232409
DYNAMATECH,20170816,2199.9,2230.0,2146.0,2160.15,1506,1017
DYNPRO,20170816,117.15,121.05,117.0,119.95,5113,4079
EASTSILK,20170816,6.55,6.8,6.55,6.55,248595,227093
EASUNREYRL,20170816,22.25,22.25,20.1,21.4,16253,13129
EBANK,20170816,2450.0,2450.0,2450.0,2450.0,4,4
ECEIND,20170816,214.0,214.0,201.0,203.1,159,86
ECLERX,20170816,1281.1,1290.0,1258.0,1281.0,19502,16958
ECLFINANCE,20170816,1054.99,1054.99,1053.99,1054.0,205,203
ECLFINANCE,20170816,1054.99,1054.99,1053.99,1054.0,236,226
ECLFINANCE,20170816,1054.99,1054.99,1053.99,1054.0,497,495
ECLFINANCE,20170816,1083.3,1088.99,1083.3,1088.99,205,203
ECLFINANCE,20170816,1083.3,1088.99,1083.3,1088.99,236,226
ECLFINANCE,20170816,1083.3,1088.99,1083.3,1088.99,497,495
ECLFINANCE,20170816,1045.5,1052.35,1045.0,1052.35,205,203
ECLFINANCE,20170816,1045.5,1052.35,1045.0,1052.35,236,226
ECLFINANCE,20170816,1045.5,1052.35,1045.0,1052.35,497,495
EDELWEISS,20170816,242.0,251.45,239.0,248.35,3110270,1548782
EDL,20170816,39.2,40.15,38.5,39.3,29873,16193
EDUCOMP,20170816,8.2,8.5,8.2,8.35,109014,63666
EHFLNCD,20170816,1064.1,1068.25,1060.1,1068.25,35,35
EHFLNCD,20170816,1064.1,1068.25,1060.1,1068.25,15,15
EHFLNCD,20170816,1064.1,1068.25,1060.1,1068.25,1711,1711
EHFLNCD,20170816,1075.0,1075.0,1075.0,1075.0,35,35
EHFLNCD,20170816,1075.0,1075.0,1075.0,1075.0,15,15
EHFLNCD,20170816,1075.0,1075.0,1075.0,1075.0,1711,1711
EHFLNCD,20170816,1074.0,1075.0,1072.81,1074.71,35,35
EHFLNCD,20170816,1074.0,1075.0,1072.81,1074.71,15,15
EHFLNCD,20170816,1074.0,1075.0,1072.81,1074.71,1711,1711
EICHERMOT,20170816,30700.0,30709.95,30100.0,30617.0,39164,20290
EIDPARRY,20170816,309.0,324.8,309.0,322.9,200321,114253
EIFFL,20170816,141.8,144.0,141.55,143.65,11200,11200
EIHAHOTELS,20170816,321.0,321.0,313.05,314.1,2138,1411
EIHOTEL,20170816,130.0,131.55,130.0,130.8,42886,33105
EIMCOELECO,20170816,493.05,524.0,493.0,521.8,1376,1062
EKC,20170816,36.6,37.15,35.55,36.55,160645,80372
ELAND,20170816,18.9,19.35,17.8,18.05,94395,61078
ELECON,20170816,47.0,48.4,46.55,48.1,184234,104795
ELECTCAST,20170816,25.75,28.4,25.15,28.25,693937,444137
ELGIEQUIP,20170816,225.9,225.9,221.5,223.4,7268,4079
ELGIRUBCO,20170816,44.2,45.8,43.0,45.05,9349,6456
EMAMIINFRA,20170816,146.0,157.9,143.95,154.9,85386,44772
EMAMILTD,20170816,1116.6,1144.3,1095.85,1124.55,93104,51584
EMCO,20170816,18.9,19.25,18.35,18.85,124654,64171
EMMBI,20170816,185.9,189.0,179.5,181.45,123121,77067
ENDURANCE,20170816,1003.0,1026.9,1000.0,1008.55,73974,45343
ENERGYDEV,20170816,21.2,21.2,19.5,19.85,143234,106515
ENGINERSIN,20170816,150.5,151.75,147.1,150.85,1483146,650496
ENIL,20170816,814.9,815.0,796.1,806.7,1755,1021
EQ30,20170816,239.0,249.0,225.01,230.16,93,73
EQUITAS,20170816,158.0,158.1,154.55,157.0,544597,219645
ERIS,20170816,546.95,597.8,540.0,587.9,288807,95424
EROSMEDIA,20170816,194.9,197.25,188.45,191.25,520278,259634
ESABINDIA,20170816,677.6,695.0,677.6,685.25,3608,3118
ESCORTS,20170816,614.0,643.45,605.0,639.2,2358212,545748
ESL,20170816,4.3,4.45,4.2,4.35,1488670,1070742
ESSARSHPNG,20170816,24.95,26.7,24.3,26.3,74010,43420
ESSDEE,20170816,32.15,35.0,32.15,33.65,83103,74253
ESSELPACK,20170816,258.7,266.0,249.25,257.35,88574,57461
ESTER,20170816,31.8,33.45,31.65,32.35,22542,14531
EUROTEXIND,20170816,36.0,39.9,36.0,39.8,428,426
EVEREADY,20170816,305.0,307.1,298.65,302.9,59880,31597
EVERESTIND,20170816,330.9,349.5,326.2,347.9,69871,41838
EXCEL,20170816,53.5,56.3,52.15,53.85,177475,142828
EXCELCROP,20170816,1735.25,1800.0,1735.25,1790.65,664,359
EXCELINDUS,20170816,425.0,432.0,423.4,430.05,5164,3919
EXIDEIND,20170816,208.6,209.6,205.3,206.95,1656928,875527
FAIRCHEM,20170816,423.0,428.7,412.0,413.6,6498,5277
FCL,20170816,29.5,30.0,28.5,29.1,111507,76603
FCONSUMER,20170816,41.9,43.75,40.6,42.95,6534136,2661446
FDC,20170816,173.85,180.0,170.0,173.15,21596,14218
FEDDERELEC,20170816,65.9,67.55,65.05,66.9,37335,19206
FEDERALBNK,20170816,109.8,110.5,106.55,110.15,5493859,1770684
FEL,20170816,36.6,38.25,36.6,37.95,452133,216367
FELDVR,20170816,31.4,31.4,30.35,30.7,13413,7378
FIEMIND,20170816,893.05,893.05,880.0,888.0,5018,3455
FILATEX,20170816,134.95,137.5,134.3,136.45,17163,12752
FINCABLES,20170816,511.7,533.0,504.1,527.3,235615,130696
FINPIPE,20170816,589.9,594.8,578.0,589.45,20102,13304
FLEXITUFF,20170816,84.9,85.0,78.5,82.55,14266,12449
FLFL,20170816,317.5,324.0,317.4,321.45,364045,326867
FMGOETZE,20170816,517.15,529.0,513.75,525.2,2779,1525
FMNL,20170816,72.5,72.5,69.1,69.55,5996,3923
FORTIS,20170816,151.15,152.7,149.1,151.05,1717493,708722
FORTUNEFIN,20170816,270.0,310.0,270.0,290.6,5546,3953
FOSECOIND,20170816,1363.35,1370.0,1356.0,1356.0,75,40
FRETAIL,20170816,469.0,496.8,465.0,491.55,2255650,1387460
FSL,20170816,34.8,35.45,34.6,35.15,1238753,663371
GABRIEL,20170816,175.15,180.0,173.15,178.5,251178,103423
GAEL,20170816,106.95,118.7,106.5,116.2,148106,86795
GAIL,20170816,376.35,376.35,369.8,371.2,2785422,1984532
GAL,20170816,6.9,6.9,6.65,6.75,97951,71149
GAMMNINFRA,20170816,4.0,4.1,3.9,3.95,1663402,1041139
GAMMONIND,20170816,8.6,8.85,8.6,8.75,299895,175488
GANDHITUBE,20170816,291.95,303.95,291.55,302.7,2752,2258
GANECOS,20170816,340.0,346.3,334.5,345.35,7021,4827
GANESHHOUC,20170816,128.45,132.0,125.2,127.5,99678,61391
GARDENSILK,20170816,31.05,31.75,30.7,31.3,37029,21152
GARWALLROP,20170816,899.8,899.8,875.0,883.5,8632,4831
GATI,20170816,110.45,114.5,109.0,112.9,295955,122072
GAYAPROJ,20170816,164.8,175.0,159.3,164.05,210675,110298
GDL,20170816,248.1,251.85,244.0,245.0,49801,35930
GEECEE,20170816,115.2,119.8,113.8,116.65,10688,4708
GENESYS,20170816,248.0,248.0,237.6,242.65,68051,23085
GENUSPAPER,20170816,5.35,5.5,5.25,5.45,187176,167247
GENUSPOWER,20170816,48.0,51.2,47.3,50.75,570430,310333
GEOJITFSL,20170816,100.0,104.2,99.5,102.4,343818,187270
GEPIL,20170816,682.0,682.0,661.7,671.6,10016,8345
GESHIP,20170816,381.0,383.85,374.15,377.0,41371,27782
GET&D,20170816,385.0,386.0,374.0,375.05,73150,43242
GHCL,20170816,229.3,230.4,226.65,229.25,78068,50965
GICHSGFIN,20170816,491.2,516.8,486.05,511.5,136521,64884
GILLANDERS,20170816,66.25,66.25,61.6,62.45,2512,299
GILLETTE,20170816,5370.7,5440.45,5300.0,5354.0,2404,1276
GINNIFILA,20170816,50.5,51.0,49.6,49.9,228050,109230
GIPCL,20170816,117.05,121.8,117.05,119.9,88752,43553
GISOLUTION,20170816,3.5,3.5,3.5,3.5,1000,1000
GITANJALI,20170816,62.45,64.25,61.0,62.7,799025,196554
GKWLIMITED,20170816,421.0,436.0,421.0,435.6,46,38
GLAXO,20170816,2404.0,2404.0,2355.65,2381.55,11416,6290
GLENMARK,20170816,635.0,640.0,619.0,621.6,1223973,804469
GLOBAL,20170816,181.0,223.0,181.0,219.75,12000,10000
GLOBALVECT,20170816,139.0,139.0,126.15,131.85,73297,32767
GLOBOFFS,20170816,34.45,34.65,33.35,34.15,11639,5789
GLOBUSSPR,20170816,67.05,69.6,66.75,68.9,38220,21029
GMBREW,20170816,405.05,406.95,398.0,402.6,14892,7462
GMDCLTD,20170816,138.65,141.5,137.1,140.3,356761,208488
GMRINFRA,20170816,16.3,16.7,16.05,16.5,22701775,5692162
GNA,20170816,262.85,268.0,260.05,263.5,81170,64194
GNFC,20170816,265.85,273.0,264.0,269.55,330560,118033
GOCLCORP,20170816,529.0,534.8,521.0,524.9,8576,6656
GODFRYPHLP,20170816,914.8,1053.75,893.6,1041.8,1201615,103089
GODREJCP,20170816,928.95,943.4,909.35,921.9,730081,371284
GODREJIND,20170816,583.0,613.7,579.3,610.95,713943,135091
GODREJPROP,20170816,510.0,524.15,507.15,514.8,203864,129650
GOKEX,20170816,86.5,86.5,82.5,84.55,130665,79897
GOKUL,20170816,24.85,25.0,23.35,24.5,5701,4370
GOKULAGRO,20170816,22.7,23.7,22.3,22.85,9155,5394
GOLDBEES,20170816,2601.0,2610.0,2575.0,2578.15,12120,7736
GOLDIAM,20170816,78.0,80.5,78.0,78.85,5835,3777
GOLDINFRA,20170816,118.35,118.35,118.35,118.35,31631,31631
GOLDIWIN,20170816,257.8,257.8,254.45,255.75,1124,928
GOLDSHARE,20170816,2567.9,2567.9,2527.55,2547.85,4608,3218
GOLDTECH,20170816,10.75,10.95,9.95,10.95,20314,13411
GOODLUCK,20170816,81.3,82.0,80.0,81.65,89342,51605
GPIL,20170816,119.65,122.1,117.3,119.05,134519,61834
GPPL,20170816,142.65,143.8,138.6,141.0,265006,116920
GPTINFRA,20170816,147.8,152.5,140.05,148.15,139386,42097
GRANULES,20170816,122.0,131.4,119.3,126.8,7518919,967847
GRAPHITE,20170816,243.05,246.9,240.2,244.0,849614,399910
GRASIM,20170816,1117.0,1123.25,1089.2,1106.5,1163191,594244
GRAVITA,20170816,94.25,96.0,92.65,94.55,164000,84573
GREAVESCOT,20170816,149.3,151.4,148.1,148.6,123236,87291
GREENLAM,20170816,892.95,919.0,858.1,872.45,1131,581
GREENPLY,20170816,273.3,278.0,273.3,276.0,23761,15308
GREENPOWER,20170816,8.9,8.9,8.5,8.5,46498,28664
GRINDWELL,20170816,389.35,394.8,385.75,394.0,8969,6255
GROBTEA,20170816,324.4,324.4,271.0,303.0,324,97
GRPLTD,20170816,1369.0,1369.95,1369.0,1369.0,10,10
GRUH,20170816,469.5,477.95,463.0,472.5,217512,175704
GSCLCEMENT,20170816,24.3,25.85,24.3,25.5,25494,20616
GSFC,20170816,127.0,127.45,123.5,126.7,1225247,326590
GSKCONS,20170816,5419.7,5419.7,5310.1,5344.15,2198,1407
GSPL,20170816,184.45,187.7,183.05,184.0,414014,262919
GTL,20170816,16.2,16.4,15.65,15.75,167196,69593
GTLINFRA,20170816,7.3,7.4,6.85,6.95,5288867,2373493
GTNIND,20170816,19.45,19.75,18.7,19.25,2011,1730
GTNTEX,20170816,24.75,24.75,22.0,23.7,7393,3578
GTPL,20170816,141.05,150.65,141.05,146.2,273610,49305
GUFICBIO,20170816,73.2,73.2,70.5,71.4,64160,40566
GUJALKALI,20170816,390.55,396.35,390.55,393.7,37522,24026
GUJAPOLLO,20170816,185.0,187.0,184.0,186.3,16450,12834
GUJFLUORO,20170816,753.75,759.0,745.0,752.65,47119,30096
GUJGASLTD,20170816,765.0,784.0,765.0,777.85,43653,32985
GULFOILLUB,20170816,821.0,844.9,815.3,834.1,10055,5668
GULFPETRO,20170816,83.8,84.55,82.0,83.95,47794,30877
GULPOLY,20170816,82.0,83.75,78.7,79.0,120035,75783
GVKPIL,20170816,12.8,13.0,12.15,12.8,11218090,5471304
HARITASEAT,20170816,762.45,769.0,759.95,761.15,1515,1026
HARRMALAYA,20170816,76.4,79.25,76.25,77.25,95733,21988
HATHWAY,20170816,32.15,32.7,31.45,31.85,74275,52682
HATSUN,20170816,639.95,641.8,623.0,626.2,4274,2765
HAVELLS,20170816,480.0,481.1,458.85,464.65,1532195,673034
HBLPOWER,20170816,45.0,46.35,44.35,45.95,145741,76209
HCC,20170816,35.5,36.1,34.8,35.8,4130840,1133728
HCG,20170816,265.5,274.9,264.3,273.35,17921,12478
HCL-INSYS,20170816,44.05,45.2,42.9,44.65,1050578,386160
HCLTECH,20170816,864.0,868.65,851.0,864.5,1125005,833655
HDFC,20170816,1722.8,1758.0,1715.1,1741.75,3357599,2400246
HDFC,20170816,1722.8,1758.0,1715.1,1741.75,94900,73000
HDFC,20170816,324.95,332.9,318.0,328.95,3357599,2400246
HDFC,20170816,324.95,332.9,318.0,328.95,94900,73000
HDFCBANK,20170816,1762.35,1789.8,1748.55,1781.25,1106708,548143
HDFCMFGETF,20170816,2659.95,2682.0,2658.0,2675.1,1189,973
HDFCNIFETF,20170816,999.97,1010.97,999.17,1010.48,255,153
HDFCSENETF,20170816,3243.5,3243.5,3243.5,3243.5,2,2
HDIL,20170816,63.6,64.2,60.75,62.6,27492581,3893205
HEG,20170816,479.95,486.3,462.0,468.2,177374,110367
HEIDELBERG,20170816,118.0,119.85,117.25,119.0,78109,50069
HERCULES,20170816,133.1,135.5,132.25,133.9,9302,6239
HERITGFOOD,20170816,1285.0,1354.05,1268.45,1327.15,100171,61743
HEROMOTOCO,20170816,3965.1,4044.0,3933.3,4022.1,475186,262033
HESTERBIO,20170816,915.0,915.0,880.0,887.7,3724,3147
HEXAWARE,20170816,266.0,268.2,262.05,264.45,909405,198925
HFCL,20170816,16.0,16.15,15.35,15.85,2470662,1156046
HGS,20170816,507.0,513.95,496.65,506.1,9160,5650
HIGHGROUND,20170816,10.1,11.45,10.05,10.85,826549,199465
HIKAL,20170816,208.9,209.0,203.45,208.05,32356,22064
HIL,20170816,1098.8,1163.0,1088.45,1156.0,33481,19220
HILTON,20170816,37.8,39.0,37.05,37.55,189115,72026
HIMATSEIDE,20170816,332.15,344.4,327.95,342.45,115581,62532
HINDALCO,20170816,232.25,236.3,227.15,233.6,10236544,3430510
HINDCOMPOS,20170816,531.2,542.0,531.15,536.3,6830,3799
HINDCOPPER,20170816,62.6,63.3,61.75,63.0,654004,348745
HINDMOTORS,20170816,7.8,7.95,7.65,7.9,292904,193555
HINDNATGLS,20170816,87.9,88.9,76.6,79.65,1101,600
HINDOILEXP,20170816,72.3,73.4,71.25,72.9,225867,104001
HINDPETRO,20170816,436.2,444.0,431.1,436.4,3339664,1342731
HINDUJAVEN,20170816,449.0,449.05,444.05,448.55,3805,3057
HINDUNILVR,20170816,1151.0,1190.6,1151.0,1186.35,1366648,921557
HINDZINC,20170816,283.3,294.2,282.1,290.9,2175340,622368
HIRECT,20170816,83.95,89.9,82.1,85.85,5614,5260
HISARMETAL,20170816,53.8,53.8,49.1,50.05,5269,4477
HITECH,20170816,177.8,177.8,177.8,177.8,1500,1500
HITECHCORP,20170816,189.5,196.8,189.5,192.55,6619,4257
HITECHGEAR,20170816,345.8,346.0,337.25,339.45,5285,3887
HMVL,20170816,267.05,270.7,261.55,269.35,6654,4485
HNGSNGBEES,20170816,2575.0,2575.0,2575.0,2575.0,5,5
HOCL,20170816,19.5,20.0,19.05,19.9,51679,35816
HONAUT,20170816,12753.0,12810.0,12650.0,12768.0,305,154
HONDAPOWER,20170816,1430.0,1459.2,1425.05,1450.65,6331,5844
HOTELEELA,20170816,21.15,21.5,20.8,21.0,397243,301456
HPL,20170816,126.95,131.35,125.1,130.2,379881,185187
HSCL,20170816,81.1,82.5,80.55,80.85,409792,201597
HSIL,20170816,352.0,357.7,348.0,351.5,43221,24584
HTMEDIA,20170816,87.0,87.6,85.2,86.85,97207,66775
HUBTOWN,20170816,103.95,104.8,101.35,103.3,369614,176269
HUDCO,20170816,79.25,81.3,78.25,80.8,6885913,2343587
HUDCO,20170816,79.25,81.3,78.25,80.8,367,317
HUDCO,20170816,79.25,81.3,78.25,80.8,9,9
HUDCO,20170816,79.25,81.3,78.25,80.8,104,104
HUDCO,20170816,79.25,81.3,78.25,80.8,20,20
HUDCO,20170816,79.25,81.3,78.25,80.8,241,175
HUDCO,20170816,1190.0,1208.8,1190.0,1207.0,6885913,2343587
HUDCO,20170816,1190.0,1208.8,1190.0,1207.0,367,317
HUDCO,20170816,1190.0,1208.8,1190.0,1207.0,9,9
HUDCO,20170816,1190.0,1208.8,1190.0,1207.0,104,104
HUDCO,20170816,1190.0,1208.8,1190.0,1207.0,20,20
HUDCO,20170816,1190.0,1208.8,1190.0,1207.0,241,175
HUDCO,20170816,1128.0,1128.0,1128.0,1128.0,6885913,2343587
HUDCO,20170816,1128.0,1128.0,1128.0,1128.0,367,317
HUDCO,20170816,1128.0,1128.0,1128.0,1128.0,9,9
HUDCO,20170816,1128.0,1128.0,1128.0,1128.0,104,104
HUDCO,20170816,1128.0,1128.0,1128.0,1128.0,20,20
HUDCO,20170816,1128.0,1128.0,1128.0,1128.0,241,175
HUDCO,20170816,1190.0,1190.0,1181.32,1181.32,6885913,2343587
HUDCO,20170816,1190.0,1190.0,1181.32,1181.32,367,317
HUDCO,20170816,1190.0,1190.0,1181.32,1181.32,9,9
HUDCO,20170816,1190.0,1190.0,1181.32,1181.32,104,104
HUDCO,20170816,1190.0,1190.0,1181.32,1181.32,20,20
HUDCO,20170816,1190.0,1190.0,1181.32,1181.32,241,175
HUDCO,20170816,1264.0,1264.0,1264.0,1264.0,6885913,2343587
HUDCO,20170816,1264.0,1264.0,1264.0,1264.0,367,317
HUDCO,20170816,1264.0,1264.0,1264.0,1264.0,9,9
HUDCO,20170816,1264.0,1264.0,1264.0,1264.0,104,104
HUDCO,20170816,1264.0,1264.0,1264.0,1264.0,20,20
HUDCO,20170816,1264.0,1264.0,1264.0,1264.0,241,175
HUDCO,20170816,1345.0,1349.5,1339.0,1340.45,6885913,2343587
HUDCO,20170816,1345.0,1349.5,1339.0,1340.45,367,317
HUDCO,20170816,1345.0,1349.5,1339.0,1340.45,9,9
HUDCO,20170816,1345.0,1349.5,1339.0,1340.45,104,104
HUDCO,20170816,1345.0,1349.5,1339.0,1340.45,20,20
HUDCO,20170816,1345.0,1349.5,1339.0,1340.45,241,175
HUSYSLTD,20170816,33.0,35.0,33.0,35.0,4000,4000
IBREALEST,20170816,226.5,232.65,226.1,230.0,7732352,1247766
IBULHSGFIN,20170816,1190.0,1215.0,1173.75,1209.1,1778177,1069872
IBULHSGFIN,20170816,1190.0,1215.0,1173.75,1209.1,7,7
IBULHSGFIN,20170816,1190.0,1215.0,1173.75,1209.1,100,50
IBULHSGFIN,20170816,1110.0,1110.0,1105.0,1105.0,1778177,1069872
IBULHSGFIN,20170816,1110.0,1110.0,1105.0,1105.0,7,7
IBULHSGFIN,20170816,1110.0,1110.0,1105.0,1105.0,100,50
IBULHSGFIN,20170816,1049.0,1060.0,1049.0,1060.0,1778177,1069872
IBULHSGFIN,20170816,1049.0,1060.0,1049.0,1060.0,7,7
IBULHSGFIN,20170816,1049.0,1060.0,1049.0,1060.0,100,50
IBVENTURES,20170816,188.5,195.0,187.35,193.85,1595285,567503
ICICIBANK,20170816,291.7,295.8,287.3,294.95,8605873,4415821
ICICIPRULI,20170816,437.0,438.55,430.4,434.85,527448,332807
ICIL,20170816,115.1,119.05,112.0,117.3,2395608,995887
ICRA,20170816,3880.0,3975.0,3880.0,3952.2,606,514
ICSA,20170816,2.75,2.8,2.7,2.7,21018,19900
IDBI,20170816,51.45,53.75,51.15,53.25,5462764,517765
IDBIGOLD,20170816,2651.2,2670.0,2651.2,2670.0,200,100
IDEA,20170816,85.75,87.4,85.65,86.95,5457158,989017
IDFC,20170816,55.0,57.1,54.6,56.75,8179989,3709754
IDFCBANK,20170816,54.9,55.9,54.4,55.75,9481309,4185908
IDFCBANK,20170816,54.9,55.9,54.4,55.75,1,1
IDFCBANK,20170816,54.9,55.9,54.4,55.75,50,42
IDFCBANK,20170816,54.9,55.9,54.4,55.75,1,1
IDFCBANK,20170816,54.9,55.9,54.4,55.75,4,4
IDFCBANK,20170816,54.9,55.9,54.4,55.75,2,2
IDFCBANK,20170816,54.9,55.9,54.4,55.75,18,18
IDFCBANK,20170816,54.9,55.9,54.4,55.75,8,8
IDFCBANK,20170816,54.9,55.9,54.4,55.75,15,12
IDFCBANK,20170816,54.9,55.9,54.4,55.75,52,40
IDFCBANK,20170816,54.9,55.9,54.4,55.75,19,19
IDFCBANK,20170816,54.9,55.9,54.4,55.75,45,39
IDFCBANK,20170816,54.9,55.9,54.4,55.75,4,4
IDFCBANK,20170816,5150.0,5150.0,5150.0,5150.0,9481309,4185908
IDFCBANK,20170816,5150.0,5150.0,5150.0,5150.0,1,1
IDFCBANK,20170816,5150.0,5150.0,5150.0,5150.0,50,42
IDFCBANK,20170816,5150.0,5150.0,5150.0,5150.0,1,1
IDFCBANK,20170816,5150.0,5150.0,5150.0,5150.0,4,4
IDFCBANK,20170816,5150.0,5150.0,5150.0,5150.0,2,2
IDFCBANK,20170816,5150.0,5150.0,5150.0,5150.0,18,18
IDFCBANK,20170816,5150.0,5150.0,5150.0,5150.0,8,8
IDFCBANK,20170816,5150.0,5150.0,5150.0,5150.0,15,12
IDFCBANK,20170816,5150.0,5150.0,5150.0,5150.0,52,40
IDFCBANK,20170816,5150.0,5150.0,5150.0,5150.0,19,19
IDFCBANK,20170816,5150.0,5150.0,5150.0,5150.0,45,39
IDFCBANK,20170816,5150.0,5150.0,5150.0,5150.0,4,4
IDFCBANK,20170816,8130.0,8150.0,8100.0,8150.0,9481309,4185908
IDFCBANK,20170816,8130.0,8150.0,8100.0,8150.0,1,1
IDFCBANK,20170816,8130.0,8150.0,8100.0,8150.0,50,42
IDFCBANK,20170816,8130.0,8150.0,8100.0,8150.0,1,1
IDFCBANK,20170816,8130.0,8150.0,8100.0,8150.0,4,4
IDFCBANK,20170816,8130.0,8150.0,8100.0,8150.0,2,2
IDFCBANK,20170816,8130.0,8150.0,8100.0,8150.0,18,18
IDFCBANK,20170816,8130.0,8150.0,8100.0,8150.0,8,8
IDFCBANK,20170816,8130.0,8150.0,8100.0,8150.0,15,12
IDFCBANK,20170816,8130.0,8150.0,8100.0,8150.0,52,40
IDFCBANK,20170816,8130.0,8150.0,8100.0,8150.0,19,19
IDFCBANK,20170816,8130.0,8150.0,8100.0,8150.0,45,39
IDFCBANK,20170816,8130.0,8150.0,8100.0,8150.0,4,4
IDFCBANK,20170816,5021.81,5021.81,5021.81,5021.81,9481309,4185908
IDFCBANK,20170816,5021.81,5021.81,5021.81,5021.81,1,1
IDFCBANK,20170816,5021.81,5021.81,5021.81,5021.81,50,42
IDFCBANK,20170816,5021.81,5021.81,5021.81,5021.81,1,1
IDFCBANK,20170816,5021.81,5021.81,5021.81,5021.81,4,4
IDFCBANK,20170816,5021.81,5021.81,5021.81,5021.81,2,2
IDFCBANK,20170816,5021.81,5021.81,5021.81,5021.81,18,18
IDFCBANK,20170816,5021.81,5021.81,5021.81,5021.81,8,8
IDFCBANK,20170816,5021.81,5021.81,5021.81,5021.81,15,12
IDFCBANK,20170816,5021.81,5021.81,5021.81,5021.81,52,40
IDFCBANK,20170816,5021.81,5021.81,5021.81,5021.81,19,19
IDFCBANK,20170816,5021.81,5021.81,5021.81,5021.81,45,39
IDFCBANK,20170816,5021.81,5021.81,5021.81,5021.81,4,4
IDFCBANK,20170816,7750.0,7750.0,7750.0,7750.0,9481309,4185908
IDFCBANK,20170816,7750.0,7750.0,7750.0,7750.0,1,1
IDFCBANK,20170816,7750.0,7750.0,7750.0,7750.0,50,42
IDFCBANK,20170816,7750.0,7750.0,7750.0,7750.0,1,1
IDFCBANK,20170816,7750.0,7750.0,7750.0,7750.0,4,4
IDFCBANK,20170816,7750.0,7750.0,7750.0,7750.0,2,2
IDFCBANK,20170816,7750.0,7750.0,7750.0,7750.0,18,18
IDFCBANK,20170816,7750.0,7750.0,7750.0,7750.0,8,8
IDFCBANK,20170816,7750.0,7750.0,7750.0,7750.0,15,12
IDFCBANK,20170816,7750.0,7750.0,7750.0,7750.0,52,40
IDFCBANK,20170816,7750.0,7750.0,7750.0,7750.0,19,19
IDFCBANK,20170816,7750.0,7750.0,7750.0,7750.0,45,39
IDFCBANK,20170816,7750.0,7750.0,7750.0,7750.0,4,4
IDFCBANK,20170816,5085.0,5085.0,5085.0,5085.0,9481309,4185908
IDFCBANK,20170816,5085.0,5085.0,5085.0,5085.0,1,1
IDFCBANK,20170816,5085.0,5085.0,5085.0,5085.0,50,42
IDFCBANK,20170816,5085.0,5085.0,5085.0,5085.0,1,1
IDFCBANK,20170816,5085.0,5085.0,5085.0,5085.0,4,4
IDFCBANK,20170816,5085.0,5085.0,5085.0,5085.0,2,2
IDFCBANK,20170816,5085.0,5085.0,5085.0,5085.0,18,18
IDFCBANK,20170816,5085.0,5085.0,5085.0,5085.0,8,8
IDFCBANK,20170816,5085.0,5085.0,5085.0,5085.0,15,12
IDFCBANK,20170816,5085.0,5085.0,5085.0,5085.0,52,40
IDFCBANK,20170816,5085.0,5085.0,5085.0,5085.0,19,19
IDFCBANK,20170816,5085.0,5085.0,5085.0,5085.0,45,39
IDFCBANK,20170816,5085.0,5085.0,5085.0,5085.0,4,4
IDFCBANK,20170816,7940.0,7945.0,7940.0,7945.0,9481309,4185908
IDFCBANK,20170816,7940.0,7945.0,7940.0,7945.0,1,1
IDFCBANK,20170816,7940.0,7945.0,7940.0,7945.0,50,42
IDFCBANK,20170816,7940.0,7945.0,7940.0,7945.0,1,1
IDFCBANK,20170816,7940.0,7945.0,7940.0,7945.0,4,4
IDFCBANK,20170816,7940.0,7945.0,7940.0,7945.0,2,2
IDFCBANK,20170816,7940.0,7945.0,7940.0,7945.0,18,18
IDFCBANK,20170816,7940.0,7945.0,7940.0,7945.0,8,8
IDFCBANK,20170816,7940.0,7945.0,7940.0,7945.0,15,12
IDFCBANK,20170816,7940.0,7945.0,7940.0,7945.0,52,40
IDFCBANK,20170816,7940.0,7945.0,7940.0,7945.0,19,19
IDFCBANK,20170816,7940.0,7945.0,7940.0,7945.0,45,39
IDFCBANK,20170816,7940.0,7945.0,7940.0,7945.0,4,4
IDFCBANK,20170816,5080.0,5080.0,5080.0,5080.0,9481309,4185908
IDFCBANK,20170816,5080.0,5080.0,5080.0,5080.0,1,1
IDFCBANK,20170816,5080.0,5080.0,5080.0,5080.0,50,42
IDFCBANK,20170816,5080.0,5080.0,5080.0,5080.0,1,1
IDFCBANK,20170816,5080.0,5080.0,5080.0,5080.0,4,4
IDFCBANK,20170816,5080.0,5080.0,5080.0,5080.0,2,2
IDFCBANK,20170816,5080.0,5080.0,5080.0,5080.0,18,18
IDFCBANK,20170816,5080.0,5080.0,5080.0,5080.0,8,8
IDFCBANK,20170816,5080.0,5080.0,5080.0,5080.0,15,12
IDFCBANK,20170816,5080.0,5080.0,5080.0,5080.0,52,40
IDFCBANK,20170816,5080.0,5080.0,5080.0,5080.0,19,19
IDFCBANK,20170816,5080.0,5080.0,5080.0,5080.0,45,39
IDFCBANK,20170816,5080.0,5080.0,5080.0,5080.0,4,4
IDFCBANK,20170816,5365.05,5384.0,5365.0,5384.0,9481309,4185908
IDFCBANK,20170816,5365.05,5384.0,5365.0,5384.0,1,1
IDFCBANK,20170816,5365.05,5384.0,5365.0,5384.0,50,42
IDFCBANK,20170816,5365.05,5384.0,5365.0,5384.0,1,1
IDFCBANK,20170816,5365.05,5384.0,5365.0,5384.0,4,4
IDFCBANK,20170816,5365.05,5384.0,5365.0,5384.0,2,2
IDFCBANK,20170816,5365.05,5384.0,5365.0,5384.0,18,18
IDFCBANK,20170816,5365.05,5384.0,5365.0,5384.0,8,8
IDFCBANK,20170816,5365.05,5384.0,5365.0,5384.0,15,12
IDFCBANK,20170816,5365.05,5384.0,5365.0,5384.0,52,40
IDFCBANK,20170816,5365.05,5384.0,5365.0,5384.0,19,19
IDFCBANK,20170816,5365.05,5384.0,5365.0,5384.0,45,39
IDFCBANK,20170816,5365.05,5384.0,5365.0,5384.0,4,4
IDFCBANK,20170816,8001.0,8100.0,8001.0,8100.0,9481309,4185908
IDFCBANK,20170816,8001.0,8100.0,8001.0,8100.0,1,1
IDFCBANK,20170816,8001.0,8100.0,8001.0,8100.0,50,42
IDFCBANK,20170816,8001.0,8100.0,8001.0,8100.0,1,1
IDFCBANK,20170816,8001.0,8100.0,8001.0,8100.0,4,4
IDFCBANK,20170816,8001.0,8100.0,8001.0,8100.0,2,2
IDFCBANK,20170816,8001.0,8100.0,8001.0,8100.0,18,18
IDFCBANK,20170816,8001.0,8100.0,8001.0,8100.0,8,8
IDFCBANK,20170816,8001.0,8100.0,8001.0,8100.0,15,12
IDFCBANK,20170816,8001.0,8100.0,8001.0,8100.0,52,40
IDFCBANK,20170816,8001.0,8100.0,8001.0,8100.0,19,19
IDFCBANK,20170816,8001.0,8100.0,8001.0,8100.0,45,39
IDFCBANK,20170816,8001.0,8100.0,8001.0,8100.0,4,4
IDFCBANK,20170816,5230.0,5231.0,5230.0,5231.0,9481309,4185908
IDFCBANK,20170816,5230.0,5231.0,5230.0,5231.0,1,1
IDFCBANK,20170816,5230.0,5231.0,5230.0,5231.0,50,42
IDFCBANK,20170816,5230.0,5231.0,5230.0,5231.0,1,1
IDFCBANK,20170816,5230.0,5231.0,5230.0,5231.0,4,4
IDFCBANK,20170816,5230.0,5231.0,5230.0,5231.0,2,2
IDFCBANK,20170816,5230.0,5231.0,5230.0,5231.0,18,18
IDFCBANK,20170816,5230.0,5231.0,5230.0,5231.0,8,8
IDFCBANK,20170816,5230.0,5231.0,5230.0,5231.0,15,12
IDFCBANK,20170816,5230.0,5231.0,5230.0,5231.0,52,40
IDFCBANK,20170816,5230.0,5231.0,5230.0,5231.0,19,19
IDFCBANK,20170816,5230.0,5231.0,5230.0,5231.0,45,39
IDFCBANK,20170816,5230.0,5231.0,5230.0,5231.0,4,4
IDFCBANK,20170816,7751.0,7797.0,7751.0,7774.0,9481309,4185908
IDFCBANK,20170816,7751.0,7797.0,7751.0,7774.0,1,1
IDFCBANK,20170816,7751.0,7797.0,7751.0,7774.0,50,42
IDFCBANK,20170816,7751.0,7797.0,7751.0,7774.0,1,1
IDFCBANK,20170816,7751.0,7797.0,7751.0,7774.0,4,4
IDFCBANK,20170816,7751.0,7797.0,7751.0,7774.0,2,2
IDFCBANK,20170816,7751.0,7797.0,7751.0,7774.0,18,18
IDFCBANK,20170816,7751.0,7797.0,7751.0,7774.0,8,8
IDFCBANK,20170816,7751.0,7797.0,7751.0,7774.0,15,12
IDFCBANK,20170816,7751.0,7797.0,7751.0,7774.0,52,40
IDFCBANK,20170816,7751.0,7797.0,7751.0,7774.0,19,19
IDFCBANK,20170816,7751.0,7797.0,7751.0,7774.0,45,39
IDFCBANK,20170816,7751.0,7797.0,7751.0,7774.0,4,4
IDFCBANK,20170816,7525.0,7525.0,7525.0,7525.0,9481309,4185908
IDFCBANK,20170816,7525.0,7525.0,7525.0,7525.0,1,1
IDFCBANK,20170816,7525.0,7525.0,7525.0,7525.0,50,42
IDFCBANK,20170816,7525.0,7525.0,7525.0,7525.0,1,1
IDFCBANK,20170816,7525.0,7525.0,7525.0,7525.0,4,4
IDFCBANK,20170816,7525.0,7525.0,7525.0,7525.0,2,2
IDFCBANK,20170816,7525.0,7525.0,7525.0,7525.0,18,18
IDFCBANK,20170816,7525.0,7525.0,7525.0,7525.0,8,8
IDFCBANK,20170816,7525.0,7525.0,7525.0,7525.0,15,12
IDFCBANK,20170816,7525.0,7525.0,7525.0,7525.0,52,40
IDFCBANK,20170816,7525.0,7525.0,7525.0,7525.0,19,19
IDFCBANK,20170816,7525.0,7525.0,7525.0,7525.0,45,39
IDFCBANK,20170816,7525.0,7525.0,7525.0,7525.0,4,4
IDFNIFTYET,20170816,98.19,98.71,98.11,98.71,7514,7514
IFBAGRO,20170816,417.45,417.45,398.1,398.5,11933,7957
IFBIND,20170816,664.9,669.0,650.0,654.35,2338,1228
IFCI,20170816,23.3,23.35,22.5,23.05,7100298,1218807
IFCI,20170816,23.3,23.35,22.5,23.05,90,90
IFCI,20170816,23.3,23.35,22.5,23.05,243,243
IFCI,20170816,23.3,23.35,22.5,23.05,10,10
IFCI,20170816,23.3,23.35,22.5,23.05,55,55
IFCI,20170816,1070.0,1070.0,1070.0,1070.0,7100298,1218807
IFCI,20170816,1070.0,1070.0,1070.0,1070.0,90,90
IFCI,20170816,1070.0,1070.0,1070.0,1070.0,243,243
IFCI,20170816,1070.0,1070.0,1070.0,1070.0,10,10
IFCI,20170816,1070.0,1070.0,1070.0,1070.0,55,55
IFCI,20170816,1100.0,1100.0,1085.0,1095.1,7100298,1218807
IFCI,20170816,1100.0,1100.0,1085.0,1095.1,90,90
IFCI,20170816,1100.0,1100.0,1085.0,1095.1,243,243
IFCI,20170816,1100.0,1100.0,1085.0,1095.1,10,10
IFCI,20170816,1100.0,1100.0,1085.0,1095.1,55,55
IFCI,20170816,1040.0,1040.0,1040.0,1040.0,7100298,1218807
IFCI,20170816,1040.0,1040.0,1040.0,1040.0,90,90
IFCI,20170816,1040.0,1040.0,1040.0,1040.0,243,243
IFCI,20170816,1040.0,1040.0,1040.0,1040.0,10,10
IFCI,20170816,1040.0,1040.0,1040.0,1040.0,55,55
IFCI,20170816,1050.0,1050.0,1036.15,1036.15,7100298,1218807
IFCI,20170816,1050.0,1050.0,1036.15,1036.15,90,90
IFCI,20170816,1050.0,1050.0,1036.15,1036.15,243,243
IFCI,20170816,1050.0,1050.0,1036.15,1036.15,10,10
IFCI,20170816,1050.0,1050.0,1036.15,1036.15,55,55
IFGLREFRAC,20170816,240.15,248.6,239.95,240.1,6204,4972
IGARASHI,20170816,1014.3,1014.3,985.15,1003.75,13642,10635
IGL,20170816,1310.0,1318.85,1267.5,1274.35,548009,253255
IGPL,20170816,447.0,459.85,442.0,448.0,20043,9486
IIFL,20170816,590.0,600.0,581.6,590.05,88565,62161
IIFLFIN,20170816,1052.0,1060.0,1052.0,1055.09,743,588
IIFLFIN,20170816,1052.0,1060.0,1052.0,1055.09,1095,1080
IIFLFIN,20170816,1052.0,1060.0,1052.0,1055.09,570,570
IIFLFIN,20170816,1875.01,1879.65,1870.0,1879.25,743,588
IIFLFIN,20170816,1875.01,1879.65,1870.0,1879.25,1095,1080
IIFLFIN,20170816,1875.01,1879.65,1870.0,1879.25,570,570
IIFLFIN,20170816,1050.0,1050.0,1050.0,1050.0,743,588
IIFLFIN,20170816,1050.0,1050.0,1050.0,1050.0,1095,1080
IIFLFIN,20170816,1050.0,1050.0,1050.0,1050.0,570,570
IIHFL,20170816,1040.51,1042.0,1040.5,1042.0,322,322
IIHFL,20170816,1040.51,1042.0,1040.5,1042.0,355,305
IIHFL,20170816,1108.0,1108.0,1090.0,1096.0,322,322
IIHFL,20170816,1108.0,1108.0,1090.0,1096.0,355,305
IITL,20170816,77.65,77.65,77.65,77.65,10,10
IL&FSENGG,20170816,41.35,42.05,41.1,41.3,32285,17988
IL&FSTRANS,20170816,79.0,80.85,77.55,79.4,392076,126632
IMFA,20170816,497.65,502.45,485.0,488.2,98489,69450
IMPAL,20170816,815.4,816.0,792.5,813.65,411,306
INDBANK,20170816,16.05,16.75,16.05,16.3,26620,9361
INDHOTEL,20170816,125.05,127.5,124.25,125.95,209026,163592
INDIACEM,20170816,185.0,186.8,179.55,185.0,3271321,601288
INDIAGLYCO,20170816,163.1,169.15,163.1,167.3,61747,29584
INDIANB,20170816,296.8,297.5,287.15,295.3,1230227,435371
INDIANCARD,20170816,181.25,182.75,177.0,179.65,1167,617
INDIANHUME,20170816,517.05,542.0,515.0,537.0,27275,20194
INDIGO,20170816,1285.0,1346.7,1285.0,1313.2,1162299,634950
INDIGRID,20170816,96.3,97.0,96.3,96.83,127575,127575
INDLMETER,20170816,85.0,89.95,85.0,85.5,1052,888
INDNIPPON,20170816,768.0,801.9,768.0,790.4,29342,17176
INDOCO,20170816,194.0,195.5,188.35,193.6,25314,12493
INDORAMA,20170816,28.8,28.8,27.7,28.1,64029,40940
INDOTECH,20170816,188.3,193.9,186.85,191.3,7535,6727
INDOTHAI,20170816,32.5,33.9,31.65,32.65,39357,27617
INDRAMEDCO,20170816,53.75,54.05,52.65,53.15,138564,90300
INDSWFTLAB,20170816,35.5,36.45,31.5,34.35,20049,10466
INDSWFTLTD,20170816,8.3,8.4,7.75,8.1,36680,21630
INDTERRAIN,20170816,206.0,206.0,200.2,203.8,6758,3767
INDUSINDBK,20170816,1628.0,1654.0,1603.4,1647.2,952709,590971
INEOSSTYRO,20170816,845.1,870.4,845.1,860.6,14832,12298
INFIBEAM,20170816,1437.9,1463.4,1425.05,1435.7,515837,77276
INFINITE,20170816,202.0,212.5,202.0,207.15,15938,9195
INFOBEAN,20170816,62.5,62.5,62.45,62.45,6000,6000
INFRABEES,20170816,336.0,336.5,335.0,336.5,1383,982
INFRATEL,20170816,382.5,383.8,377.9,382.9,1986044,1450546
INFY,20170816,982.0,986.1,969.0,975.2,3089040,2010754
INGERRAND,20170816,797.55,817.55,790.0,806.45,8261,3798
INOXLEISUR,20170816,251.1,255.8,243.1,244.35,171670,54556
INOXWIND,20170816,112.8,112.8,110.0,110.85,312446,139356
INSECTICID,20170816,804.85,815.0,783.4,786.45,49092,11849
INTELLECT,20170816,102.25,104.55,101.4,103.75,231949,66343
INTENTECH,20170816,86.05,87.7,85.15,86.0,44449,35673
INVENTURE,20170816,10.95,11.6,10.55,11.3,960,786
IOB,20170816,22.9,22.95,22.5,22.75,591653,367765
IOC,20170816,423.0,428.0,420.55,422.3,3852377,2251594
IOLCP,20170816,59.55,59.6,58.05,59.05,27609,15131
IPAPPM,20170816,296.5,304.0,291.45,300.7,21611,14648
IPCALAB,20170816,418.0,450.2,413.0,416.95,228456,106240
IRB,20170816,209.3,213.7,207.7,212.1,1541510,552437
IRBINVIT,20170816,96.0,96.6,96.0,96.21,480000,435000
IREDA,20170816,1300.0,1647.0,1241.0,1600.0,70,0
IREDA,20170816,1300.0,1647.0,1241.0,1600.0,8,8
IREDA,20170816,1270.0,1270.0,1270.0,1270.0,70,0
IREDA,20170816,1270.0,1270.0,1270.0,1270.0,8,8
IRFC,20170816,1148.02,1150.0,1148.0,1149.79,6905,4797
IRFC,20170816,1148.02,1150.0,1148.0,1149.79,1065,1065
IRFC,20170816,1148.02,1150.0,1148.0,1149.79,300,200
IRFC,20170816,1148.02,1150.0,1148.0,1149.79,665,664
IRFC,20170816,1148.02,1150.0,1148.0,1149.79,30,30
IRFC,20170816,1148.02,1150.0,1148.0,1149.79,221,211
IRFC,20170816,1148.02,1150.0,1148.0,1149.79,31,31
IRFC,20170816,1148.02,1150.0,1148.0,1149.79,305,302
IRFC,20170816,1221.0,1221.0,1210.5,1221.0,6905,4797
IRFC,20170816,1221.0,1221.0,1210.5,1221.0,1065,1065
IRFC,20170816,1221.0,1221.0,1210.5,1221.0,300,200
IRFC,20170816,1221.0,1221.0,1210.5,1221.0,665,664
IRFC,20170816,1221.0,1221.0,1210.5,1221.0,30,30
IRFC,20170816,1221.0,1221.0,1210.5,1221.0,221,211
IRFC,20170816,1221.0,1221.0,1210.5,1221.0,31,31
IRFC,20170816,1221.0,1221.0,1210.5,1221.0,305,302
IRFC,20170816,1181.75,1190.01,1181.05,1190.0,6905,4797
IRFC,20170816,1181.75,1190.01,1181.05,1190.0,1065,1065
IRFC,20170816,1181.75,1190.01,1181.05,1190.0,300,200
IRFC,20170816,1181.75,1190.01,1181.05,1190.0,665,664
IRFC,20170816,1181.75,1190.01,1181.05,1190.0,30,30
IRFC,20170816,1181.75,1190.01,1181.05,1190.0,221,211
IRFC,20170816,1181.75,1190.01,1181.05,1190.0,31,31
IRFC,20170816,1181.75,1190.01,1181.05,1190.0,305,302
IRFC,20170816,1277.99,1277.99,1230.0,1243.86,6905,4797
IRFC,20170816,1277.99,1277.99,1230.0,1243.86,1065,1065
IRFC,20170816,1277.99,1277.99,1230.0,1243.86,300,200
IRFC,20170816,1277.99,1277.99,1230.0,1243.86,665,664
IRFC,20170816,1277.99,1277.99,1230.0,1243.86,30,30
IRFC,20170816,1277.99,1277.99,1230.0,1243.86,221,211
IRFC,20170816,1277.99,1277.99,1230.0,1243.86,31,31
IRFC,20170816,1277.99,1277.99,1230.0,1243.86,305,302
IRFC,20170816,1220.0,1220.0,1220.0,1220.0,6905,4797
IRFC,20170816,1220.0,1220.0,1220.0,1220.0,1065,1065
IRFC,20170816,1220.0,1220.0,1220.0,1220.0,300,200
IRFC,20170816,1220.0,1220.0,1220.0,1220.0,665,664
IRFC,20170816,1220.0,1220.0,1220.0,1220.0,30,30
IRFC,20170816,1220.0,1220.0,1220.0,1220.0,221,211
IRFC,20170816,1220.0,1220.0,1220.0,1220.0,31,31
IRFC,20170816,1220.0,1220.0,1220.0,1220.0,305,302
IRFC,20170816,1291.79,1291.79,1275.0,1275.0,6905,4797
IRFC,20170816,1291.79,1291.79,1275.0,1275.0,1065,1065
IRFC,20170816,1291.79,1291.79,1275.0,1275.0,300,200
IRFC,20170816,1291.79,1291.79,1275.0,1275.0,665,664
IRFC,20170816,1291.79,1291.79,1275.0,1275.0,30,30
IRFC,20170816,1291.79,1291.79,1275.0,1275.0,221,211
IRFC,20170816,1291.79,1291.79,1275.0,1275.0,31,31
IRFC,20170816,1291.79,1291.79,1275.0,1275.0,305,302
IRFC,20170816,1180.0,1180.0,1180.0,1180.0,6905,4797
IRFC,20170816,1180.0,1180.0,1180.0,1180.0,1065,1065
IRFC,20170816,1180.0,1180.0,1180.0,1180.0,300,200
IRFC,20170816,1180.0,1180.0,1180.0,1180.0,665,664
IRFC,20170816,1180.0,1180.0,1180.0,1180.0,30,30
IRFC,20170816,1180.0,1180.0,1180.0,1180.0,221,211
IRFC,20170816,1180.0,1180.0,1180.0,1180.0,31,31
IRFC,20170816,1180.0,1180.0,1180.0,1180.0,305,302
IRFC,20170816,1122.0,1124.0,1122.0,1123.0,6905,4797
IRFC,20170816,1122.0,1124.0,1122.0,1123.0,1065,1065
IRFC,20170816,1122.0,1124.0,1122.0,1123.0,300,200
IRFC,20170816,1122.0,1124.0,1122.0,1123.0,665,664
IRFC,20170816,1122.0,1124.0,1122.0,1123.0,30,30
IRFC,20170816,1122.0,1124.0,1122.0,1123.0,221,211
IRFC,20170816,1122.0,1124.0,1122.0,1123.0,31,31
IRFC,20170816,1122.0,1124.0,1122.0,1123.0,305,302
ISFT,20170816,404.05,422.0,403.0,413.1,16271,14250
ISMTLTD,20170816,10.7,11.9,10.7,11.2,63351,44734
ITC,20170816,272.0,281.75,271.35,279.2,18692336,11831832
ITDC,20170816,487.0,524.0,477.6,501.0,71602,21196
ITDCEM,20170816,158.0,161.3,157.0,158.65,102567,78868
ITI,20170816,86.15,89.0,85.55,88.15,854519,162620
IVC,20170816,15.8,16.05,15.45,15.5,329888,214544
IVP,20170816,149.9,155.0,145.05,154.45,4844,3700
IVRCLINFRA,20170816,5.0,5.45,4.8,5.2,2207340,1082819
IVZINGOLD,20170816,2650.0,2650.0,2613.0,2613.0,26,26
IVZINNIFTY,20170816,1021.45,1030.2,1021.45,1030.2,3,3
IZMO,20170816,52.2,52.9,50.55,52.15,9698,6080
J&KBANK,20170816,77.7,81.95,76.0,81.25,532425,232009
JAGRAN,20170816,170.0,175.0,169.95,172.95,76913,59455
JAGSNPHARM,20170816,31.85,33.0,30.0,31.3,15656,6813
JAIBALAJI,20170816,11.65,11.65,11.1,11.65,27199,24173
JAICORPLTD,20170816,72.35,75.35,72.25,75.05,429564,155020
JAIHINDPRO,20170816,5.35,5.55,5.35,5.55,8152,7652
JAMNAAUTO,20170816,246.0,252.0,242.1,248.45,221867,103978
JAYAGROGN,20170816,500.0,500.0,490.0,492.35,24975,15087
JAYBARMARU,20170816,554.9,564.0,550.0,558.6,35225,18309
JAYNECOIND,20170816,7.7,7.8,7.45,7.75,38413,27401
JAYSREETEA,20170816,101.5,107.45,101.5,104.75,261510,105536
JBCHEPHARM,20170816,297.0,297.2,290.85,292.35,26934,19562
JBFIND,20170816,173.45,176.9,164.1,166.05,187492,79924
JBMA,20170816,330.4,343.75,329.45,335.7,99010,31662
JCHAC,20170816,2011.05,2044.0,1975.6,2016.45,3996,2091
JENSONICOL,20170816,8.7,9.3,8.25,8.9,19052,12931
JETAIRWAYS,20170816,568.0,592.0,560.8,587.05,2490425,166857
JETFREIGHT,20170816,93.1,93.1,93.1,93.1,4000,4000
JETKNIT,20170816,61.0,61.0,61.0,61.0,1500,1500
JHS,20170816,66.4,68.5,66.4,67.3,43314,26491
JINDALPHOT,20170816,68.0,68.4,66.6,68.05,7572,4173
JINDALPOLY,20170816,366.7,375.85,365.1,372.1,58500,35421
JINDALSAW,20170816,93.3,94.6,90.45,93.45,570992,215095
JINDALSTEL,20170816,136.7,139.8,130.35,138.4,13003612,2218060
JINDRILL,20170816,162.15,162.15,158.0,158.15,17543,10686
JINDWORLD,20170816,804.55,813.3,798.0,803.7,46884,6493
JISLDVREQS,20170816,63.2,63.2,59.75,62.4,103499,43933
JISLJALEQS,20170816,93.4,96.8,92.1,94.95,7606433,2426224
JKCEMENT,20170816,1050.0,1050.0,1022.3,1032.25,19006,14221
JKIL,20170816,191.4,205.95,187.0,205.95,1490938,591815
JKLAKSHMI,20170816,422.95,424.85,417.2,418.55,32432,23111
JKPAPER,20170816,91.7,92.9,91.0,92.2,811562,647573
JKTYRE,20170816,144.0,155.0,140.0,152.35,4254424,840197
JMA,20170816,216.25,226.0,215.15,226.0,134,101
JMCPROJECT,20170816,348.0,351.7,344.0,349.15,7084,3235
JMFINANCIL,20170816,120.75,125.0,119.9,124.65,435182,232179
JMTAUTOLTD,20170816,4.45,5.0,4.35,4.8,987579,508012
JNPT,20170816,1030.0,1030.0,1030.0,1030.0,1,1
JOCIL,20170816,168.0,170.3,163.95,167.15,5861,4261
JPASSOCIAT,20170816,23.4,24.4,22.45,23.9,134175944,16743768
JPINFRATEC,20170816,16.25,17.95,16.25,17.95,24496145,8628099
JPOLYINVST,20170816,62.05,69.0,59.0,59.95,46300,23462
JPPOWER,20170816,5.7,5.9,5.7,5.9,5358819,2637085
JSL,20170816,81.0,83.2,80.2,82.45,259239,133758
JSLHISAR,20170816,167.35,178.4,166.0,172.9,918510,309136
JSWENERGY,20170816,64.65,65.15,63.2,64.6,13846685,7011274
JSWHL,20170816,1725.65,1753.45,1723.0,1731.2,11252,8019
JSWSTEEL,20170816,233.3,238.85,231.2,237.75,4106721,1325918
JSWSTEEL,20170816,233.3,238.85,231.2,237.75,9875,9875
JSWSTEEL,20170816,8.5,8.5,8.5,8.5,4106721,1325918
JSWSTEEL,20170816,8.5,8.5,8.5,8.5,9875,9875
JUBILANT,20170816,681.9,703.0,671.05,697.95,254866,93491
JUBLFOOD,20170816,1409.0,1444.75,1382.65,1392.9,2174134,295935
JUBLINDS,20170816,222.55,225.65,219.0,222.4,14755,6481
JUNIORBEES,20170816,280.0,282.0,278.7,280.98,23717,13097
JUSTDIAL,20170816,347.0,353.5,346.8,349.95,1220027,138915
JVLAGRO,20170816,20.85,21.15,20.2,20.9,137778,93922
JYOTHYLAB,20170816,380.3,384.8,379.5,381.55,24745,9771
KABRAEXTRU,20170816,127.0,131.95,123.3,125.4,15480,11992
KAJARIACER,20170816,621.0,629.0,611.25,622.1,308895,189989
KAKATCEM,20170816,337.0,351.0,337.0,344.5,20972,9757
KALPATPOWR,20170816,354.95,360.0,346.2,351.65,35288,24103
KAMATHOTEL,20170816,58.25,61.6,58.2,60.05,144870,82889
KAMDHENU,20170816,125.0,125.85,120.05,124.55,12643,7840
KANANIIND,20170816,11.1,11.35,11.1,11.35,55684,48667
KANORICHEM,20170816,73.9,77.25,73.6,76.05,74098,40150
KANSAINER,20170816,458.0,461.95,451.0,460.35,112082,97838
KARMAENG,20170816,37.65,38.4,36.0,36.45,2089,1440
KARURVYSYA,20170816,136.1,148.5,135.0,139.65,3032106,1780344
KAVVERITEL,20170816,10.7,10.7,9.6,10.15,2433,1171
KAYA,20170816,881.05,900.95,881.05,894.1,4429,2317
KCP,20170816,102.6,103.3,100.75,102.7,88479,67757
KCPSUGIND,20170816,28.5,28.85,27.85,28.05,177265,118238
KDDL,20170816,191.05,191.55,187.0,189.25,7310,5120
KEC,20170816,287.0,295.5,282.6,286.55,404200,220493
KECL,20170816,49.1,51.4,49.0,50.55,346698,187341
KEI,20170816,219.0,219.55,216.0,217.7,449644,412851
KELLTONTEC,20170816,91.75,92.5,89.15,91.15,29257,16963
KESARENT,20170816,69.6,71.7,68.6,70.0,2658,2032
KESORAMIND,20170816,128.2,131.35,128.2,130.15,121514,75587
KHANDSE,20170816,14.45,15.5,14.4,15.5,650,550
KICL,20170816,1710.2,1800.0,1701.0,1798.8,1049,852
KILITCH,20170816,51.3,53.65,48.9,52.55,11607,9504
KINGFA,20170816,652.0,692.9,632.25,684.15,2611,1819
KIOCL,20170816,77.45,77.45,68.0,73.75,1774,1035
KIRIINDUS,20170816,286.0,294.0,284.5,290.2,154580,53665
KIRLOSBROS,20170816,249.9,252.5,246.5,250.2,28133,16416
KIRLOSENG,20170816,390.0,403.0,387.85,394.55,15374,4564
KIRLOSIND,20170816,1400.0,1689.0,1400.0,1651.35,9154,6450
KITEX,20170816,233.0,239.45,231.6,236.7,56115,26312
KKCL,20170816,1650.0,1689.2,1621.0,1633.25,272,147
KMSUGAR,20170816,22.15,22.15,21.2,21.6,121613,68049
KNRCON,20170816,225.8,227.9,217.1,220.85,109664,75385
KOHINOOR,20170816,63.5,64.4,62.5,63.65,69553,23843
KOKUYOCMLN,20170816,92.95,93.8,90.0,92.9,56948,33388
KOLTEPATIL,20170816,164.7,169.9,164.5,166.85,193979,59506
KOPRAN,20170816,68.8,71.8,67.35,70.7,316172,108285
KOTAKBANK,20170816,990.0,1005.0,967.55,1000.55,3147277,2260528
KOTAKBKETF,20170816,246.0,250.23,245.2,250.14,225792,170757
KOTAKGOLD,20170816,253.05,256.0,253.0,255.8,26357,22105
KOTAKNIFTY,20170816,98.0,100.27,98.0,99.87,203247,143153
KOTAKNV20,20170816,43.5,43.9,43.1,43.9,609,500
KOTAKPSUBK,20170816,330.0,340.0,327.0,337.39,4919,4225
KOTARISUG,20170816,13.2,13.65,13.15,13.45,18152,13490
KOTHARIPET,20170816,22.15,22.95,21.7,22.4,22656,15202
KOTHARIPRO,20170816,175.8,178.0,171.0,176.9,5904,2772
KPIT,20170816,112.95,113.75,111.45,112.7,421199,162115
KPRMILL,20170816,763.05,782.9,763.05,776.5,15712,12328
KRBL,20170816,451.8,476.0,450.1,473.15,188769,94534
KRIDHANINF,20170816,83.7,86.0,81.25,83.7,247969,129211
KSBPUMPS,20170816,664.1,689.0,664.1,680.0,26782,11638
KSCL,20170816,539.95,568.8,536.05,564.4,1232109,168213
KSERASERA,20170816,0.15,0.15,0.1,0.1,2608993,547734
KSK,20170816,7.25,7.4,6.95,7.1,293070,204421
KSL,20170816,414.65,419.8,408.05,416.3,103589,45092
KTIL,20170816,195.2,208.7,195.2,205.05,60239,53488
KTKBANK,20170816,143.8,146.2,140.55,145.65,1843078,445130
KWALITY,20170816,136.45,139.6,133.5,136.6,2421327,416329
L&TFH,20170816,174.0,177.35,171.6,176.5,5370263,1390695
L&TFINANCE,20170816,1081.0,1081.0,1081.0,1081.0,5,5
L&TINFRA,20170816,1022.0,1022.0,1022.0,1022.0,15,15
L&TINFRA,20170816,1022.0,1022.0,1022.0,1022.0,345,345
L&TINFRA,20170816,1022.0,1022.0,1022.0,1022.0,80,80
L&TINFRA,20170816,1022.0,1022.0,1022.0,1022.0,145,145
L&TINFRA,20170816,1022.0,1022.0,1022.0,1022.0,85,85
L&TINFRA,20170816,1022.0,1022.0,1022.0,1022.0,402,402
L&TINFRA,20170816,1623.5,1624.01,1623.1,1624.0,15,15
L&TINFRA,20170816,1623.5,1624.01,1623.1,1624.0,345,345
L&TINFRA,20170816,1623.5,1624.01,1623.1,1624.0,80,80
L&TINFRA,20170816,1623.5,1624.01,1623.1,1624.0,145,145
L&TINFRA,20170816,1623.5,1624.01,1623.1,1624.0,85,85
L&TINFRA,20170816,1623.5,1624.01,1623.1,1624.0,402,402
L&TINFRA,20170816,1008.1,1008.1,1006.05,1007.3,15,15
L&TINFRA,20170816,1008.1,1008.1,1006.05,1007.3,345,345
L&TINFRA,20170816,1008.1,1008.1,1006.05,1007.3,80,80
L&TINFRA,20170816,1008.1,1008.1,1006.05,1007.3,145,145
L&TINFRA,20170816,1008.1,1008.1,1006.05,1007.3,85,85
L&TINFRA,20170816,1008.1,1008.1,1006.05,1007.3,402,402
L&TINFRA,20170816,1563.5,1563.5,1555.0,1556.0,15,15
L&TINFRA,20170816,1563.5,1563.5,1555.0,1556.0,345,345
L&TINFRA,20170816,1563.5,1563.5,1555.0,1556.0,80,80
L&TINFRA,20170816,1563.5,1563.5,1555.0,1556.0,145,145
L&TINFRA,20170816,1563.5,1563.5,1555.0,1556.0,85,85
L&TINFRA,20170816,1563.5,1563.5,1555.0,1556.0,402,402
L&TINFRA,20170816,1020.3,1021.01,1020.3,1021.01,15,15
L&TINFRA,20170816,1020.3,1021.01,1020.3,1021.01,345,345
L&TINFRA,20170816,1020.3,1021.01,1020.3,1021.01,80,80
L&TINFRA,20170816,1020.3,1021.01,1020.3,1021.01,145,145
L&TINFRA,20170816,1020.3,1021.01,1020.3,1021.01,85,85
L&TINFRA,20170816,1020.3,1021.01,1020.3,1021.01,402,402
L&TINFRA,20170816,1646.5,1646.5,1640.01,1644.06,15,15
L&TINFRA,20170816,1646.5,1646.5,1640.01,1644.06,345,345
L&TINFRA,20170816,1646.5,1646.5,1640.01,1644.06,80,80
L&TINFRA,20170816,1646.5,1646.5,1640.01,1644.06,145,145
L&TINFRA,20170816,1646.5,1646.5,1640.01,1644.06,85,85
L&TINFRA,20170816,1646.5,1646.5,1640.01,1644.06,402,402
LAKPRE,20170816,41.3,41.3,40.9,40.9,625,625
LAKSHMIEFL,20170816,37.6,37.8,35.55,35.9,199284,41059
LAKSHVILAS,20170816,172.0,178.9,167.3,177.5,892731,338678
LALPATHLAB,20170816,807.0,810.0,793.0,806.7,26511,13029
LAMBODHARA,20170816,60.6,61.8,60.5,60.95,5987,5005
LAOPALA,20170816,476.0,480.0,470.0,472.1,8368,5551
LAURUSLABS,20170816,549.3,556.95,545.1,547.55,36610,24914
LAXMIMACH,20170816,6176.25,6430.0,6161.0,6184.95,12272,6861
LEEL,20170816,176.3,179.5,175.0,178.5,58566,37749
LGBBROSLTD,20170816,724.5,737.2,714.0,725.0,13311,7203
LIBERTSHOE,20170816,176.45,179.5,175.25,177.8,59316,19297
LICHSGFIN,20170816,660.9,663.45,647.0,659.55,2709789,1782720
LICNETFGSC,20170816,17.22,17.22,17.2,17.2,302,302
LICNETFN50,20170816,99.8,99.8,99.8,99.8,10,10
LICNFNHGP,20170816,105.0,105.0,94.8,100.15,302,0
LINCOLN,20170816,163.0,168.0,158.2,159.4,30497,21218
LINCPEN,20170816,255.7,256.4,248.0,249.25,2226,1567
LINDEINDIA,20170816,429.75,429.75,415.0,417.85,5543,3264
LIQUIDBEES,20170816,999.99,1000.01,999.99,1000.0,703604,537120
LML,20170816,10.6,10.9,10.3,10.45,212123,136642
LOKESHMACH,20170816,80.0,83.7,80.0,81.05,67177,39191
LOVABLE,20170816,227.7,233.5,221.0,222.2,116372,55349
LPDC,20170816,3.3,3.35,3.2,3.2,17531,17531
LSIL,20170816,1.5,1.55,1.45,1.5,83033,64772
LT,20170816,1149.0,1152.4,1123.25,1142.25,2143899,1275793
LTI,20170816,738.1,750.0,738.1,741.75,18117,13809
LTTS,20170816,734.95,744.65,730.1,732.75,11014,7254
LUMAXIND,20170816,1339.95,1340.05,1306.5,1325.1,4498,2766
LUMAXTECH,20170816,492.9,517.0,486.55,506.1,15136,11907
LUPIN,20170816,974.0,974.05,950.5,961.0,1973545,1224813
LUXIND,20170816,1125.85,1132.35,1105.0,1109.2,30971,5343
LYCOS,20170816,6.75,7.2,6.65,6.75,656256,458351
LYKALABS,20170816,52.75,56.25,52.75,54.35,65733,36613
LYPSAGEMS,20170816,39.5,39.75,38.9,39.1,74234,17502
M&M,20170816,1361.9,1376.45,1348.35,1371.2,744908,512155
M&MFIN,20170816,428.0,430.35,413.5,424.2,1547785,413852
M100,20170816,18.8,18.8,18.51,18.7,2998205,2994576
M14RG,20170816,9.59,9.59,9.59,9.59,5000,5000
M50,20170816,94.5,94.5,93.0,94.0,2207,1866
MAANALU,20170816,87.7,88.8,83.05,87.15,24938,12406
MADHAV,20170816,57.7,60.9,57.0,60.3,16969,10023
MADHUCON,20170816,27.5,29.4,27.1,28.85,197344,108059
MADRASFERT,20170816,20.0,20.5,19.55,20.0,38163,28907
MAGMA,20170816,176.9,179.4,174.0,175.9,208253,93743
MAGNUM,20170816,11.9,11.95,11.85,11.95,56945,46740
MAHABANK,20170816,26.95,27.2,26.6,27.0,77356,50299
MAHASTEEL,20170816,88.15,91.85,87.8,88.45,315483,106080
MAHESHWARI,20170816,134.0,134.0,129.0,129.1,3000,3000
MAHINDCIE,20170816,240.8,240.8,235.25,236.55,43316,25052
MAHLIFE,20170816,418.3,419.55,412.85,415.05,8489,5302
MAHSCOOTER,20170816,2343.95,2399.9,2255.55,2371.1,7828,6119
MAHSEAMLES,20170816,409.75,414.4,402.0,409.6,26204,17225
MAITHANALL,20170816,469.0,509.0,456.15,502.05,320206,185978
MAJESCO,20170816,352.0,360.3,347.65,356.9,68804,25344
MALUPAPER,20170816,23.4,23.4,22.2,23.15,21056,3812
MANAKCOAT,20170816,10.4,10.6,10.3,10.55,3733,2707
MANAKSIA,20170816,72.15,74.9,72.0,74.05,5782,3018
MANAKSTEEL,20170816,20.1,21.55,20.0,20.7,19897,11821
MANALIPETC,20170816,32.85,33.65,32.85,33.1,185663,107528
MANAPPURAM,20170816,89.4,91.4,89.1,90.3,5181240,3060578
MANDHANA,20170816,6.8,7.4,6.7,7.1,755924,354599
MANGALAM,20170816,138.7,140.5,135.7,139.35,54114,30039
MANGCHEFER,20170816,62.3,63.6,62.05,63.15,15399,11765
MANGLMCEM,20170816,351.2,365.0,351.2,360.85,8876,5974
MANGTIMBER,20170816,29.3,29.45,28.15,28.4,31927,19233
MANINDS,20170816,86.9,89.2,86.35,88.3,404089,208371
MANINFRA,20170816,63.5,63.85,62.25,63.2,384347,223138
MANPASAND,20170816,806.0,813.3,791.45,802.85,59762,34046
MANUGRAPH,20170816,49.4,49.4,46.5,47.35,8722,6019
MARALOVER,20170816,34.45,34.55,32.4,33.85,23170,11695
MARATHON,20170816,287.7,293.0,280.4,284.95,7571,3680
MARICO,20170816,318.35,320.3,312.4,315.95,1454928,986176
MARKSANS,20170816,41.4,41.4,39.5,39.7,1607717,815873
MARUTI,20170816,7649.1,7720.1,7585.05,7701.15,488766,204795
MASTEK,20170816,276.05,284.05,271.75,278.8,314528,82163
MAWANASUG,20170816,90.4,92.3,88.8,90.15,272884,92608
MAXINDIA,20170816,144.05,145.6,141.5,143.0,48722,28777
MAXVIL,20170816,87.9,89.0,84.5,86.55,182779,100062
MAYURUNIQ,20170816,340.55,351.0,319.0,334.4,55330,32766
MAZDA,20170816,344.05,357.6,344.05,353.05,9013,4961
MBAPL,20170816,61.0,61.0,61.0,61.0,3000,3000
MBLINFRA,20170816,23.35,25.0,22.6,24.15,822456,280231
MCDHOLDING,20170816,38.9,38.9,37.6,38.0,50766,32767
MCDOWELL-N,20170816,2491.0,2556.95,2484.2,2548.45,214620,41270
MCL,20170816,260.0,264.0,260.0,262.0,9600,9600
MCLEODRUSS,20170816,174.5,179.1,173.6,175.35,144694,54066
MCX,20170816,1056.05,1084.5,1050.8,1074.3,312441,219471
MEGASOFT,20170816,13.8,13.95,13.05,13.45,103136,73258
MEGH,20170816,57.65,62.3,57.3,61.8,8335004,2964327
MENONBE,20170816,76.5,77.85,76.5,77.2,24506,13393
MEP,20170816,119.9,124.1,114.3,117.4,2755301,831540
MERCATOR,20170816,39.45,39.7,38.45,39.45,693097,344262
MERCK,20170816,1154.45,1154.45,1095.0,1100.0,47627,31991
METALFORGE,20170816,33.0,33.8,30.4,33.7,127671,60035
METKORE,20170816,6.05,6.15,5.9,6.15,464081,332370
MFSL,20170816,602.9,623.55,601.55,607.35,1008315,474071
MGL,20170816,1040.0,1047.0,1023.05,1037.7,228913,115177
MHRIL,20170816,356.0,366.35,355.0,360.6,42040,27557
MIC,20170816,7.35,7.4,7.2,7.4,232901,178995
MIDCAPIWIN,20170816,67.42,67.78,67.42,67.58,670,670
MINDACORP,20170816,106.65,108.45,105.3,106.2,94358,48203
MINDAIND,20170816,794.9,806.6,783.05,799.85,69519,40286
MINDTECK,20170816,70.95,70.95,67.6,68.6,3511,2469
MINDTREE,20170816,469.1,470.0,461.5,468.0,123268,46484
MIRCELECTR,20170816,14.4,14.55,14.0,14.3,148384,68206
MIRZAINT,20170816,157.1,161.85,155.6,158.35,263734,79986
MKPL,20170816,76.5,76.5,76.4,76.4,8000,0
MMFL,20170816,593.0,604.9,571.0,589.15,3985,1739
MMTC,20170816,55.45,56.75,55.2,56.45,341805,109700
MOHITIND,20170816,61.0,61.0,53.6,55.85,238183,40219
MOHOTAMILL,20170816,152.0,154.9,148.15,153.3,11049,9535
MOIL,20170816,355.0,369.65,355.0,362.8,527806,283713
MOLDTECH,20170816,49.0,50.9,48.6,49.75,3987,2538
MOLDTKPAC,20170816,280.9,285.1,275.45,284.05,19325,16317
MOMAI,20170816,127.0,128.35,127.0,127.0,6400,3200
MONNETISPA,20170816,30.25,34.1,29.5,33.2,997513,344593
MONSANTO,20170816,2529.0,2549.0,2482.2,2484.95,34253,32225
MONTECARLO,20170816,458.95,489.0,439.0,484.45,22017,10787
MORARJEE,20170816,48.5,48.5,46.8,48.15,44119,28717
MOREPENLAB,20170816,15.95,16.0,15.65,15.85,388280,217404
MOSERBAER,20170816,4.75,4.85,4.65,4.75,198979,141137
MOTHERSUMI,20170816,329.0,338.7,328.0,331.75,3155231,1394048
MOTILALOFS,20170816,1094.95,1113.0,1087.1,1106.95,116759,69793
MPHASIS,20170816,596.35,605.0,582.05,585.6,36492,22599
MPSLTD,20170816,568.0,574.5,558.0,570.1,12018,7986
MRF,20170816,64525.0,65987.0,63300.0,65783.0,15564,3752
MRPL,20170816,121.0,125.2,120.55,124.45,2058579,881809
MSPL,20170816,16.3,16.8,15.75,15.9,87926,58788
MTEDUCARE,20170816,63.4,63.4,58.05,60.3,124163,69363
MTNL,20170816,18.0,18.95,17.9,18.6,1205576,638449
MUKANDENGG,20170816,47.05,51.65,47.05,50.75,30180,24506
MUKANDLTD,20170816,78.9,82.45,78.05,82.2,66730,38116
MUKTAARTS,20170816,85.5,89.8,85.5,88.95,77018,40134
MUNJALAU,20170816,64.0,64.9,63.1,64.5,62241,33276
MUNJALSHOW,20170816,216.0,219.3,214.55,217.4,41888,19775
MURUDCERA,20170816,39.6,46.5,39.0,45.45,865987,411212
MUTHOOTCAP,20170816,510.0,518.4,499.05,504.55,39226,37791
MUTHOOTFIN,20170816,454.5,457.7,445.25,453.75,400475,88421
MUTHOOTFIN,20170816,454.5,457.7,445.25,453.75,226,226
MUTHOOTFIN,20170816,454.5,457.7,445.25,453.75,155,155
MUTHOOTFIN,20170816,454.5,457.7,445.25,453.75,222,222
MUTHOOTFIN,20170816,454.5,457.7,445.25,453.75,2,1
MUTHOOTFIN,20170816,454.5,457.7,445.25,453.75,97,87
MUTHOOTFIN,20170816,1005.0,1006.0,1005.0,1005.0,400475,88421
MUTHOOTFIN,20170816,1005.0,1006.0,1005.0,1005.0,226,226
MUTHOOTFIN,20170816,1005.0,1006.0,1005.0,1005.0,155,155
MUTHOOTFIN,20170816,1005.0,1006.0,1005.0,1005.0,222,222
MUTHOOTFIN,20170816,1005.0,1006.0,1005.0,1005.0,2,1
MUTHOOTFIN,20170816,1005.0,1006.0,1005.0,1005.0,97,87
MUTHOOTFIN,20170816,1803.99,1803.99,1803.98,1803.98,400475,88421
MUTHOOTFIN,20170816,1803.99,1803.99,1803.98,1803.98,226,226
MUTHOOTFIN,20170816,1803.99,1803.99,1803.98,1803.98,155,155
MUTHOOTFIN,20170816,1803.99,1803.99,1803.98,1803.98,222,222
MUTHOOTFIN,20170816,1803.99,1803.99,1803.98,1803.98,2,1
MUTHOOTFIN,20170816,1803.99,1803.99,1803.98,1803.98,97,87
MUTHOOTFIN,20170816,1963.0,1970.0,1962.51,1966.0,400475,88421
MUTHOOTFIN,20170816,1963.0,1970.0,1962.51,1966.0,226,226
MUTHOOTFIN,20170816,1963.0,1970.0,1962.51,1966.0,155,155
MUTHOOTFIN,20170816,1963.0,1970.0,1962.51,1966.0,222,222
MUTHOOTFIN,20170816,1963.0,1970.0,1962.51,1966.0,2,1
MUTHOOTFIN,20170816,1963.0,1970.0,1962.51,1966.0,97,87
MUTHOOTFIN,20170816,1007.5,1007.99,1007.5,1007.99,400475,88421
MUTHOOTFIN,20170816,1007.5,1007.99,1007.5,1007.99,226,226
MUTHOOTFIN,20170816,1007.5,1007.99,1007.5,1007.99,155,155
MUTHOOTFIN,20170816,1007.5,1007.99,1007.5,1007.99,222,222
MUTHOOTFIN,20170816,1007.5,1007.99,1007.5,1007.99,2,1
MUTHOOTFIN,20170816,1007.5,1007.99,1007.5,1007.99,97,87
MUTHOOTFIN,20170816,962.0,1050.0,962.0,1030.0,400475,88421
MUTHOOTFIN,20170816,962.0,1050.0,962.0,1030.0,226,226
MUTHOOTFIN,20170816,962.0,1050.0,962.0,1030.0,155,155
MUTHOOTFIN,20170816,962.0,1050.0,962.0,1030.0,222,222
MUTHOOTFIN,20170816,962.0,1050.0,962.0,1030.0,2,1
MUTHOOTFIN,20170816,962.0,1050.0,962.0,1030.0,97,87
N100,20170816,412.0,420.5,406.5,409.28,3301,2297
NABARD,20170816,1170.0,1170.0,1170.0,1170.0,359,359
NAGAAGRI,20170816,33.0,37.7,32.6,36.05,192847,166640
NAGAFERT,20170816,15.5,15.8,15.2,15.5,216003,128437
NAGAROIL,20170816,3.9,4.05,3.85,3.85,180762,116687
NAGREEKCAP,20170816,15.5,15.5,13.15,14.15,1199,704
NAGREEKEXP,20170816,29.2,29.2,28.1,28.1,1362,1200
NAHARCAP,20170816,108.05,111.2,108.0,109.05,9312,7789
NAHARINDUS,20170816,92.1,94.65,90.15,91.1,84601,63692
NAHARPOLY,20170816,49.5,53.75,49.5,51.45,4902,2467
NAHARSPING,20170816,105.5,105.75,102.6,104.95,46584,28024
NAKODA,20170816,0.3,0.35,0.3,0.35,70853,69960
NANDANI,20170816,50.0,50.0,50.0,50.0,2000,2000
NATCOPHARM,20170816,750.0,770.0,740.1,763.45,561935,188865
NATHBIOGEN,20170816,346.0,359.7,346.0,349.95,74323,32547
NATIONALUM,20170816,66.55,70.75,65.85,69.15,3932625,1919351
NAUKRI,20170816,969.05,975.1,947.65,953.9,431369,371686
NAVINFLUOR,20170816,699.3,718.15,699.3,703.4,38255,19157
NAVKARCORP,20170816,190.85,197.1,190.85,195.25,12960,8062
NAVNETEDUL,20170816,155.0,160.0,155.0,157.45,40033,24524
NBCC,20170816,209.7,212.5,206.6,208.4,1768842,608563
NBIFIN,20170816,3570.0,3700.0,3425.0,3573.9,284,259
NBVENTURES,20170816,130.0,130.0,126.2,127.3,109002,77663
NCC,20170816,86.5,87.9,85.0,87.55,1579339,372046
NCLIND,20170816,218.0,224.15,215.5,221.65,264529,158855
NDGL,20170816,573.75,573.8,547.0,549.3,278,18
NDL,20170816,130.25,141.0,130.25,139.9,254967,91571
NDTV,20170816,39.25,39.9,39.0,39.15,42970,32594
NECCLTD,20170816,44.95,44.95,43.45,43.55,79649,50992
NECLIFE,20170816,27.6,27.9,26.8,27.7,210879,131263
NELCAST,20170816,64.15,64.65,61.3,63.65,70946,35939
NELCO,20170816,88.95,91.5,88.4,90.9,99728,40272
NESCO,20170816,2401.25,2411.95,2386.0,2393.7,4002,3408
NESTLEIND,20170816,6602.0,6739.85,6602.0,6680.3,18636,10847
NETWORK18,20170816,52.7,54.5,51.55,53.4,503592,228182
NEULANDLAB,20170816,1282.25,1304.95,1272.0,1278.95,3148,2058
NEXTMEDIA,20170816,18.2,18.75,18.05,18.7,67746,59757
NFL,20170816,63.8,65.8,63.0,63.95,1284235,365679
NH,20170816,303.9,303.9,297.4,298.95,28762,24293
NHAI,20170816,1170.0,1174.99,1169.0,1174.42,4238,3451
NHAI,20170816,1170.0,1174.99,1169.0,1174.42,1664,1564
NHAI,20170816,1170.0,1174.99,1169.0,1174.42,200,100
NHAI,20170816,1170.0,1174.99,1169.0,1174.42,2270,2270
NHAI,20170816,1170.0,1174.99,1169.0,1174.42,1382,1131
NHAI,20170816,1170.0,1174.99,1169.0,1174.42,2430,1600
NHAI,20170816,1170.0,1174.99,1169.0,1174.42,1150,800
NHAI,20170816,1243.0,1255.0,1243.0,1254.8,4238,3451
NHAI,20170816,1243.0,1255.0,1243.0,1254.8,1664,1564
NHAI,20170816,1243.0,1255.0,1243.0,1254.8,200,100
NHAI,20170816,1243.0,1255.0,1243.0,1254.8,2270,2270
NHAI,20170816,1243.0,1255.0,1243.0,1254.8,1382,1131
NHAI,20170816,1243.0,1255.0,1243.0,1254.8,2430,1600
NHAI,20170816,1243.0,1255.0,1243.0,1254.8,1150,800
NHAI,20170816,1250.0,1250.0,1250.0,1250.0,4238,3451
NHAI,20170816,1250.0,1250.0,1250.0,1250.0,1664,1564
NHAI,20170816,1250.0,1250.0,1250.0,1250.0,200,100
NHAI,20170816,1250.0,1250.0,1250.0,1250.0,2270,2270
NHAI,20170816,1250.0,1250.0,1250.0,1250.0,1382,1131
NHAI,20170816,1250.0,1250.0,1250.0,1250.0,2430,1600
NHAI,20170816,1250.0,1250.0,1250.0,1250.0,1150,800
NHAI,20170816,1258.0,1264.85,1257.0,1258.75,4238,3451
NHAI,20170816,1258.0,1264.85,1257.0,1258.75,1664,1564
NHAI,20170816,1258.0,1264.85,1257.0,1258.75,200,100
NHAI,20170816,1258.0,1264.85,1257.0,1258.75,2270,2270
NHAI,20170816,1258.0,1264.85,1257.0,1258.75,1382,1131
NHAI,20170816,1258.0,1264.85,1257.0,1258.75,2430,1600
NHAI,20170816,1258.0,1264.85,1257.0,1258.75,1150,800
NHAI,20170816,1102.0,1105.0,1102.0,1104.99,4238,3451
NHAI,20170816,1102.0,1105.0,1102.0,1104.99,1664,1564
NHAI,20170816,1102.0,1105.0,1102.0,1104.99,200,100
NHAI,20170816,1102.0,1105.0,1102.0,1104.99,2270,2270
NHAI,20170816,1102.0,1105.0,1102.0,1104.99,1382,1131
NHAI,20170816,1102.0,1105.0,1102.0,1104.99,2430,1600
NHAI,20170816,1102.0,1105.0,1102.0,1104.99,1150,800
NHAI,20170816,1169.85,1169.85,1164.0,1164.01,4238,3451
NHAI,20170816,1169.85,1169.85,1164.0,1164.01,1664,1564
NHAI,20170816,1169.85,1169.85,1164.0,1164.01,200,100
NHAI,20170816,1169.85,1169.85,1164.0,1164.01,2270,2270
NHAI,20170816,1169.85,1169.85,1164.0,1164.01,1382,1131
NHAI,20170816,1169.85,1169.85,1164.0,1164.01,2430,1600
NHAI,20170816,1169.85,1169.85,1164.0,1164.01,1150,800
NHAI,20170816,1200.6,1216.73,1200.0,1207.59,4238,3451
NHAI,20170816,1200.6,1216.73,1200.0,1207.59,1664,1564
NHAI,20170816,1200.6,1216.73,1200.0,1207.59,200,100
NHAI,20170816,1200.6,1216.73,1200.0,1207.59,2270,2270
NHAI,20170816,1200.6,1216.73,1200.0,1207.59,1382,1131
NHAI,20170816,1200.6,1216.73,1200.0,1207.59,2430,1600
NHAI,20170816,1200.6,1216.73,1200.0,1207.59,1150,800
NHBTF2014,20170816,6780.0,6780.0,6768.0,6770.0,238,238
NHBTF2023,20170816,6600.0,6600.0,6600.0,6600.0,5,5
NHBTF2023,20170816,6600.0,6600.0,6600.0,6600.0,19,19
NHBTF2023,20170816,6600.0,6600.0,6600.0,6600.0,100,100
NHBTF2023,20170816,5750.0,5750.0,5750.0,5750.0,5,5
NHBTF2023,20170816,5750.0,5750.0,5750.0,5750.0,19,19
NHBTF2023,20170816,5750.0,5750.0,5750.0,5750.0,100,100
NHBTF2023,20170816,6600.0,6600.0,6600.0,6600.0,5,5
NHBTF2023,20170816,6600.0,6600.0,6600.0,6600.0,19,19
NHBTF2023,20170816,6600.0,6600.0,6600.0,6600.0,100,100
NHPC,20170816,31.35,31.4,30.6,31.1,3155001,1461710
NHPC,20170816,31.35,31.4,30.6,31.1,1,1
NHPC,20170816,1438.99,1438.99,1438.99,1438.99,3155001,1461710
NHPC,20170816,1438.99,1438.99,1438.99,1438.99,1,1
NIBL,20170816,29.6,30.0,28.05,28.7,22633,20571
NIF100IWIN,20170816,106.43,107.28,106.43,107.28,1048,601
NIFTYBEES,20170816,1011.21,1021.35,1005.3,1020.84,48133,33796
NIFTYIWIN,20170816,100.45,101.81,100.22,101.68,193126,131969
NIITLTD,20170816,87.05,91.9,86.65,91.35,762141,338307
NIITTECH,20170816,485.7,498.5,485.7,490.85,295394,48679
NILAINFRA,20170816,16.8,17.1,16.3,16.8,663855,319802
NILKAMAL,20170816,1590.0,1618.8,1581.45,1603.35,35512,12391
NIPPOBATRY,20170816,896.9,897.0,867.1,882.65,904,747
NITCO,20170816,61.75,64.25,60.2,63.35,184041,61703
NITESHEST,20170816,8.9,9.25,8.75,9.0,177859,110044
NITINFIRE,20170816,4.55,4.95,4.55,4.8,1769689,1148258
NITINSPIN,20170816,112.45,115.1,111.0,112.5,124135,66807
NLCINDIA,20170816,97.85,98.0,95.85,96.55,172193,124542
NMDC,20170816,121.9,122.2,119.3,121.15,2614358,1055009
NOCIL,20170816,134.0,134.85,131.0,132.5,856298,395683
NOIDATOLL,20170816,8.55,8.8,8.3,8.35,192944,160242
NRAIL,20170816,264.05,265.0,255.1,262.6,10668,6161
NRBBEARING,20170816,118.0,119.9,117.9,118.15,22871,12406
NSIL,20170816,1148.4,1150.0,1081.0,1107.6,1073,778
NTL,20170816,3.9,4.5,3.9,4.15,7122,5941
NTPC,20170816,171.5,173.5,169.65,170.1,5757929,3740636
NTPC,20170816,171.5,173.5,169.65,170.1,1,1
NTPC,20170816,171.5,173.5,169.65,170.1,342,342
NTPC,20170816,171.5,173.5,169.65,170.1,23623,23379
NTPC,20170816,171.5,173.5,169.65,170.1,97,97
NTPC,20170816,171.5,173.5,169.65,170.1,221,221
NTPC,20170816,1325.0,1325.0,1325.0,1325.0,5757929,3740636
NTPC,20170816,1325.0,1325.0,1325.0,1325.0,1,1
NTPC,20170816,1325.0,1325.0,1325.0,1325.0,342,342
NTPC,20170816,1325.0,1325.0,1325.0,1325.0,23623,23379
NTPC,20170816,1325.0,1325.0,1325.0,1325.0,97,97
NTPC,20170816,1325.0,1325.0,1325.0,1325.0,221,221
NTPC,20170816,1344.9,1344.9,1340.0,1344.15,5757929,3740636
NTPC,20170816,1344.9,1344.9,1340.0,1344.15,1,1
NTPC,20170816,1344.9,1344.9,1340.0,1344.15,342,342
NTPC,20170816,1344.9,1344.9,1340.0,1344.15,23623,23379
NTPC,20170816,1344.9,1344.9,1340.0,1344.15,97,97
NTPC,20170816,1344.9,1344.9,1340.0,1344.15,221,221
NTPC,20170816,13.55,13.56,13.45,13.55,5757929,3740636
NTPC,20170816,13.55,13.56,13.45,13.55,1,1
NTPC,20170816,13.55,13.56,13.45,13.55,342,342
NTPC,20170816,13.55,13.56,13.45,13.55,23623,23379
NTPC,20170816,13.55,13.56,13.45,13.55,97,97
NTPC,20170816,13.55,13.56,13.45,13.55,221,221
NTPC,20170816,1124.0,1124.0,1123.85,1123.85,5757929,3740636
NTPC,20170816,1124.0,1124.0,1123.85,1123.85,1,1
NTPC,20170816,1124.0,1124.0,1123.85,1123.85,342,342
NTPC,20170816,1124.0,1124.0,1123.85,1123.85,23623,23379
NTPC,20170816,1124.0,1124.0,1123.85,1123.85,97,97
NTPC,20170816,1124.0,1124.0,1123.85,1123.85,221,221
NTPC,20170816,1206.1,1210.05,1206.1,1210.0,5757929,3740636
NTPC,20170816,1206.1,1210.05,1206.1,1210.0,1,1
NTPC,20170816,1206.1,1210.05,1206.1,1210.0,342,342
NTPC,20170816,1206.1,1210.05,1206.1,1210.0,23623,23379
NTPC,20170816,1206.1,1210.05,1206.1,1210.0,97,97
NTPC,20170816,1206.1,1210.05,1206.1,1210.0,221,221
NUCLEUS,20170816,280.95,282.55,279.0,280.4,9865,6177
NV20IWIN,20170816,43.06,43.12,43.06,43.12,32,32
OBEROIRLTY,20170816,378.0,378.0,367.2,370.05,272734,229060
OCCL,20170816,1172.0,1214.4,1172.0,1198.2,3768,2135
OCL,20170816,1200.0,1221.0,1200.0,1219.3,4468,2455
OFSS,20170816,3599.0,3605.0,3525.0,3562.75,11764,5925
OIL,20170816,280.0,288.0,277.75,286.45,358896,181181
OILCOUNTUB,20170816,42.45,42.45,40.65,41.6,7153,4699
OISL,20170816,3.95,3.95,3.6,3.8,53339,44413
OMAXAUTO,20170816,70.0,70.75,68.15,69.95,20309,7911
OMAXE,20170816,204.0,204.05,199.9,200.95,424883,104961
OMKARCHEM,20170816,82.75,89.85,82.75,87.85,418247,157364
OMMETALS,20170816,55.05,55.95,54.2,54.85,113113,41738
ONELIFECAP,20170816,24.45,24.45,23.0,23.15,11347,6139
ONGC,20170816,161.7,161.75,159.5,160.95,6213088,4169869
ONMOBILE,20170816,60.95,62.75,60.1,60.8,190295,70001
ONWARDTEC,20170816,96.0,96.8,94.05,95.7,9181,6059
OPTIEMUS,20170816,52.5,56.5,52.5,55.0,12426,9853
OPTOCIRCUI,20170816,8.0,8.25,7.95,8.05,620020,315795
ORBTEXP,20170816,143.1,143.1,141.0,141.6,2922,1624
ORCHIDPHAR,20170816,25.4,25.4,24.8,25.1,155554,94517
ORICONENT,20170816,55.55,57.1,55.55,56.25,161409,90536
ORIENTABRA,20170816,28.8,29.0,28.5,28.75,18309,12407
ORIENTALTL,20170816,10.9,11.0,8.8,9.9,182807,122361
ORIENTBANK,20170816,119.4,124.75,117.4,124.0,3281831,410230
ORIENTBELL,20170816,254.0,264.8,243.8,260.35,27817,15809
ORIENTCEM,20170816,155.0,155.3,152.3,153.5,47329,28021
ORIENTHOT,20170816,34.05,34.4,33.7,33.95,16985,12345
ORIENTPPR,20170816,96.65,98.8,94.55,97.5,257630,214554
ORIENTREF,20170816,129.1,135.0,129.1,134.35,23174,16980
ORISSAMINE,20170816,1737.0,1739.0,1714.0,1733.75,3103,1784
ORTEL,20170816,28.5,29.7,27.15,27.15,35860,29651
ORTINLABSS,20170816,16.8,17.9,16.15,17.0,25642,15381
PAGEIND,20170816,16669.65,17100.0,16599.95,17071.35,11120,3873
PALREDTEC,20170816,89.0,92.5,89.0,89.6,807,481
PANACEABIO,20170816,145.0,152.2,141.5,150.0,80252,52616
PANACHE,20170816,99.5,99.7,97.0,97.0,6400,1600
PANAMAPET,20170816,194.4,198.9,191.5,196.35,248513,129068
PANORAMUNI,20170816,8.1,8.1,7.65,7.9,10140,8238
PAPERPROD,20170816,226.8,235.65,226.2,233.75,16410,9872
PARABDRUGS,20170816,6.75,6.8,6.5,6.7,55275,40540
PARAGMILK,20170816,238.05,240.4,234.6,238.25,85768,46080
PARSVNATH,20170816,20.15,20.9,19.35,20.0,2495790,719404
PATELENG,20170816,70.75,73.5,69.5,71.55,302491,90036
PATINTLOG,20170816,75.6,79.55,75.55,77.45,42999,14264
PATSPINLTD,20170816,23.7,24.3,22.5,23.95,28936,20715
PBAINFRA,20170816,16.9,16.9,15.25,15.65,39301,23237
PCJEWELLER,20170816,332.3,349.0,324.05,345.05,3099419,381434
PDMJEPAPER,20170816,26.0,26.25,25.3,25.85,6996,5546
PDPL,20170816,19.7,20.0,18.9,19.1,5221,4469
PDSMFL,20170816,246.0,250.45,246.0,249.55,958,958
PDUMJEIND,20170816,11.9,12.65,11.8,12.35,26969,16010
PDUMJEPULP,20170816,21.8,22.5,21.45,22.2,25783,4212
PEL,20170816,2769.9,2776.95,2701.25,2748.85,200956,113252
PENIND,20170816,55.55,58.3,55.4,56.3,1713626,908522
PENINLAND,20170816,18.5,19.15,18.15,18.8,183756,92702
PENPEBS,20170816,101.45,103.95,89.9,92.6,136717,81577
PERFECT,20170816,19.6,23.15,19.6,23.05,114000,102000
PERSISTENT,20170816,612.0,639.45,610.0,625.2,230601,199975
PETRONET,20170816,219.2,230.7,218.2,229.6,9606276,6263345
PFC,20170816,119.0,120.3,116.3,118.5,4413072,1638635
PFC,20170816,119.0,120.3,116.3,118.5,220,220
PFC,20170816,119.0,120.3,116.3,118.5,850,850
PFC,20170816,1160.0,1160.0,1156.6,1160.0,4413072,1638635
PFC,20170816,1160.0,1160.0,1156.6,1160.0,220,220
PFC,20170816,1160.0,1160.0,1156.6,1160.0,850,850
PFC,20170816,1340.01,1340.01,1317.0,1330.0,4413072,1638635
PFC,20170816,1340.01,1340.01,1317.0,1330.0,220,220
PFC,20170816,1340.01,1340.01,1317.0,1330.0,850,850
PFIZER,20170816,1800.1,1800.1,1777.85,1787.25,10717,4791
PFOCUS,20170816,105.0,105.1,101.0,102.05,103926,74435
PFS,20170816,37.5,37.7,36.45,36.65,2210125,1671584
PGEL,20170816,332.85,351.8,329.05,350.05,213062,126943
PGHH,20170816,8131.5,8225.0,8101.15,8191.85,1630,947
PGIL,20170816,147.65,151.7,147.65,150.35,6781,5164
PHILIPCARB,20170816,631.0,640.0,626.0,629.6,221149,121185
PHOENIXLL,20170816,205.0,214.8,197.8,203.3,6594,1316
PHOENIXLTD,20170816,515.7,535.0,515.7,524.65,197474,165141
PIDILITIND,20170816,815.0,824.0,808.9,817.9,302585,149622
PIIND,20170816,712.6,750.0,712.6,743.0,237315,166569
PILITA,20170816,12.4,13.0,12.2,12.3,20386,11034
PINCON,20170816,52.0,57.3,50.35,55.45,2746741,872653
PIONEEREMB,20170816,42.5,42.5,38.75,39.8,57663,21067
PITTILAM,20170816,52.3,52.45,50.5,52.05,16336,13966
PKTEA,20170816,148.0,148.0,142.5,145.75,339,329
PLASTIBLEN,20170816,252.4,257.95,250.05,254.3,7100,5485
PNB,20170816,143.9,149.1,140.7,147.55,8003091,807207
PNBGILTS,20170816,52.0,53.15,51.6,52.95,291604,165818
PNBHOUSING,20170816,1509.4,1554.0,1495.0,1544.95,206223,110494
PNCINFRA,20170816,139.2,140.9,136.95,140.35,92960,65446
POCHIRAJU,20170816,4.55,4.55,4.3,4.35,15085,14292
PODDARHOUS,20170816,1025.0,1079.85,965.05,1060.05,1587,1578
PODDARMENT,20170816,259.0,268.0,252.0,265.05,4640,2431
POKARNA,20170816,1234.0,1246.9,1225.0,1231.9,4109,2570
POLARIS,20170816,235.25,242.4,234.3,240.8,48741,27118
POLYMED,20170816,224.9,224.9,207.3,209.8,13404,9354
POLYPLEX,20170816,438.0,445.05,432.85,440.9,25725,18925
PONNIERODE,20170816,176.0,176.0,171.0,173.9,1473,973
POWERGRID,20170816,223.7,224.65,219.65,220.7,2937370,2305542
POWERMECH,20170816,553.35,575.0,550.0,556.45,2666,1967
PPAP,20170816,342.0,359.0,331.0,348.85,17747,10541
PRABHAT,20170816,132.5,132.8,127.5,131.15,340345,224763
PRADIP,20170816,1.95,2.3,1.95,2.0,36719,29199
PRAENG,20170816,7.85,8.15,7.75,7.9,59208,39612
PRAJIND,20170816,67.2,72.6,67.2,71.5,722665,326881
PRAKASH,20170816,106.7,118.8,106.65,115.75,5548202,1867362
PRAKASHCON,20170816,3.95,3.95,3.75,3.8,152984,99921
PRATIBHA,20170816,9.0,9.15,8.75,8.8,207871,145167
PRECAM,20170816,111.0,111.0,107.5,109.65,24697,18711
PRECOT,20170816,73.95,81.9,72.0,81.15,10819,10213
PRECWIRE,20170816,138.6,139.8,136.7,138.85,7581,3576
PREMEXPLN,20170816,462.0,472.4,460.05,470.75,18346,10146
PREMIER,20170816,29.25,29.7,28.8,29.45,9741,6688
PRESSMN,20170816,60.05,61.0,58.3,59.4,33173,25717
PRESTIGE,20170816,271.0,277.0,266.0,266.6,367783,124950
PRICOLLTD,20170816,83.4,83.7,81.85,82.75,89839,49630
PRIMESECU,20170816,34.4,35.95,33.8,35.95,41360,32075
PRISMCEM,20170816,113.95,114.4,111.1,112.65,60178,32529
PROLIFE,20170816,31.1,31.5,31.1,31.5,12000,12000
PROVOGE,20170816,4.3,4.3,4.0,4.1,74630,57412
PROZONINTU,20170816,40.0,40.25,39.25,39.6,83263,53863
PSB,20170816,48.65,49.55,48.4,49.15,62646,35911
PSL,20170816,4.4,4.4,4.2,4.25,92105,77605
PSPPROJECT,20170816,312.25,312.25,307.0,308.4,62852,54047
PSUBNKBEES,20170816,368.0,375.65,361.0,374.5,743,347
PTC,20170816,114.85,116.4,113.35,115.9,1842425,410414
PTL,20170816,40.95,41.7,40.05,40.4,5904,4455
PUNJABCHEM,20170816,351.95,360.0,350.0,355.45,18206,12265
PUNJLLOYD,20170816,19.5,20.15,19.35,19.85,1084507,526979
PURVA,20170816,70.1,72.4,70.1,72.2,92909,46276
PUSHPREALM,20170816,56.05,57.75,56.0,57.65,14000,10000
PVP,20170816,4.8,4.95,4.7,4.9,81446,75783
PVR,20170816,1290.05,1333.45,1274.05,1329.2,363066,254727
QGOLDHALF,20170816,1308.25,1308.25,1280.0,1287.0,432,339
QNIFTY,20170816,1067.2,1067.2,1066.3,1066.75,2,0
QUESS,20170816,893.0,908.0,882.5,894.85,31737,16979
QUICKHEAL,20170816,183.95,189.7,182.15,188.2,123257,51305
QUINTEGRA,20170816,2.4,2.4,2.4,2.4,1005,1005
RADAAN,20170816,1.35,1.35,1.3,1.3,700,700
RADICO,20170816,144.55,164.3,142.75,161.5,2273167,1096662
RADIOCITY,20170816,362.0,377.95,361.95,372.5,50750,33620
RAIN,20170816,121.0,127.55,121.0,126.6,1848161,1016914
RAINBOWPAP,20170816,4.05,4.05,3.9,4.05,17987,14909
RAJESHEXPO,20170816,711.45,732.0,710.0,718.85,817719,269549
RAJOIL,20170816,1.35,1.4,1.25,1.3,74246,44706
RAJSREESUG,20170816,54.95,55.0,53.55,54.85,21134,11204
RAJTV,20170816,60.85,61.5,60.85,61.25,1475,1310
RALLIS,20170816,232.0,233.95,225.1,225.95,238046,125975
RAMANEWS,20170816,23.95,27.5,22.15,27.15,356832,165681
RAMASTEEL,20170816,125.0,126.8,123.4,125.0,22854,11739
RAMCOCEM,20170816,672.35,702.0,672.35,693.5,174530,69004
RAMCOIND,20170816,234.8,238.95,231.45,232.0,79999,37362
RAMCOSYS,20170816,364.5,365.0,355.0,358.2,26575,11776
RAMKY,20170816,81.1,84.0,79.2,80.4,134997,85543
RANASUG,20170816,8.05,8.4,8.0,8.15,306754,145132
RANEENGINE,20170816,583.0,624.0,583.0,609.45,10893,4532
RANEHOLDIN,20170816,1620.0,1659.0,1601.3,1637.3,10395,4339
RATNAMANI,20170816,810.05,834.85,802.0,831.45,3102,2102
RAYMOND,20170816,737.9,749.25,730.55,738.55,321891,95499
RBL,20170816,1190.0,1361.8,1184.1,1323.15,109658,16582
RBLBANK,20170816,499.05,526.7,499.0,523.9,1816633,829814
RCF,20170816,94.0,96.15,92.5,93.95,4542031,1225156
RCOM,20170816,24.0,24.0,22.55,23.35,24419101,3447662
RDEL,20170816,53.65,53.65,52.0,53.35,1413445,394199
RECLTD,20170816,167.0,168.8,162.45,164.15,4600403,2291175
RECLTD,20170816,167.0,168.8,162.45,164.15,201,200
RECLTD,20170816,167.0,168.8,162.45,164.15,1,1
RECLTD,20170816,167.0,168.8,162.45,164.15,10,5
RECLTD,20170816,167.0,168.8,162.45,164.15,2,1
RECLTD,20170816,167.0,168.8,162.45,164.15,680,590
RECLTD,20170816,167.0,168.8,162.45,164.15,200,200
RECLTD,20170816,167.0,168.8,162.45,164.15,107,107
RECLTD,20170816,1111.0,1111.0,1110.0,1110.0,4600403,2291175
RECLTD,20170816,1111.0,1111.0,1110.0,1110.0,201,200
RECLTD,20170816,1111.0,1111.0,1110.0,1110.0,1,1
RECLTD,20170816,1111.0,1111.0,1110.0,1110.0,10,5
RECLTD,20170816,1111.0,1111.0,1110.0,1110.0,2,1
RECLTD,20170816,1111.0,1111.0,1110.0,1110.0,680,590
RECLTD,20170816,1111.0,1111.0,1110.0,1110.0,200,200
RECLTD,20170816,1111.0,1111.0,1110.0,1110.0,107,107
RECLTD,20170816,1185.0,1185.0,1185.0,1185.0,4600403,2291175
RECLTD,20170816,1185.0,1185.0,1185.0,1185.0,201,200
RECLTD,20170816,1185.0,1185.0,1185.0,1185.0,1,1
RECLTD,20170816,1185.0,1185.0,1185.0,1185.0,10,5
RECLTD,20170816,1185.0,1185.0,1185.0,1185.0,2,1
RECLTD,20170816,1185.0,1185.0,1185.0,1185.0,680,590
RECLTD,20170816,1185.0,1185.0,1185.0,1185.0,200,200
RECLTD,20170816,1185.0,1185.0,1185.0,1185.0,107,107
RECLTD,20170816,1400.0,1400.0,1245.0,1248.0,4600403,2291175
RECLTD,20170816,1400.0,1400.0,1245.0,1248.0,201,200
RECLTD,20170816,1400.0,1400.0,1245.0,1248.0,1,1
RECLTD,20170816,1400.0,1400.0,1245.0,1248.0,10,5
RECLTD,20170816,1400.0,1400.0,1245.0,1248.0,2,1
RECLTD,20170816,1400.0,1400.0,1245.0,1248.0,680,590
RECLTD,20170816,1400.0,1400.0,1245.0,1248.0,200,200
RECLTD,20170816,1400.0,1400.0,1245.0,1248.0,107,107
RECLTD,20170816,1199.99,1199.99,1190.0,1190.0,4600403,2291175
RECLTD,20170816,1199.99,1199.99,1190.0,1190.0,201,200
RECLTD,20170816,1199.99,1199.99,1190.0,1190.0,1,1
RECLTD,20170816,1199.99,1199.99,1190.0,1190.0,10,5
RECLTD,20170816,1199.99,1199.99,1190.0,1190.0,2,1
RECLTD,20170816,1199.99,1199.99,1190.0,1190.0,680,590
RECLTD,20170816,1199.99,1199.99,1190.0,1190.0,200,200
RECLTD,20170816,1199.99,1199.99,1190.0,1190.0,107,107
RECLTD,20170816,1263.1,1270.0,1263.1,1266.0,4600403,2291175
RECLTD,20170816,1263.1,1270.0,1263.1,1266.0,201,200
RECLTD,20170816,1263.1,1270.0,1263.1,1266.0,1,1
RECLTD,20170816,1263.1,1270.0,1263.1,1266.0,10,5
RECLTD,20170816,1263.1,1270.0,1263.1,1266.0,2,1
RECLTD,20170816,1263.1,1270.0,1263.1,1266.0,680,590
RECLTD,20170816,1263.1,1270.0,1263.1,1266.0,200,200
RECLTD,20170816,1263.1,1270.0,1263.1,1266.0,107,107
RECLTD,20170816,1210.0,1210.0,1209.38,1209.38,4600403,2291175
RECLTD,20170816,1210.0,1210.0,1209.38,1209.38,201,200
RECLTD,20170816,1210.0,1210.0,1209.38,1209.38,1,1
RECLTD,20170816,1210.0,1210.0,1209.38,1209.38,10,5
RECLTD,20170816,1210.0,1210.0,1209.38,1209.38,2,1
RECLTD,20170816,1210.0,1210.0,1209.38,1209.38,680,590
RECLTD,20170816,1210.0,1210.0,1209.38,1209.38,200,200
RECLTD,20170816,1210.0,1210.0,1209.38,1209.38,107,107
RECLTD,20170816,1175.6,1175.6,1175.5,1175.5,4600403,2291175
RECLTD,20170816,1175.6,1175.6,1175.5,1175.5,201,200
RECLTD,20170816,1175.6,1175.6,1175.5,1175.5,1,1
RECLTD,20170816,1175.6,1175.6,1175.5,1175.5,10,5
RECLTD,20170816,1175.6,1175.6,1175.5,1175.5,2,1
RECLTD,20170816,1175.6,1175.6,1175.5,1175.5,680,590
RECLTD,20170816,1175.6,1175.6,1175.5,1175.5,200,200
RECLTD,20170816,1175.6,1175.6,1175.5,1175.5,107,107
REDINGTON,20170816,147.35,150.0,144.3,147.2,323391,203206
REFEX,20170816,13.2,13.85,13.15,13.35,13473,8901
RELAXO,20170816,493.3,495.0,486.45,492.95,8806,5436
RELCAPITAL,20170816,775.4,795.0,775.2,791.2,4192133,696490
RELCNX100,20170816,104.0,104.52,104.0,104.52,77,67
RELCONS,20170816,46.47,46.52,46.1,46.36,1832,1000
RELDIVOPP,20170816,26.6,26.78,26.6,26.78,1021,997
RELIANCE,20170816,1572.0,1576.0,1550.2,1566.1,3103394,1481871
RELIFIN,20170816,1720.0,1720.0,1715.0,1715.0,50,50
RELIFIN,20170816,1720.0,1720.0,1715.0,1715.0,427,427
RELIFIN,20170816,1744.0,1744.0,1701.05,1724.99,50,50
RELIFIN,20170816,1744.0,1744.0,1701.05,1724.99,427,427
RELIGARE,20170816,83.95,83.95,68.5,69.6,2672219,1396910
RELINFRA,20170816,490.4,502.6,482.2,494.35,2104952,337269
REMSONSIND,20170816,66.4,66.4,66.4,66.4,45,45
RENUKA,20170816,16.8,16.95,16.5,16.7,1740099,700856
REPCOHOME,20170816,668.1,700.65,668.1,697.05,297312,173704
REPRO,20170816,502.0,513.0,500.05,512.2,4118,3197
RESPONIND,20170816,52.85,53.0,46.7,47.9,86176,70827
REVATHI,20170816,700.75,719.95,686.85,704.85,597,437
RHFL,20170816,1035.0,1035.15,1030.0,1030.0,815,815
RHFL,20170816,1035.0,1035.15,1030.0,1030.0,110,110
RHFL,20170816,1035.0,1035.15,1030.0,1030.0,50,50
RHFL,20170816,1053.9,1054.0,1053.9,1053.9,815,815
RHFL,20170816,1053.9,1054.0,1053.9,1053.9,110,110
RHFL,20170816,1053.9,1054.0,1053.9,1053.9,50,50
RHFL,20170816,1045.05,1045.05,1045.04,1045.04,815,815
RHFL,20170816,1045.05,1045.05,1045.04,1045.04,110,110
RHFL,20170816,1045.05,1045.05,1045.04,1045.04,50,50
RICOAUTO,20170816,70.0,73.75,67.65,73.45,860215,345734
RIIL,20170816,410.95,417.2,408.5,414.9,149819,26284
RJL,20170816,189.0,189.0,183.3,185.25,13692,9917
RKDL,20170816,8.5,8.75,8.3,8.6,18550,10140
RKFORGE,20170816,538.1,567.0,533.6,563.05,44337,13456
RMCL,20170816,29.15,29.5,28.0,28.6,490862,360395
RML,20170816,483.1,516.0,483.1,511.85,30382,10339
ROHLTD,20170816,109.85,109.85,107.05,107.85,8054,6065
ROLTA,20170816,54.8,55.9,54.3,54.75,761949,305914
ROSSELLIND,20170816,95.0,100.4,95.0,100.15,3731,2594
RPGLIFE,20170816,310.1,323.0,296.7,317.0,32843,16889
RPOWER,20170816,41.0,41.0,39.7,40.65,4439909,677680
RPPINFRA,20170816,244.7,258.0,242.6,248.65,32708,12793
RSSOFTWARE,20170816,62.0,63.5,60.45,61.95,91988,48678
RSWM,20170816,341.0,349.95,335.0,348.15,14768,11990
RSYSTEMS,20170816,39.8,39.95,38.1,39.75,16587,11774
RTNINFRA,20170816,5.6,5.65,5.6,5.65,249855,199304
RTNPOWER,20170816,6.05,6.1,5.85,5.95,1204362,684187
RUBYMILLS,20170816,306.0,315.0,306.0,314.4,9201,4756
RUCHIRA,20170816,154.0,155.95,151.25,155.15,38637,19541
RUCHISOYA,20170816,23.45,23.7,22.1,22.9,491308,129764
RUPA,20170816,418.0,440.45,418.0,424.4,101286,26911
RUSHIL,20170816,761.0,790.2,758.0,761.85,7523,2075
SABEVENTS,20170816,47.5,50.85,47.0,47.0,7009,3
SABTN,20170816,227.0,234.75,220.2,222.7,30753,890
SADBHAV,20170816,279.7,281.5,265.0,266.6,130755,73895
SADBHIN,20170816,103.05,103.85,100.3,103.7,9106,7182
SAGCEM,20170816,820.05,821.15,815.9,816.65,827,673
SAIL,20170816,58.4,59.7,57.0,59.25,6459649,2041397
SAKAR,20170816,49.0,49.0,49.0,49.0,3000,3000
SAKHTISUG,20170816,26.65,27.15,26.55,26.8,86351,40913
SAKSOFT,20170816,192.0,202.9,192.0,201.85,6508,3926
SAKUMA,20170816,100.15,104.75,98.15,102.1,34082,20557
SALASAR,20170816,228.95,229.9,220.5,221.75,118349,41890
SALONA,20170816,55.2,57.95,55.2,56.5,1942,1289
SALSTEEL,20170816,7.45,7.45,6.5,6.9,43875,30474
SALZERELEC,20170816,190.55,193.65,185.5,189.55,12656,7401
SAMBHAAV,20170816,11.5,12.0,11.25,11.85,54184,37582
SANDESH,20170816,887.0,895.0,870.25,873.15,843,602
SANGAMIND,20170816,265.0,265.0,257.0,258.7,2314,1446
SANGHIIND,20170816,79.45,81.35,77.3,80.9,1232666,709348
SANGHVIFOR,20170816,38.0,39.0,35.3,37.6,2649,1871
SANGHVIMOV,20170816,156.15,156.8,140.4,141.85,247580,148790
SANOFI,20170816,4151.9,4151.9,4100.0,4104.35,1097,855
SANWARIA,20170816,7.05,7.2,7.05,7.2,2112972,1063955
SARDAEN,20170816,359.0,376.8,337.2,368.85,408721,98314
SAREGAMA,20170816,376.2,384.0,371.0,374.4,132174,53661
SARLAPOLY,20170816,44.4,45.5,43.7,44.0,753360,740319
SASKEN,20170816,450.05,473.0,450.05,461.85,21921,6524
SATHAISPAT,20170816,38.7,38.7,37.0,38.05,21081,16731
SATIN,20170816,265.0,280.85,265.0,277.75,173342,80789
SBIN,20170816,279.05,283.9,274.2,283.1,21074533,7035736
SBIN,20170816,279.05,283.9,274.2,283.1,54,50
SBIN,20170816,279.05,283.9,274.2,283.1,187,187
SBIN,20170816,279.05,283.9,274.2,283.1,1,1
SBIN,20170816,11299.99,11980.0,11299.99,11563.74,21074533,7035736
SBIN,20170816,11299.99,11980.0,11299.99,11563.74,54,50
SBIN,20170816,11299.99,11980.0,11299.99,11563.74,187,187
SBIN,20170816,11299.99,11980.0,11299.99,11563.74,1,1
SBIN,20170816,11630.0,11675.0,11600.0,11630.0,21074533,7035736
SBIN,20170816,11630.0,11675.0,11600.0,11630.0,54,50
SBIN,20170816,11630.0,11675.0,11600.0,11630.0,187,187
SBIN,20170816,11630.0,11675.0,11600.0,11630.0,1,1
SBIN,20170816,11100.0,11100.0,11100.0,11100.0,21074533,7035736
SBIN,20170816,11100.0,11100.0,11100.0,11100.0,54,50
SBIN,20170816,11100.0,11100.0,11100.0,11100.0,187,187
SBIN,20170816,11100.0,11100.0,11100.0,11100.0,1,1
SCHAEFFLER,20170816,4530.0,4530.0,4325.5,4396.0,2235,2037
SCHAND,20170816,495.8,516.6,484.55,505.85,128877,63423
SCHNEIDER,20170816,120.0,122.7,119.75,121.15,40938,25240
SCI,20170816,83.95,85.35,82.7,84.4,639131,301480
SDBL,20170816,143.45,144.0,139.0,141.35,38819,11578
SEAMECLTD,20170816,164.35,166.55,155.5,160.95,38578,11142
SEINV,20170816,196.0,197.5,187.0,188.75,8198,3328
SELAN,20170816,161.85,163.95,161.15,162.4,32183,21129
SELMCL,20170816,2.85,2.95,2.85,2.9,163140,119779
SENSEXIWIN,20170816,328.34,328.34,328.34,328.34,34,34
SEPOWER,20170816,8.8,8.95,7.4,7.9,13718,7159
SEQUENT,20170816,116.8,119.55,114.45,116.7,40287,18942
SERVALL,20170816,1.3,1.3,1.3,1.3,27287,27287
SESHAPAPER,20170816,704.4,709.75,695.0,700.6,1773,1249
SETCO,20170816,37.25,37.5,36.9,37.2,98969,66687
SETFGOLD,20170816,2640.0,2665.0,2620.1,2620.9,1338,804
SETFNIF50,20170816,99.38,100.16,99.26,100.01,5252,5151
SETFNIFBK,20170816,247.09,250.09,243.92,249.81,496,253
SETFNN50,20170816,284.0,285.71,283.25,285.71,738,738
SFL,20170816,1254.1,1274.0,1254.05,1263.5,423,335
SGBAUG24,20170816,2800.0,2815.0,2750.05,2790.0,135,114
SGBFEB24,20170816,2740.0,2740.0,2740.0,2740.0,49,49
SGBJUL25,20170816,2712.05,2720.0,2701.05,2720.0,24,23
SGBMAR25,20170816,2735.0,2740.0,2735.0,2740.0,11,11
SGBMAY25,20170816,2726.25,2730.0,2726.0,2727.0,67,67
SGBNOV23,20170816,2761.0,2761.05,2760.0,2760.21,50,40
SGBNOV24,20170816,2754.95,2755.0,2735.01,2738.0,120,109
SGBSEP24,20170816,2765.0,2780.0,2765.0,2780.0,50,50
SGL,20170816,14.9,14.9,13.7,14.5,40265,37534
SHAHALLOYS,20170816,19.2,19.4,18.05,18.75,11407,6176
SHAKTIPUMP,20170816,474.75,499.95,468.0,491.85,423877,77400
SHANKARA,20170816,1028.9,1083.9,1020.0,1067.8,103392,41077
SHANTI,20170816,37.1,38.0,37.1,37.5,9000,6000
SHANTIGEAR,20170816,133.95,134.5,130.3,131.3,32060,16057
SHARDACROP,20170816,443.5,454.8,430.0,436.0,56246,47602
SHARDAMOTR,20170816,2652.0,2680.0,2640.0,2648.6,789,565
SHARIABEES,20170816,247.0,247.0,240.0,240.0,10,5
SHARONBIO,20170816,5.8,6.0,5.7,5.85,76106,58631
SHEMAROO,20170816,368.1,368.8,359.0,360.65,6766,4733
SHILPAMED,20170816,587.9,588.8,572.0,576.65,16683,12659
SHILPI,20170816,26.5,26.95,26.5,26.95,121796,89694
SHIRPUR-G,20170816,137.7,142.45,132.0,136.85,15016,5711
SHIVAMAUTO,20170816,66.15,66.3,64.95,65.5,111517,58114
SHIVTEX,20170816,363.0,379.95,363.0,375.35,3728,2285
SHK,20170816,260.6,265.0,251.1,254.4,152641,103983
SHOPERSTOP,20170816,339.1,345.0,334.0,338.2,17932,10355
SHREECEM,20170816,17570.0,17944.0,17244.15,17494.1,15220,7705
SHREEPUSHK,20170816,207.0,209.5,203.0,206.6,49095,22901
SHRENIK,20170816,81.5,81.5,80.1,80.75,57000,57000
SHREYANIND,20170816,154.5,154.9,146.2,153.7,34416,22834
SHREYAS,20170816,347.05,365.75,328.0,365.75,250434,105483
SHRIRAMCIT,20170816,2144.95,2214.95,2122.85,2162.9,14007,8982
SHRIRAMCIT,20170816,2144.95,2214.95,2122.85,2162.9,207,207
SHRIRAMCIT,20170816,1730.0,1730.0,1715.6,1715.6,14007,8982
SHRIRAMCIT,20170816,1730.0,1730.0,1715.6,1715.6,207,207
SHRIRAMEPC,20170816,21.5,22.15,21.1,21.9,45275,22999
SHYAMCENT,20170816,9.15,9.25,8.55,8.8,19645,16241
SICAGEN,20170816,36.0,36.8,35.0,35.75,37367,25255
SICAL,20170816,239.0,243.0,235.0,240.45,15201,9198
SIEMENS,20170816,1295.0,1311.95,1286.0,1308.55,156094,48781
SIGNET,20170816,7.6,8.7,7.35,8.4,1409538,649614
SIKKO,20170816,37.85,37.85,37.85,37.85,12000,12000
SILINV,20170816,163.0,163.0,160.8,162.0,492,432
SIMBHALS,20170816,31.0,31.6,30.1,30.3,35967,26789
SIMPLEX,20170816,41.6,43.2,41.15,41.15,25051,11723
SIMPLEXINF,20170816,480.9,503.95,464.5,470.65,111493,58201
SINTEX,20170816,32.9,34.25,32.1,33.95,48271754,11829909
SIS,20170816,792.5,816.0,790.0,812.55,285820,83276
SITASHREE,20170816,3.95,4.25,3.9,4.0,19531,14398
SITINET,20170816,25.6,25.6,25.2,25.4,77825,61462
SIYSIL,20170816,2045.0,2064.95,2017.8,2039.5,987,803
SJVN,20170816,31.5,31.65,30.95,31.1,854033,562547
SKFINDIA,20170816,1558.0,1561.2,1530.0,1558.25,1768,846
SKIPPER,20170816,211.1,213.0,198.1,202.85,214434,159634
SKMEGGPROD,20170816,68.0,69.85,67.35,68.15,20614,17343
SMARTLINK,20170816,91.35,91.35,88.15,90.5,17270,11820
SMLISUZU,20170816,960.0,967.75,941.75,945.75,17628,14664
SMPL,20170816,1.7,1.75,1.65,1.7,42162,27665
SMSPHARMA,20170816,73.1,74.9,70.0,73.15,13191,9365
SNOWMAN,20170816,51.0,51.1,50.05,50.8,299444,104316
SOBHA,20170816,380.1,395.9,380.1,394.65,210889,122261
SOLARINDS,20170816,882.55,882.55,870.0,873.0,99202,97097
SOMANYCERA,20170816,769.0,783.0,765.0,776.15,9234,8215
SOMATEX,20170816,11.0,11.4,10.4,11.15,20485,10885
SOMICONVEY,20170816,44.0,44.0,43.0,43.25,900,400
SONASTEER,20170816,110.05,114.8,110.05,112.0,206949,110471
SONATSOFTW,20170816,154.55,161.3,154.1,160.1,283794,187677
SORILHOLD,20170816,33.5,34.8,33.5,34.1,116519,68348
SORILINFRA,20170816,104.9,113.0,104.7,110.1,78088,35131
SOTL,20170816,1099.95,1108.2,1050.05,1093.8,890,600
SOUTHBANK,20170816,27.5,28.1,26.95,28.0,10937442,3404167
SPAL,20170816,398.0,409.95,384.15,394.6,44766,28843
SPARC,20170816,340.0,372.8,333.5,369.55,1281558,546352
SPECIALITY,20170816,115.05,118.6,114.2,116.65,83402,44758
SPENTEX,20170816,4.1,4.5,4.1,4.35,9726,9287
SPHEREGSL,20170816,51.0,51.0,49.05,49.9,3276,2300
SPIC,20170816,25.65,25.85,25.1,25.35,154816,101049
SPICEMOBI,20170816,17.65,18.5,17.0,18.5,19632,12247
SPLIL,20170816,19.15,19.15,17.35,18.05,1269,913
SPMLINFRA,20170816,167.0,167.0,161.3,161.75,34434,7101
SPYL,20170816,0.25,0.25,0.2,0.2,263639,141805
SQSBFSI,20170816,475.0,485.0,459.05,461.35,25735,18511
SREIBNPNCD,20170816,1021.0,1022.2,1021.0,1022.13,54,52
SREIBNPNCD,20170816,1021.0,1022.2,1021.0,1022.13,25,25
SREIBNPNCD,20170816,1021.0,1022.2,1021.0,1022.13,30,10
SREIBNPNCD,20170816,1021.0,1022.2,1021.0,1022.13,60,60
SREIBNPNCD,20170816,1021.0,1022.2,1021.0,1022.13,1399,1399
SREIBNPNCD,20170816,1021.0,1022.2,1021.0,1022.13,110,110
SREIBNPNCD,20170816,1025.25,1025.25,1025.25,1025.25,54,52
SREIBNPNCD,20170816,1025.25,1025.25,1025.25,1025.25,25,25
SREIBNPNCD,20170816,1025.25,1025.25,1025.25,1025.25,30,10
SREIBNPNCD,20170816,1025.25,1025.25,1025.25,1025.25,60,60
SREIBNPNCD,20170816,1025.25,1025.25,1025.25,1025.25,1399,1399
SREIBNPNCD,20170816,1025.25,1025.25,1025.25,1025.25,110,110
SREIBNPNCD,20170816,947.0,990.0,947.0,990.0,54,52
SREIBNPNCD,20170816,947.0,990.0,947.0,990.0,25,25
SREIBNPNCD,20170816,947.0,990.0,947.0,990.0,30,10
SREIBNPNCD,20170816,947.0,990.0,947.0,990.0,60,60
SREIBNPNCD,20170816,947.0,990.0,947.0,990.0,1399,1399
SREIBNPNCD,20170816,947.0,990.0,947.0,990.0,110,110
SREIBNPNCD,20170816,995.0,995.0,995.0,995.0,54,52
SREIBNPNCD,20170816,995.0,995.0,995.0,995.0,25,25
SREIBNPNCD,20170816,995.0,995.0,995.0,995.0,30,10
SREIBNPNCD,20170816,995.0,995.0,995.0,995.0,60,60
SREIBNPNCD,20170816,995.0,995.0,995.0,995.0,1399,1399
SREIBNPNCD,20170816,995.0,995.0,995.0,995.0,110,110
SREIBNPNCD,20170816,997.0,999.99,996.0,999.99,54,52
SREIBNPNCD,20170816,997.0,999.99,996.0,999.99,25,25
SREIBNPNCD,20170816,997.0,999.99,996.0,999.99,30,10
SREIBNPNCD,20170816,997.0,999.99,996.0,999.99,60,60
SREIBNPNCD,20170816,997.0,999.99,996.0,999.99,1399,1399
SREIBNPNCD,20170816,997.0,999.99,996.0,999.99,110,110
SREIBNPNCD,20170816,991.0,991.0,990.05,990.05,54,52
SREIBNPNCD,20170816,991.0,991.0,990.05,990.05,25,25
SREIBNPNCD,20170816,991.0,991.0,990.05,990.05,30,10
SREIBNPNCD,20170816,991.0,991.0,990.05,990.05,60,60
SREIBNPNCD,20170816,991.0,991.0,990.05,990.05,1399,1399
SREIBNPNCD,20170816,991.0,991.0,990.05,990.05,110,110
SREINFRA,20170816,118.05,121.2,116.45,119.8,1403384,291578
SREINFRA,20170816,118.05,121.2,116.45,119.8,25,25
SREINFRA,20170816,118.05,121.2,116.45,119.8,20,20
SREINFRA,20170816,118.05,121.2,116.45,119.8,10,10
SREINFRA,20170816,118.05,121.2,116.45,119.8,110,100
SREINFRA,20170816,118.05,121.2,116.45,119.8,25,25
SREINFRA,20170816,118.05,121.2,116.45,119.8,4,4
SREINFRA,20170816,118.05,121.2,116.45,119.8,200,100
SREINFRA,20170816,118.05,121.2,116.45,119.8,472,472
SREINFRA,20170816,1020.0,1020.0,1020.0,1020.0,1403384,291578
SREINFRA,20170816,1020.0,1020.0,1020.0,1020.0,25,25
SREINFRA,20170816,1020.0,1020.0,1020.0,1020.0,20,20
SREINFRA,20170816,1020.0,1020.0,1020.0,1020.0,10,10
SREINFRA,20170816,1020.0,1020.0,1020.0,1020.0,110,100
SREINFRA,20170816,1020.0,1020.0,1020.0,1020.0,25,25
SREINFRA,20170816,1020.0,1020.0,1020.0,1020.0,4,4
SREINFRA,20170816,1020.0,1020.0,1020.0,1020.0,200,100
SREINFRA,20170816,1020.0,1020.0,1020.0,1020.0,472,472
SREINFRA,20170816,1060.0,1060.0,1060.0,1060.0,1403384,291578
SREINFRA,20170816,1060.0,1060.0,1060.0,1060.0,25,25
SREINFRA,20170816,1060.0,1060.0,1060.0,1060.0,20,20
SREINFRA,20170816,1060.0,1060.0,1060.0,1060.0,10,10
SREINFRA,20170816,1060.0,1060.0,1060.0,1060.0,110,100
SREINFRA,20170816,1060.0,1060.0,1060.0,1060.0,25,25
SREINFRA,20170816,1060.0,1060.0,1060.0,1060.0,4,4
SREINFRA,20170816,1060.0,1060.0,1060.0,1060.0,200,100
SREINFRA,20170816,1060.0,1060.0,1060.0,1060.0,472,472
SREINFRA,20170816,1061.0,1061.0,1061.0,1061.0,1403384,291578
SREINFRA,20170816,1061.0,1061.0,1061.0,1061.0,25,25
SREINFRA,20170816,1061.0,1061.0,1061.0,1061.0,20,20
SREINFRA,20170816,1061.0,1061.0,1061.0,1061.0,10,10
SREINFRA,20170816,1061.0,1061.0,1061.0,1061.0,110,100
SREINFRA,20170816,1061.0,1061.0,1061.0,1061.0,25,25
SREINFRA,20170816,1061.0,1061.0,1061.0,1061.0,4,4
SREINFRA,20170816,1061.0,1061.0,1061.0,1061.0,200,100
SREINFRA,20170816,1061.0,1061.0,1061.0,1061.0,472,472
SREINFRA,20170816,990.4,990.4,990.1,990.1,1403384,291578
SREINFRA,20170816,990.4,990.4,990.1,990.1,25,25
SREINFRA,20170816,990.4,990.4,990.1,990.1,20,20
SREINFRA,20170816,990.4,990.4,990.1,990.1,10,10
SREINFRA,20170816,990.4,990.4,990.1,990.1,110,100
SREINFRA,20170816,990.4,990.4,990.1,990.1,25,25
SREINFRA,20170816,990.4,990.4,990.1,990.1,4,4
SREINFRA,20170816,990.4,990.4,990.1,990.1,200,100
SREINFRA,20170816,990.4,990.4,990.1,990.1,472,472
SREINFRA,20170816,1065.0,1065.0,1065.0,1065.0,1403384,291578
SREINFRA,20170816,1065.0,1065.0,1065.0,1065.0,25,25
SREINFRA,20170816,1065.0,1065.0,1065.0,1065.0,20,20
SREINFRA,20170816,1065.0,1065.0,1065.0,1065.0,10,10
SREINFRA,20170816,1065.0,1065.0,1065.0,1065.0,110,100
SREINFRA,20170816,1065.0,1065.0,1065.0,1065.0,25,25
SREINFRA,20170816,1065.0,1065.0,1065.0,1065.0,4,4
SREINFRA,20170816,1065.0,1065.0,1065.0,1065.0,200,100
SREINFRA,20170816,1065.0,1065.0,1065.0,1065.0,472,472
SREINFRA,20170816,1015.0,1015.0,1015.0,1015.0,1403384,291578
SREINFRA,20170816,1015.0,1015.0,1015.0,1015.0,25,25
SREINFRA,20170816,1015.0,1015.0,1015.0,1015.0,20,20
SREINFRA,20170816,1015.0,1015.0,1015.0,1015.0,10,10
SREINFRA,20170816,1015.0,1015.0,1015.0,1015.0,110,100
SREINFRA,20170816,1015.0,1015.0,1015.0,1015.0,25,25
SREINFRA,20170816,1015.0,1015.0,1015.0,1015.0,4,4
SREINFRA,20170816,1015.0,1015.0,1015.0,1015.0,200,100
SREINFRA,20170816,1015.0,1015.0,1015.0,1015.0,472,472
SREINFRA,20170816,1000.0,1024.0,1000.0,1024.0,1403384,291578
SREINFRA,20170816,1000.0,1024.0,1000.0,1024.0,25,25
SREINFRA,20170816,1000.0,1024.0,1000.0,1024.0,20,20
SREINFRA,20170816,1000.0,1024.0,1000.0,1024.0,10,10
SREINFRA,20170816,1000.0,1024.0,1000.0,1024.0,110,100
SREINFRA,20170816,1000.0,1024.0,1000.0,1024.0,25,25
SREINFRA,20170816,1000.0,1024.0,1000.0,1024.0,4,4
SREINFRA,20170816,1000.0,1024.0,1000.0,1024.0,200,100
SREINFRA,20170816,1000.0,1024.0,1000.0,1024.0,472,472
SREINFRA,20170816,1000.2,1001.2,1000.2,1001.2,1403384,291578
SREINFRA,20170816,1000.2,1001.2,1000.2,1001.2,25,25
SREINFRA,20170816,1000.2,1001.2,1000.2,1001.2,20,20
SREINFRA,20170816,1000.2,1001.2,1000.2,1001.2,10,10
SREINFRA,20170816,1000.2,1001.2,1000.2,1001.2,110,100
SREINFRA,20170816,1000.2,1001.2,1000.2,1001.2,25,25
SREINFRA,20170816,1000.2,1001.2,1000.2,1001.2,4,4
SREINFRA,20170816,1000.2,1001.2,1000.2,1001.2,200,100
SREINFRA,20170816,1000.2,1001.2,1000.2,1001.2,472,472
SRF,20170816,1469.0,1492.0,1442.35,1484.55,141826,40734
SRHHYPOLTD,20170816,125.0,126.05,123.0,126.0,8429,4672
SRIPIPES,20170816,361.9,366.4,353.95,364.9,81022,46134
SRIRAM,20170816,18.25,18.25,18.2,18.2,12000,12000
SRTRANSFIN,20170816,979.5,988.45,954.6,978.1,452812,180659
SRTRANSFIN,20170816,979.5,988.45,954.6,978.1,1853,1853
SRTRANSFIN,20170816,979.5,988.45,954.6,978.1,4,4
SRTRANSFIN,20170816,979.5,988.45,954.6,978.1,100,100
SRTRANSFIN,20170816,979.5,988.45,954.6,978.1,105,50
SRTRANSFIN,20170816,548.5,565.0,545.0,548.55,452812,180659
SRTRANSFIN,20170816,548.5,565.0,545.0,548.55,1853,1853
SRTRANSFIN,20170816,548.5,565.0,545.0,548.55,4,4
SRTRANSFIN,20170816,548.5,565.0,545.0,548.55,100,100
SRTRANSFIN,20170816,548.5,565.0,545.0,548.55,105,50
SRTRANSFIN,20170816,1025.0,1025.0,1023.0,1023.0,452812,180659
SRTRANSFIN,20170816,1025.0,1025.0,1023.0,1023.0,1853,1853
SRTRANSFIN,20170816,1025.0,1025.0,1023.0,1023.0,4,4
SRTRANSFIN,20170816,1025.0,1025.0,1023.0,1023.0,100,100
SRTRANSFIN,20170816,1025.0,1025.0,1023.0,1023.0,105,50
SRTRANSFIN,20170816,785.0,785.0,785.0,785.0,452812,180659
SRTRANSFIN,20170816,785.0,785.0,785.0,785.0,1853,1853
SRTRANSFIN,20170816,785.0,785.0,785.0,785.0,4,4
SRTRANSFIN,20170816,785.0,785.0,785.0,785.0,100,100
SRTRANSFIN,20170816,785.0,785.0,785.0,785.0,105,50
SRTRANSFIN,20170816,1026.0,1048.99,1026.0,1030.55,452812,180659
SRTRANSFIN,20170816,1026.0,1048.99,1026.0,1030.55,1853,1853
SRTRANSFIN,20170816,1026.0,1048.99,1026.0,1030.55,4,4
SRTRANSFIN,20170816,1026.0,1048.99,1026.0,1030.55,100,100
SRTRANSFIN,20170816,1026.0,1048.99,1026.0,1030.55,105,50
SSWL,20170816,818.9,837.5,813.8,834.15,3726,2596
STAN,20170816,61.85,61.85,58.1,58.9,4405,2845
STAR,20170816,912.5,955.9,909.1,914.75,206016,58913
STARCEMENT,20170816,118.05,118.05,112.25,114.55,93120,77240
STARPAPER,20170816,178.8,190.0,176.15,189.0,100566,56067
STCINDIA,20170816,152.05,155.75,151.65,154.65,120771,31995
STEELCITY,20170816,92.9,96.8,92.9,95.0,32000,30000
STEELXIND,20170816,82.95,84.1,82.05,83.05,262291,1602
STEL,20170816,74.45,75.55,74.45,74.9,3585,3196
STERLINBIO,20170816,3.65,4.25,3.6,3.8,183516,87007
STERTOOLS,20170816,245.1,247.0,240.0,245.05,10043,7159
STINDIA,20170816,11.0,11.75,11.0,11.75,2175,1871
STRTECH,20170816,221.8,230.5,220.0,226.7,1018588,369138
SUBEX,20170816,8.8,8.8,8.4,8.65,937423,546491
SUBROS,20170816,237.95,238.0,228.0,229.9,19513,12571
SUDARSCHEM,20170816,361.15,375.95,361.05,372.95,85016,50186
SUJANAUNI,20170816,1.0,1.05,0.95,1.0,296879,209160
SUMEETINDS,20170816,29.9,31.35,29.85,30.45,290629,147076
SUMMITSEC,20170816,568.0,568.0,550.0,559.9,466,301
SUNCLAYLTD,20170816,4262.9,4523.6,4262.2,4502.5,967,569
SUNDARAM,20170816,2.95,3.0,2.8,2.8,577378,482098
SUNDARMFIN,20170816,1639.6,1673.05,1622.0,1647.05,12212,6839
SUNDRMBRAK,20170816,509.05,520.9,505.2,509.8,5119,2672
SUNDRMFAST,20170816,387.0,390.05,380.25,385.4,89047,45120
SUNFLAG,20170816,48.3,48.45,46.4,46.95,841035,380712
SUNILHITEC,20170816,11.4,11.8,11.4,11.75,629545,443813
SUNPHARMA,20170816,478.0,486.7,467.7,485.7,7588306,2097504
SUNTECK,20170816,254.8,254.8,249.0,250.85,525212,390221
SUNTV,20170816,751.05,757.9,737.5,748.45,714027,134904
SUPERHOUSE,20170816,145.15,150.5,145.15,147.9,8632,5937
SUPERSPIN,20170816,16.85,16.85,15.45,15.9,71574,44099
SUPPETRO,20170816,324.45,340.9,321.0,337.65,33195,23963
SUPRAJIT,20170816,284.95,285.55,272.0,276.0,37917,20690
SUPREMEIND,20170816,1079.0,1091.85,1066.1,1076.8,57817,51448
SUPREMEINF,20170816,76.5,79.4,75.25,78.65,28962,18496
SUPREMETEX,20170816,4.25,4.3,4.2,4.25,53256,49886
SURANAIND,20170816,3.4,3.6,3.4,3.45,4601,4301
SURANASOL,20170816,15.75,15.8,14.7,14.95,43792,26441
SURANAT&P,20170816,4.7,4.85,4.65,4.75,11890,10740
SUREVIN,20170816,38.05,38.05,38.05,38.05,3000,3000
SURYALAXMI,20170816,101.25,102.95,99.5,101.4,4389,3545
SURYAROSNI,20170816,255.5,259.85,253.2,255.7,101776,39645
SUTLEJTEX,20170816,851.95,851.95,827.0,830.1,5121,4644
SUVEN,20170816,162.0,162.8,156.0,157.25,191652,84721
SUZLON,20170816,17.5,17.75,17.1,17.5,63981631,12499944
SWANENERGY,20170816,121.3,121.3,114.3,118.8,146329,55041
SWARAJENG,20170816,2008.85,2008.85,1947.35,1972.8,6204,4542
SWELECTES,20170816,538.4,545.0,523.7,528.2,25298,16844
SYMPHONY,20170816,1250.0,1263.7,1231.0,1238.9,43114,36036
SYNCOM,20170816,4.55,4.8,4.5,4.6,19848,13788
SYNDIBANK,20170816,63.75,64.95,62.8,64.7,2003442,258709
SYNGENE,20170816,457.4,459.5,452.0,453.95,41390,22772
TAINWALCHM,20170816,77.7,78.75,73.25,77.6,2808,1834
TAJGVK,20170816,161.2,161.2,159.0,159.35,6808,5285
TAKE,20170816,140.15,142.85,135.1,136.45,133958,103418
TALBROAUTO,20170816,188.0,196.65,187.25,195.3,25072,15094
TALWALKARS,20170816,304.85,305.8,297.6,300.2,47504,28448
TANLA,20170816,32.7,33.25,31.55,32.15,234235,130608
TARAJEWELS,20170816,27.5,28.15,27.05,27.75,28338,11090
TARAPUR,20170816,6.8,6.8,6.05,6.35,3173,1624
TARMAT,20170816,32.4,34.4,32.05,32.3,1842,1201
TASTYBITE,20170816,6000.0,6100.0,5710.0,5750.75,21281,10682
TATACHEM,20170816,595.0,603.9,586.0,601.1,366767,122954
TATACOFFEE,20170816,126.0,134.5,125.95,132.65,1791284,527345
TATACOMM,20170816,626.1,647.0,620.4,628.55,1219867,617924
TATAELXSI,20170816,1658.8,1694.75,1656.0,1691.7,352133,100302
TATAGLOBAL,20170816,182.5,196.75,181.5,193.85,29191015,4784903
TATAINVEST,20170816,789.95,878.0,787.55,861.95,255672,83939
TATAMETALI,20170816,658.0,678.55,655.0,668.25,137118,39189
TATAMOTORS,20170816,379.45,390.7,375.5,389.25,11019760,5787643
TATAMTRDVR,20170816,228.9,233.0,224.0,231.6,1735121,678119
TATAPOWER,20170816,81.25,83.45,81.1,82.05,11428360,2500956
TATASPONGE,20170816,828.0,843.0,820.0,831.0,158392,34148
TATASTEEL,20170816,625.0,632.65,620.45,631.2,7330341,3130894
TBZ,20170816,99.7,103.7,98.85,102.5,488379,154486
TCI,20170816,287.0,291.75,284.0,284.85,101170,65311
TCIDEVELOP,20170816,396.8,407.7,367.1,388.0,851,695
TCIEXP,20170816,540.0,540.0,525.25,526.45,14071,7760
TCIFINANCE,20170816,21.35,21.8,21.0,21.4,16957,11184
TCS,20170816,2484.0,2543.8,2465.2,2492.35,686670,437761
TDPOWERSYS,20170816,215.5,225.3,212.05,220.15,49972,29150
TEAMLEASE,20170816,1400.0,1519.0,1396.2,1483.5,15196,13504
TECHM,20170816,402.2,425.9,400.0,419.95,5407314,2660951
TECHNO,20170816,376.05,386.7,372.0,383.65,38252,23930
TECHNOFAB,20170816,241.5,244.5,240.05,241.1,3492,2741
TEJASNET,20170816,326.15,332.7,323.05,326.8,106916,54332
TERASOFT,20170816,67.0,67.55,64.45,65.4,17574,12484
TEXINFRA,20170816,50.05,50.25,48.7,50.0,46449,26971
TEXMOPIPES,20170816,21.4,21.4,20.4,20.95,30216,22468
TEXRAIL,20170816,86.8,88.6,86.3,88.2,349761,185184
TFCILTD,20170816,99.75,103.4,98.25,99.7,435034,234172
TGBHOTELS,20170816,51.8,52.95,50.9,51.85,26501,13346
THANGAMAYL,20170816,324.9,377.0,324.9,368.25,114371,49991
THEJO,20170816,355.0,355.0,355.0,355.0,600,600
THEMISMED,20170816,469.0,487.95,446.7,454.05,2987,2050
THERMAX,20170816,882.55,894.85,881.0,882.5,12150,9804
THIRUSUGAR,20170816,55.9,56.65,55.25,56.15,8608,4694
THOMASCOOK,20170816,219.95,220.5,218.0,219.8,287011,215835
THYROCARE,20170816,715.0,716.95,705.0,709.55,9377,8524
TI,20170816,12.0,12.0,11.6,11.65,112314,81488
TIDEWATER,20170816,5690.0,5765.95,5602.6,5722.0,1074,620
TIIL,20170816,417.2,439.0,410.1,416.2,24400,12068
TIL,20170816,407.1,427.5,402.0,418.2,19602,8441
TIMESGTY,20170816,35.0,35.85,34.0,34.85,1649,1633
TIMETECHNO,20170816,175.0,183.35,172.05,180.2,567304,233910
TIMKEN,20170816,700.0,719.0,685.0,697.2,19291,9174
TINPLATE,20170816,133.75,139.6,133.75,138.45,1026977,311208
TIPSINDLTD,20170816,61.85,63.0,61.65,62.6,3457,2864
TIRUMALCHM,20170816,1162.95,1184.0,1151.0,1161.05,66253,37841
TITAN,20170816,633.5,638.3,618.85,627.7,2075867,729919
TMRVL,20170816,149.75,154.15,149.75,152.5,30930,25188
TNPETRO,20170816,52.3,53.35,51.5,51.7,118334,64057
TNPL,20170816,341.0,347.95,335.45,344.1,148714,104254
TOKYOPLAST,20170816,115.2,117.0,110.1,115.8,32296,15841
TORNTPHARM,20170816,1220.05,1334.6,1220.05,1323.95,504711,173314
TORNTPOWER,20170816,205.85,213.9,205.7,211.1,3546280,970448
TOTAL,20170816,48.95,49.55,48.3,49.25,117000,87000
TPLPLASTEH,20170816,450.05,454.1,431.1,438.8,918,728
TRANSWIND,20170816,37.95,37.95,37.0,37.0,8000,4000
TREEHOUSE,20170816,15.9,16.15,15.2,15.35,49768,30309
TRENT,20170816,280.0,280.0,270.5,272.3,105715,48941
TRF,20170816,200.35,207.0,200.35,204.5,30518,15964
TRIDENT,20170816,76.5,80.85,76.5,80.2,683206,374591
TRIL,20170816,310.0,317.3,310.0,315.15,11260,6368
TRITURBINE,20170816,134.35,135.5,132.35,134.15,97811,82154
TRIVENI,20170816,93.0,96.8,92.1,93.85,1997460,571689
TTKHLTCARE,20170816,712.15,721.95,710.1,718.35,257,212
TTKPRESTIG,20170816,6277.05,6305.0,6232.85,6260.6,1042,532
TTML,20170816,6.75,6.95,6.65,6.8,868449,394927
TUBEINVEST,20170816,809.0,830.0,796.6,817.1,120479,85192
TULSI,20170816,3.75,3.8,3.4,3.75,20795,15185
TV18BRDCST,20170816,36.45,36.95,35.95,36.75,2153683,441944
TVSELECT,20170816,182.4,185.1,180.1,181.4,83701,33552
TVSMOTOR,20170816,557.5,589.45,557.5,585.3,2147466,343840
TVSSRICHAK,20170816,3261.1,3424.0,3261.1,3371.3,11781,7211
TVTODAY,20170816,247.0,248.0,241.85,244.45,46006,30804
TVVISION,20170816,223.1,227.45,220.2,223.15,49966,314
TWL,20170816,109.9,111.8,108.75,109.8,441267,236167
UBL,20170816,798.15,814.0,791.75,808.65,153191,63997
UCALFUEL,20170816,189.95,196.5,188.9,194.75,34382,16134
UCOBANK,20170816,30.3,30.55,30.0,30.35,354314,144490
UFLEX,20170816,401.8,415.55,401.8,412.2,187199,81747
UFO,20170816,339.95,349.05,337.0,346.9,36035,20275
UGARSUGAR,20170816,23.1,23.5,22.75,23.0,189628,131788
UJAAS,20170816,24.7,25.4,22.75,23.45,1426409,531174
UJJIVAN,20170816,316.0,324.0,311.55,323.25,1185946,412383
ULTRACEMCO,20170816,3971.0,3971.85,3890.1,3941.3,204377,106949
UMANGDAIRY,20170816,69.0,71.95,68.25,71.4,6441,3379
UMESLTD,20170816,2.0,2.0,2.0,2.0,505,505
UNICHEMLAB,20170816,243.05,253.4,242.95,250.25,37522,22942
UNIENTER,20170816,85.0,89.0,83.75,88.0,21434,14399
UNIONBANK,20170816,129.0,134.35,126.05,133.25,5140083,500947
UNIPLY,20170816,283.5,285.05,268.05,269.35,68392,39769
UNITECH,20170816,8.1,8.4,7.85,8.05,24682536,8130662
UNITEDBNK,20170816,18.55,19.9,18.45,18.55,444011,327799
UNITEDTEA,20170816,319.9,319.9,306.8,312.8,158,142
UNITY,20170816,6.5,6.75,6.5,6.75,53066,49064
UNIVASTU,20170816,41.5,43.0,41.5,42.45,30000,30000
UNIVCABLES,20170816,105.8,108.7,105.05,108.1,35174,22789
UPL,20170816,858.45,879.55,849.25,852.1,1197405,785525
URJA,20170816,0.95,0.95,0.85,0.9,472847,395939
USHAMART,20170816,20.1,20.15,19.4,19.6,632515,366935
UTINEXT50,20170816,276.65,276.65,274.0,276.02,2331,2331
UTINIFTETF,20170816,1006.7,1016.4,1005.65,1016.4,4,3
UTISENSETF,20170816,325.05,325.05,325.05,325.05,1,1
UTTAMSTL,20170816,25.35,27.3,25.3,26.4,146860,50427
UTTAMSUGAR,20170816,198.15,200.05,193.1,194.8,119036,38790
UVSL,20170816,0.45,0.45,0.4,0.45,127057,115056
V2RETAIL,20170816,331.7,339.0,321.0,329.85,267747,82956
VADILALIND,20170816,855.85,867.95,840.2,844.9,26140,15588
VAIBHAVGBL,20170816,526.9,526.9,506.65,520.6,10687,10113
VAKRANGEE,20170816,453.7,458.7,448.0,456.15,570991,379932
VALUEIND,20170816,7.0,7.0,6.75,6.9,8979,6954
VARDHACRLC,20170816,45.9,47.9,45.2,47.3,33802,27332
VARDMNPOLY,20170816,47.0,49.8,45.1,46.35,171911,65507
VASCONEQ,20170816,33.2,34.65,32.45,33.0,601381,322426
VASWANI,20170816,13.0,13.3,12.5,12.95,21482,13569
VBL,20170816,517.1,522.9,512.85,521.3,84746,77836
VEDL,20170816,291.15,298.95,286.5,297.2,10533440,3476626
VEDL,20170816,291.15,298.95,286.5,297.2,35885672,35379250
VEDL,20170816,10.1,10.15,10.1,10.1,10533440,3476626
VEDL,20170816,10.1,10.15,10.1,10.1,35885672,35379250
VENKEYS,20170816,2000.75,2166.5,2000.75,2126.3,540172,68531
VENUSREM,20170816,94.5,96.65,94.0,94.7,57017,31899
VESUVIUS,20170816,1350.0,1390.0,1325.35,1352.35,6688,3062
VETO,20170816,205.45,209.2,203.5,206.0,79391,25904
VGUARD,20170816,182.0,182.4,175.5,178.6,628337,149033
VHL,20170816,2980.75,3140.0,2950.75,3093.25,258,159
VICEROY,20170816,16.6,17.15,16.55,17.05,106592,75124
VIDEOIND,20170816,20.4,20.4,19.5,20.0,3581751,1584878
VIDHIING,20170816,59.5,59.7,57.65,59.15,39078,28806
VIJAYABANK,20170816,66.95,68.5,66.95,67.85,867451,406554
VIJSHAN,20170816,26.4,26.65,24.3,25.35,266916,104971
VIKASECO,20170816,19.85,20.25,19.2,19.85,959816,502597
VIMTALABS,20170816,131.05,135.5,131.05,133.9,24399,12761
VINATIORGA,20170816,1039.0,1042.0,1011.25,1029.1,19294,14358
VINDHYATEL,20170816,1045.0,1069.95,1038.0,1063.45,11411,7880
VINYLINDIA,20170816,72.85,72.9,71.5,72.0,17712,12961
VIPCLOTHNG,20170816,56.75,59.35,55.6,58.6,196012,100368
VIPIND,20170816,198.5,200.0,194.05,196.1,254014,153707
VIPULLTD,20170816,85.0,86.25,83.2,84.35,146962,10408
VISAKAIND,20170816,515.0,524.95,497.95,511.25,159651,57845
VISASTEEL,20170816,19.9,20.8,19.1,20.2,94154,41405
VISHNU,20170816,253.9,253.9,236.85,238.35,50376,27720
VIVIDHA,20170816,1.05,1.05,0.95,1.0,970261,437521
VIVIMEDLAB,20170816,102.75,105.5,102.4,104.45,471188,246670
VLSFINANCE,20170816,62.95,63.45,61.15,62.25,61207,24711
VMART,20170816,1187.0,1195.0,1164.0,1182.75,7281,3995
VOLTAMP,20170816,1097.45,1106.0,1069.05,1080.05,37078,24458
VOLTAS,20170816,554.0,555.95,540.4,542.5,1450555,443395
VRLLOG,20170816,327.0,334.95,327.0,332.7,42602,24309
VSCL,20170816,112.0,122.5,109.0,116.15,123000,102000
VSSL,20170816,130.0,132.9,128.75,130.45,34351,23743
VSTIND,20170816,2656.0,2930.65,2656.0,2811.25,8467,2818
VSTTILLERS,20170816,2000.2,2014.05,1980.0,1993.35,7858,5912
VTL,20170816,1155.0,1166.9,1145.0,1153.15,16451,10891
WABAG,20170816,620.55,653.0,620.55,632.4,287224,100625
WABCOINDIA,20170816,5657.1,5670.15,5526.6,5591.2,1626,1069
WALCHANNAG,20170816,138.0,138.55,137.2,137.55,95790,62388
WEBELSOLAR,20170816,115.5,117.05,113.0,114.85,452475,334176
WEIZFOREX,20170816,743.75,754.75,731.0,739.35,2024,1101
WEIZMANIND,20170816,37.35,37.35,36.25,37.3,8116,5445
WELCORP,20170816,121.3,124.45,121.0,121.85,422597,251048
WELENT,20170816,126.5,134.85,126.0,133.1,544637,241091
WELSPUNIND,20170816,73.15,77.7,73.0,77.35,478071,258148
WENDT,20170816,2355.0,2579.9,2355.0,2523.1,420,236
WHEELS,20170816,1480.0,1480.0,1455.05,1455.4,851,711
WHIRLPOOL,20170816,1170.0,1200.0,1155.1,1179.45,21124,15049
WINDMACHIN,20170816,55.95,57.8,54.15,56.1,17197,13847
WINSOME,20170816,1.9,2.0,1.9,1.95,39928,25328
WIPRO,20170816,289.4,290.1,288.0,289.95,2011284,1471448
WOCKPHARMA,20170816,565.0,574.85,560.25,569.95,324457,55906
WONDERLA,20170816,341.2,342.2,338.5,339.45,10286,7210
WSTCSTPAPR,20170816,187.2,193.25,187.2,191.7,107455,70490
XCHANGING,20170816,56.65,57.5,56.6,57.0,1059,1059
XLENERGY,20170816,1.75,1.8,1.65,1.65,1741,1740
XPROINDIA,20170816,45.75,47.45,45.15,45.5,6106,4403
YESBANK,20170816,1784.05,1789.0,1732.0,1761.85,3744611,1649969
ZANDUREALT,20170816,1187.75,1208.0,1185.0,1197.25,765,444
ZEEL,20170816,520.8,523.25,508.9,518.7,1654668,1083622
ZEEL,20170816,520.8,523.25,508.9,518.7,401642,400642
ZEEL,20170816,9.65,9.65,9.6,9.6,1654668,1083622
ZEEL,20170816,9.65,9.65,9.6,9.6,401642,400642
ZEELEARN,20170816,42.65,42.75,41.2,42.4,126779,89526
ZEEMEDIA,20170816,36.95,36.95,35.7,36.4,373844,238834
ZENSARTECH,20170816,789.0,798.95,785.95,794.95,4659,3623
ZENTEC,20170816,49.65,51.1,49.6,50.25,48862,27832
ZICOM,20170816,21.5,22.3,20.65,20.8,139311,100068
ZODIACLOTH,20170816,190.0,196.8,187.0,188.45,4207,1960
ZODJRDMKJ,20170816,36.2,36.4,36.2,36.2,3972,3901
ZOTA,20170816,131.5,132.0,131.25,131.3,4000,4000
ZUARI,20170816,356.95,367.9,354.0,365.5,23841,13356
ZUARIGLOB,20170816,122.5,124.35,117.55,118.95,14516,11460
ZYDUSWELL,20170816,863.5,880.0,853.0,867.4,2618,1477
ZYLOG,20170816,3.25,3.4,3.05,3.15,34645,25964
