SYMBOL,TIMESTAMP,OPEN,HIGH,LOW,CLOSE,VOLUME,DELIVERY
20MICRONS,20160215,27.0,29.9,26.95,28.15,54313,31120
3IINFOTECH,20160215,4.3,4.4,4.2,4.3,1628489,666084
3MINDIA,20160215,10701.0,11150.0,10701.0,11022.95,414,285
8KMILES,20160215,1536.3,1804.65,1536.3,1791.4,112557,26190
A2ZINFRA,20160215,19.1,20.9,19.1,20.3,127407,89276
AARTIDRUGS,20160215,499.4,500.0,480.05,493.25,6278,4121
AARTIIND,20160215,450.0,461.5,450.0,456.0,18465,14142
AARVEEDEN,20160215,45.85,53.7,45.85,52.0,2895,1966
ABAN,20160215,151.0,157.0,150.0,153.55,575257,131191
ABB,20160215,1056.0,1120.0,1056.0,1108.15,116513,36180
ABBOTINDIA,20160215,4925.0,4925.0,4700.0,4799.4,8186,5993
ABFRL,20160215,145.1,156.0,136.3,141.05,3895168,3229576
ABGSHIP,20160215,42.95,47.0,42.45,46.25,156656,85284
ABIRLANUVO,20160215,746.15,775.5,746.15,751.55,262100,114347
ACC,20160215,1230.0,1268.7,1228.35,1256.55,130804,45698
ACCELYA,20160215,884.0,900.0,853.05,866.35,2296,1515
ACE,20160215,34.1,36.7,34.1,35.75,41185,24589
ACROPETAL,20160215,2.8,2.95,2.8,2.95,11961,9431
ADANIENT,20160215,65.8,68.4,64.5,65.35,4700525,2012306
ADANIPORTS,20160215,184.45,194.0,184.0,191.15,9208050,6378494
ADANIPOWER,20160215,25.7,27.5,25.25,26.5,7091988,1554351
ADANITRANS,20160215,29.2,31.1,29.2,30.45,649918,352051
ADFFOODS,20160215,79.55,79.55,73.4,76.8,45244,20549
ADHUNIK,20160215,10.8,11.5,10.6,11.4,59630,41858
ADI,20160215,200.0,211.95,196.0,208.0,6316,5958
ADLABS,20160215,79.1,83.5,78.3,79.95,124259,75059
ADORWELD,20160215,242.35,268.0,242.35,260.95,1823,1127
ADSL,20160215,40.5,40.85,39.2,39.65,209574,115817
ADVANIHOTR,20160215,46.7,49.75,46.7,46.95,2366,2120
ADVANTA,20160215,396.0,413.9,394.3,407.95,16818,5844
AEGISCHEM,20160215,91.8,93.5,90.2,91.95,64392,33417
AFL,20160215,41.1,45.8,41.1,43.8,28835,25354
AGARIND,20160215,155.0,160.0,152.75,154.35,29007,5344
AGCNET,20160215,69.0,71.8,63.5,67.0,8590,7248
AGRODUTCH,20160215,3.0,3.2,3.0,3.05,15005,10405
AHLEAST,20160215,137.0,137.0,137.0,137.0,30,30
AHLUCONT,20160215,237.5,250.0,237.5,243.2,35280,26117
AHLWEST,20160215,115.05,120.0,115.05,119.0,1113,1099
AIAENG,20160215,768.0,779.0,730.0,733.75,30324,20181
AIFL,20160215,258.0,264.0,246.0,249.1,64761,23241
AIL,20160215,605.0,629.0,603.5,615.3,54442,51812
AJANTPHARM,20160215,1325.0,1348.0,1276.75,1281.35,223072,62923
AJMERA,20160215,118.0,124.9,117.35,119.0,47518,19445
AKSHOPTFBR,20160215,13.95,14.15,13.5,13.85,600006,318922
AKZOINDIA,20160215,1260.0,1278.0,1257.0,1269.35,4442,3970
ALANKIT,20160215,78.5,90.9,77.95,90.75,835463,170879
ALBK,20160215,41.9,45.15,41.85,44.0,4934526,638151
ALCHEM,20160215,22.5,22.5,20.6,21.45,4628,4549
ALEMBICLTD,20160215,35.9,36.15,34.4,35.75,180594,95385
ALICON,20160215,252.0,267.0,250.25,260.55,8944,6982
ALKALI,20160215,39.4,40.05,38.1,40.05,2552,2390
ALKEM,20160215,1359.5,1359.5,1292.05,1314.95,130223,54274
ALKYLAMINE,20160215,296.85,314.9,296.05,305.6,1806,1355
ALLCARGO,20160215,162.55,166.3,158.6,159.55,139188,83579
ALLSEC,20160215,107.45,107.45,107.45,107.45,1661,1661
ALMONDZ,20160215,10.0,10.9,9.25,10.2,11261,10054
ALOKTEXT,20160215,4.05,4.2,3.85,4.05,5265549,2820231
ALPHAGEO,20160215,555.0,567.3,511.25,514.8,20172,16029
ALPSINDUS,20160215,4.5,4.75,4.35,4.35,71015,43015
ALSTOMT&D,20160215,396.95,414.9,392.1,411.05,30677,18232
AMARAJABAT,20160215,830.0,880.0,830.0,875.7,208713,102964
AMBIKCO,20160215,770.0,795.95,765.05,776.45,2912,1819
AMBUJACEM,20160215,196.0,199.35,195.3,198.0,1061877,453579
AMDIND,20160215,27.3,27.3,25.75,26.4,3624,3048
AMRUTANJAN,20160215,399.4,417.75,395.05,413.45,9632,5108
AMTEKAUTO,20160215,28.95,30.2,28.25,29.65,1283827,509355
AMTL,20160215,22.1,24.85,21.15,24.85,8456,7494
ANANDAMRUB,20160215,17.5,17.5,15.75,15.8,1149,1149
ANANTRAJ,20160215,31.2,32.4,31.1,31.85,393539,227639
ANDHRABANK,20160215,44.4,47.15,43.8,46.15,2390238,491706
ANDHRACEMT,20160215,6.0,6.5,6.0,6.5,176398,122819
ANDHRSUGAR,20160215,108.0,113.65,107.25,112.85,7532,5147
ANGIND,20160215,39.15,41.95,39.15,40.75,64394,45560
ANKITMETAL,20160215,1.95,1.95,1.8,1.95,68928,42749
ANSALAPI,20160215,16.4,16.8,15.3,16.5,108400,63794
ANSALHSG,20160215,18.9,20.0,18.9,19.7,23028,17925
APARINDS,20160215,455.0,459.5,441.2,445.3,5489,2936
APCOTEXIND,20160215,192.5,198.95,187.7,196.9,1706,957
APLAPOLLO,20160215,688.9,688.9,648.95,674.55,28218,19604
APLLTD,20160215,599.7,638.7,594.15,624.0,107902,69019
APOLLOHOSP,20160215,1425.0,1471.2,1385.0,1444.6,295431,132947
APOLLOTYRE,20160215,150.0,157.9,150.0,156.4,2838355,501936
APTECHT,20160215,54.9,55.7,53.8,55.05,183067,72632
ARCHIDPLY,20160215,43.3,47.9,43.25,45.9,64083,23388
ARCHIES,20160215,20.45,23.1,20.45,22.2,311957,110262
ARCOTECH,20160215,331.0,344.65,330.15,334.35,337356,36441
ARIES,20160215,73.6,80.8,73.6,78.35,18628,10428
ARIHANT,20160215,40.3,45.9,40.3,42.1,1707,707
AROGRANITE,20160215,39.7,42.9,39.55,42.5,1829,1272
ARROWCOAT,20160215,430.05,479.75,427.4,479.75,6370,4608
ARROWTEX,20160215,31.0,33.2,31.0,33.2,75139,49052
ARSHIYA,20160215,25.8,26.95,25.15,26.85,310686,198649
ARSSINFRA,20160215,33.9,33.9,31.4,33.25,168487,55361
ARVIND,20160215,276.0,288.9,275.95,286.85,1651188,102460
ARVINFRA,20160215,71.0,74.65,68.3,72.25,216516,94018
ASAHIINDIA,20160215,145.7,148.5,145.6,148.05,27098,26076
ASAHISONG,20160215,132.0,133.3,127.75,129.9,6669,4379
ASAL,20160215,38.0,38.0,37.35,37.35,1009,500
ASHAPURMIN,20160215,64.9,67.75,64.15,65.5,126665,53484
ASHIANA,20160215,133.75,136.0,132.65,134.85,28122,23126
ASHIMASYN,20160215,11.0,11.8,10.55,11.8,40767,32592
ASHOKA,20160215,173.5,187.95,173.5,184.05,99937,69357
ASHOKLEY,20160215,85.0,90.0,84.7,89.65,12444831,5233633
ASIANHOTNR,20160215,102.2,102.2,101.5,101.95,8266,7867
ASIANPAINT,20160215,866.0,872.2,853.0,858.7,703958,381412
ASIANTILES,20160215,120.05,129.95,117.05,124.25,34966,16670
ASSAMCO,20160215,4.85,4.95,4.85,4.95,139777,99776
ASTEC,20160215,188.0,195.05,186.0,190.85,13201,6684
ASTRAL,20160215,385.0,393.9,375.3,381.55,10206,5472
ASTRAMICRO,20160215,113.0,116.4,112.8,114.15,235661,86220
ASTRAZEN,20160215,1172.0,1200.0,1164.45,1172.65,14335,11497
ATFL,20160215,457.0,477.45,457.0,463.55,3300,2142
ATLANTA,20160215,31.05,33.0,31.05,32.2,77303,71022
ATLASCYCLE,20160215,167.0,178.0,166.05,169.65,24588,11333
ATUL,20160215,1348.0,1450.0,1348.0,1400.6,10138,6957
ATULAUTO,20160215,468.0,488.05,462.95,478.25,43983,24736
AURIONPRO,20160215,107.0,127.0,107.0,124.3,17936,13651
AUROPHARMA,20160215,677.95,683.0,646.0,653.35,2623217,618286
AUSOMENT,20160215,22.0,26.0,21.0,23.4,1538,1223
AUSTRAL,20160215,0.4,0.4,0.35,0.4,86937,86937
AUTOAXLES,20160215,585.0,616.0,585.0,603.1,168,89
AUTOIND,20160215,37.6,40.0,37.1,39.5,27724,21103
AUTOLITIND,20160215,44.3,46.9,44.3,46.5,15793,13356
AVANTIFEED,20160215,399.8,400.0,388.5,390.85,26967,19458
AVTNPL,20160215,29.8,30.5,28.7,29.8,36013,30041
AXISBANK,20160215,395.65,420.0,395.65,417.65,13964589,8353958
AXISCADES,20160215,228.0,233.95,222.0,229.4,146927,49866
AXISGOLD,20160215,2600.35,2681.0,2565.0,2661.75,1210,822
AYMSYNTEX,20160215,100.0,108.45,92.35,105.9,67350,41197
BAFNAPHARM,20160215,30.15,31.9,30.05,31.4,72369,52342
BAGFILMS,20160215,3.15,3.65,3.15,3.5,322971,219861
BAJAJ-AUTO,20160215,2326.0,2372.3,2305.0,2342.1,308865,140524
BAJAJCORP,20160215,395.0,402.1,392.15,399.8,19880,9656
BAJAJELEC,20160215,170.1,175.25,170.1,172.5,103880,54442
BAJAJFINSV,20160215,1707.0,1760.0,1707.0,1723.45,22164,11103
BAJAJHIND,20160215,14.7,15.1,14.4,14.8,1190178,531406
BAJAJHLDNG,20160215,1361.05,1419.0,1361.05,1404.2,9488,6807
BAJFINANCE,20160215,6146.9,6300.0,6117.0,6209.95,96537,46543
BALAJITELE,20160215,97.5,104.35,97.5,102.75,386888,201877
BALAMINES,20160215,127.95,140.0,127.95,138.9,46555,19530
BALKRISIND,20160215,584.95,618.3,583.0,599.65,19234,13672
BALLARPUR,20160215,14.0,14.75,13.05,13.4,1678001,1077827
BALMLAWRIE,20160215,549.95,549.95,524.0,527.45,30793,25082
BALPHARMA,20160215,89.35,96.8,88.1,90.3,329554,101007
BALRAMCHIN,20160215,80.7,82.9,79.8,80.45,916230,343573
BANARBEADS,20160215,38.5,40.4,38.5,40.0,2533,1980
BANARISUG,20160215,1105.0,1126.0,1075.0,1117.7,1662,1388
BANCOINDIA,20160215,101.85,113.0,101.0,104.15,54035,36826
BANG,20160215,13.6,14.85,13.55,14.85,571,571
BANKBARODA,20160215,118.5,142.1,118.5,139.35,55792562,11825806
BANKBEES,20160215,1432.05,1465.9,1423.5,1457.95,3894,2547
BANKINDIA,20160215,87.0,92.55,86.7,89.4,5002032,536776
BANSWRAS,20160215,90.25,94.0,90.25,93.85,945,595
BARTRONICS,20160215,9.55,9.95,9.1,9.25,207791,116967
BASF,20160215,765.0,765.0,700.55,744.85,5206,2900
BASML,20160215,184.0,205.1,184.0,197.9,2682,2261
BATAINDIA,20160215,468.95,489.0,468.25,482.75,316092,112389
BAYERCROP,20160215,3219.95,3347.2,3173.85,3305.4,4234,3080
BBL,20160215,729.0,773.95,720.95,746.9,19449,10502
BBTC,20160215,324.05,359.2,324.05,347.95,30576,16979
BEARDSELL,20160215,97.8,97.8,97.8,97.8,7,7
BEDMUTHA,20160215,11.5,12.8,11.2,11.4,14012,13097
BEL,20160215,1140.0,1184.4,1138.95,1161.3,135443,39359
BEML,20160215,953.95,1008.0,940.0,983.15,320289,88238
BEPL,20160215,16.2,17.45,16.2,16.75,92531,75919
BERGEPAINT,20160215,244.7,247.95,242.0,244.65,102990,59898
BFINVEST,20160215,94.0,98.0,86.6,96.7,15952,9364
BFUTILITIE,20160215,417.0,435.0,417.0,431.65,329058,70700
BGRENERGY,20160215,98.9,102.6,97.4,99.2,129463,53494
BHAGYNAGAR,20160215,16.35,17.0,15.35,16.05,5276,4512
BHARATFORG,20160215,751.0,790.0,751.0,785.8,401182,86013
BHARATGEAR,20160215,64.0,65.0,60.7,61.1,16683,13323
BHARATRAS,20160215,906.0,959.0,906.0,926.05,907,809
BHARTIARTL,20160215,328.55,329.9,316.45,318.9,5061087,2823803
BHEL,20160215,106.7,109.5,101.9,107.95,14192124,4398964
BHUSANSTL,20160215,35.0,38.4,33.35,35.45,327493,99122
BIL,20160215,494.0,533.9,480.35,527.2,20528,8639
BILENERGY,20160215,1.2,1.2,1.1,1.15,15100,11700
BINANIIND,20160215,52.0,55.8,52.0,54.65,24429,18056
BINDALAGRO,20160215,31.1,32.7,31.1,31.95,18533,13662
BIOCON,20160215,450.75,474.25,448.8,458.05,901840,131056
BIRLACORPN,20160215,370.0,398.6,360.3,378.7,12463,7321
BIRLACOT,20160215,0.05,0.05,0.05,0.05,481361,481361
BIRLAMONEY,20160215,22.7,23.5,20.75,21.65,8528,7675
BLBLIMITED,20160215,4.4,4.4,4.05,4.05,5156,5156
BLISSGVS,20160215,120.0,126.0,114.0,118.95,1652350,931698
BLKASHYAP,20160215,12.7,13.05,12.7,13.05,158644,146005
BLUEDART,20160215,5775.0,5990.0,5775.0,5907.65,2813,1357
BLUEDART,20160215,5775.0,5990.0,5775.0,5907.65,7,7
BLUEDART,20160215,5775.0,5990.0,5775.0,5907.65,4,4
BLUEDART,20160215,5775.0,5990.0,5775.0,5907.65,153,153
BLUEDART,20160215,10.12,10.12,10.12,10.12,2813,1357
BLUEDART,20160215,10.12,10.12,10.12,10.12,7,7
BLUEDART,20160215,10.12,10.12,10.12,10.12,4,4
BLUEDART,20160215,10.12,10.12,10.12,10.12,153,153
BLUEDART,20160215,10.11,10.11,10.11,10.11,2813,1357
BLUEDART,20160215,10.11,10.11,10.11,10.11,7,7
BLUEDART,20160215,10.11,10.11,10.11,10.11,4,4
BLUEDART,20160215,10.11,10.11,10.11,10.11,153,153
BLUEDART,20160215,10.72,11.0,10.72,11.0,2813,1357
BLUEDART,20160215,10.72,11.0,10.72,11.0,7,7
BLUEDART,20160215,10.72,11.0,10.72,11.0,4,4
BLUEDART,20160215,10.72,11.0,10.72,11.0,153,153
BLUESTARCO,20160215,334.05,340.0,332.1,334.6,49897,47270
BLUESTINFO,20160215,210.75,226.1,210.75,220.0,32103,28500
BODALCHEM,20160215,51.0,56.45,50.95,55.4,546781,290830
BOMDYEING,20160215,41.6,43.5,41.6,42.25,383039,216359
BOSCHLTD,20160215,16150.0,16800.0,15945.7,16447.15,16414,7689
BPCL,20160215,799.7,808.6,776.65,779.75,1527098,604928
BPL,20160215,25.3,27.0,25.3,26.6,158853,87756
BRFL,20160215,157.95,165.0,154.05,160.65,109747,68955
BRIGADE,20160215,140.05,145.75,140.05,140.85,9948,3518
BRITANNIA,20160215,2605.0,2710.0,2572.0,2665.9,355255,169464
BROOKS,20160215,80.8,83.45,78.6,83.45,60087,38902
BSELINFRA,20160215,2.8,2.9,2.8,2.9,50034,41876
BSL,20160215,52.95,53.95,49.3,51.75,18408,12686
BSLGOLDETF,20160215,2759.0,2790.0,2651.2,2718.75,100,61
BSLIMITED,20160215,18.9,18.9,18.05,18.55,209714,189408
BURNPUR,20160215,9.85,10.15,9.5,10.0,44376,36949
BUTTERFLY,20160215,186.0,195.0,182.0,192.3,28911,13977
BVCL,20160215,17.3,17.4,16.3,17.0,2200,2175
BYKE,20160215,152.25,154.95,152.05,153.95,105550,26691
CADILAHC,20160215,308.5,316.4,307.95,314.85,868622,460984
CAIRN,20160215,124.15,127.35,120.5,125.0,6173306,2635855
CALSOFT,20160215,9.45,9.45,8.6,9.1,1049,1049
CAMLINFINE,20160215,90.55,90.8,84.0,86.9,631944,477762
CANBK,20160215,177.0,185.15,176.0,179.4,5160631,983871
CANDC,20160215,10.35,11.25,10.2,10.3,48126,33072
CANFINHOME,20160215,899.95,946.4,898.95,932.3,43091,24143
CANTABIL,20160215,70.25,74.0,70.25,72.1,17499,6830
CAPF,20160215,384.4,401.6,384.4,398.5,65520,43484
CAPLIPOINT,20160215,996.4,1048.0,972.0,995.5,18803,8474
CARBORUNIV,20160215,171.25,173.5,167.3,169.25,8637,6550
CAREERP,20160215,102.0,107.95,102.0,106.05,18301,10070
CARERATING,20160215,1001.0,1029.95,999.0,1003.55,11948,7734
CASTEXTECH,20160215,8.0,8.0,7.55,7.65,2392211,1554619
CASTROLIND,20160215,395.0,406.25,393.1,399.2,114617,30219
CCCL,20160215,4.7,4.7,4.7,4.7,24844,21010
CCHHL,20160215,10.5,11.85,8.4,11.0,179169,109025
CCL,20160215,164.65,170.4,160.6,169.05,117187,77948
CEATLTD,20160215,911.0,956.7,910.0,950.8,468154,65357
CEBBCO,20160215,19.4,20.2,18.0,20.0,116545,76119
CELEBRITY,20160215,9.5,10.0,9.5,9.8,11763,10863
CELESTIAL,20160215,20.8,21.6,20.6,21.6,39579,34472
CENTENKA,20160215,153.0,161.0,152.5,160.05,22111,16628
CENTEXT,20160215,1.95,2.0,1.95,2.0,7837,7837
CENTRALBK,20160215,51.9,54.95,51.9,53.05,150863,46576
CENTUM,20160215,559.0,570.0,450.1,530.5,8290,3984
CENTURYPLY,20160215,145.0,152.7,141.9,149.65,144712,86268
CENTURYTEX,20160215,439.95,460.4,439.95,451.5,810214,242429
CERA,20160215,1694.0,1694.0,1621.15,1636.5,3988,2560
CEREBRAINT,20160215,15.95,17.25,15.9,16.8,1125539,323296
CESC,20160215,421.8,434.5,420.0,431.85,365545,159073
CGCL,20160215,130.2,144.9,130.2,137.95,4171,3232
CHAMBLFERT,20160215,53.4,54.1,52.5,53.7,107785,61205
CHEMFALKAL,20160215,72.95,79.9,72.9,74.6,3327,1902
CHENNPETRO,20160215,161.7,166.8,161.7,163.95,313899,121905
CHOLAFIN,20160215,720.0,723.0,689.0,696.35,31659,22099
CHROMATIC,20160215,2.8,2.95,2.8,2.85,145365,117574
CIGNITITEC,20160215,410.0,410.0,395.05,397.55,18044,11804
CIMMCO,20160215,75.3,79.35,75.3,78.05,34091,16200
CINELINE,20160215,22.05,22.1,22.0,22.0,18296,13953
CINEVISTA,20160215,4.45,4.95,4.4,4.45,3302,2365
CIPLA,20160215,533.05,542.0,528.5,539.7,2467275,1671005
CLNINDIA,20160215,678.0,693.3,668.2,684.15,6118,4548
CNOVAPETRO,20160215,30.0,30.0,30.0,30.0,1,1
COALINDIA,20160215,307.55,330.75,306.4,324.25,5228881,2923318
COFFEEDAY,20160215,225.0,230.0,224.1,224.75,166782,119286
COLPAL,20160215,845.0,857.95,836.45,846.65,184067,91276
COMPUSOFT,20160215,10.0,10.0,8.85,9.05,9563,8188
CONCOR,20160215,1089.0,1165.0,1084.6,1154.15,71780,31807
CONSOFINVT,20160215,55.0,57.5,50.15,55.9,8042,4376
CORDSCABLE,20160215,44.5,46.35,44.5,46.35,6869,4633
COROMANDEL,20160215,167.0,171.7,161.15,169.0,28768,17679
CORPBANK,20160215,34.1,39.0,31.45,36.95,611271,165087
COSMOFILMS,20160215,242.2,251.0,240.1,246.2,163496,69911
COUNCODOS,20160215,4.6,4.6,4.25,4.25,24357,19271
COX&KINGS,20160215,164.4,168.85,161.55,162.35,315717,176239
CPSEETF,20160215,18.1,19.0,18.1,18.95,595162,514764
CREATIVEYE,20160215,3.4,3.4,3.4,3.4,18,18
CRISIL,20160215,1810.0,1830.2,1800.0,1821.5,4163,3026
CROMPGREAV,20160215,121.75,127.5,120.75,126.0,5606375,3356813
CTE,20160215,122.0,122.0,122.0,122.0,3386,3386
CUB,20160215,84.35,85.0,84.0,84.65,162264,106248
CUMMINSIND,20160215,897.8,918.5,889.15,904.05,55346,30935
CYBERMEDIA,20160215,6.4,6.4,6.4,6.4,3487,3486
CYBERTECH,20160215,35.95,38.45,34.25,37.65,6230,4079
CYIENT,20160215,386.0,407.45,375.0,399.8,18967,9894
DAAWAT,20160215,194.9,199.4,191.0,196.4,8467,5968
DABUR,20160215,247.8,251.7,241.1,248.9,587206,289490
DALMIABHA,20160215,693.0,724.65,685.0,709.25,6016,3272
DALMIASUG,20160215,58.25,67.8,58.25,66.45,92846,48696
DATAMATICS,20160215,48.7,50.7,47.25,48.95,42633,28592
DBCORP,20160215,306.15,320.0,306.0,313.4,4021,2408
DBREALTY,20160215,40.2,42.25,39.0,39.85,409038,267615
DBSTOCKBRO,20160215,22.55,22.65,22.2,22.5,6051,51
DCBBANK,20160215,73.3,78.2,73.0,76.95,940076,366788
DCM,20160215,76.0,76.05,72.1,73.5,54452,29130
DCMSHRIRAM,20160215,113.35,120.4,111.0,118.8,35035,25705
DCW,20160215,21.4,21.9,21.05,21.45,663512,324504
DECCANCE,20160215,540.0,556.05,525.55,540.2,4112,2797
DEEPAKFERT,20160215,130.3,137.05,130.0,133.2,85179,67710
DEEPAKNTR,20160215,58.95,63.4,56.2,62.55,70263,52216
DEEPIND,20160215,145.0,154.4,142.5,145.35,233810,114720
DELTACORP,20160215,57.2,59.5,56.6,58.35,667727,248482
DEN,20160215,66.0,74.9,60.05,73.5,89378,34076
DENABANK,20160215,28.3,29.5,27.6,28.55,988771,381655
DENORA,20160215,296.0,296.0,275.0,287.25,6169,2410
DHAMPURSUG,20160215,56.4,62.3,55.7,57.9,273624,147081
DHANBANK,20160215,17.2,18.85,16.85,18.2,516489,270437
DHANUKA,20160215,538.5,538.5,523.05,530.6,23310,22586
DHARSUGAR,20160215,14.2,14.45,13.6,14.45,12011,10257
DHFL,20160215,155.0,161.1,155.0,159.05,1538295,799003
DHUNINV,20160215,125.0,145.0,123.9,128.7,954,923
DIAPOWER,20160215,27.0,28.9,26.9,27.8,60079,42451
DICIND,20160215,542.7,570.0,541.0,549.85,6436,3756
DIGJAM,20160215,10.1,10.95,10.1,10.95,127255,95333
DISHMAN,20160215,317.0,324.0,313.05,318.6,526834,139951
DISHTV,20160215,75.0,77.2,74.35,75.05,4710941,2384018
DIVISLAB,20160215,1003.0,1009.5,986.2,992.75,455879,320627
DLF,20160215,83.2,90.6,83.2,89.65,13690696,3168123
DLINKINDIA,20160215,114.8,118.5,112.0,115.05,38437,24793
DOLPHINOFF,20160215,80.5,84.9,80.5,82.65,43790,29528
DONEAR,20160215,24.95,25.3,24.5,25.3,23513,22300
DPL,20160215,73.0,77.0,73.0,75.4,82423,69001
DPSCLTD,20160215,15.0,16.9,15.0,15.65,56965,53182
DQE,20160215,22.15,25.0,22.15,23.65,120843,78005
DREDGECORP,20160215,314.0,321.45,294.2,314.85,12952,7810
DRREDDY,20160215,2872.3,2896.9,2813.05,2859.05,380782,158540
DSKULKARNI,20160215,74.0,82.7,74.0,80.6,20861,14807
DSSL,20160215,14.2,14.2,14.2,14.2,1625,1625
DTIL,20160215,220.0,242.0,220.0,237.8,2646,2090
DWARKESH,20160215,104.05,114.0,104.05,107.35,35902,22812
DYNAMATECH,20160215,1700.0,1750.0,1665.25,1724.2,3797,2978
DYNATECH,20160215,16.95,17.0,15.85,16.65,90898,57193
EASTSILK,20160215,2.45,2.45,2.2,2.25,30054,22836
EASUNREYRL,20160215,35.2,35.5,33.5,34.2,80745,75848
ECEIND,20160215,136.0,138.65,135.1,135.7,77,67
ECLERX,20160215,1322.45,1355.0,1309.0,1330.4,6955,4113
ECLFINANCE,20160215,1018.0,1018.0,1012.0,1013.0,1302,1050
ECLFINANCE,20160215,1018.0,1018.0,1012.0,1013.0,212,209
ECLFINANCE,20160215,1018.0,1018.0,1012.0,1013.0,231,230
ECLFINANCE,20160215,1018.0,1018.0,1012.0,1013.0,570,570
ECLFINANCE,20160215,1018.0,1018.0,1012.0,1013.0,1884,1455
ECLFINANCE,20160215,1018.0,1018.0,1012.0,1013.0,20,20
ECLFINANCE,20160215,1283.0,1290.0,1281.0,1290.0,1302,1050
ECLFINANCE,20160215,1283.0,1290.0,1281.0,1290.0,212,209
ECLFINANCE,20160215,1283.0,1290.0,1281.0,1290.0,231,230
ECLFINANCE,20160215,1283.0,1290.0,1281.0,1290.0,570,570
ECLFINANCE,20160215,1283.0,1290.0,1281.0,1290.0,1884,1455
ECLFINANCE,20160215,1283.0,1290.0,1281.0,1290.0,20,20
ECLFINANCE,20160215,1055.26,1059.0,1055.26,1059.0,1302,1050
ECLFINANCE,20160215,1055.26,1059.0,1055.26,1059.0,212,209
ECLFINANCE,20160215,1055.26,1059.0,1055.26,1059.0,231,230
ECLFINANCE,20160215,1055.26,1059.0,1055.26,1059.0,570,570
ECLFINANCE,20160215,1055.26,1059.0,1055.26,1059.0,1884,1455
ECLFINANCE,20160215,1055.26,1059.0,1055.26,1059.0,20,20
ECLFINANCE,20160215,1335.0,1335.0,1333.0,1333.0,1302,1050
ECLFINANCE,20160215,1335.0,1335.0,1333.0,1333.0,212,209
ECLFINANCE,20160215,1335.0,1335.0,1333.0,1333.0,231,230
ECLFINANCE,20160215,1335.0,1335.0,1333.0,1333.0,570,570
ECLFINANCE,20160215,1335.0,1335.0,1333.0,1333.0,1884,1455
ECLFINANCE,20160215,1335.0,1335.0,1333.0,1333.0,20,20
ECLFINANCE,20160215,1062.0,1062.89,1058.01,1060.91,1302,1050
ECLFINANCE,20160215,1062.0,1062.89,1058.01,1060.91,212,209
ECLFINANCE,20160215,1062.0,1062.89,1058.01,1060.91,231,230
ECLFINANCE,20160215,1062.0,1062.89,1058.01,1060.91,570,570
ECLFINANCE,20160215,1062.0,1062.89,1058.01,1060.91,1884,1455
ECLFINANCE,20160215,1062.0,1062.89,1058.01,1060.91,20,20
ECLFINANCE,20160215,1008.0,1008.0,1007.94,1007.94,1302,1050
ECLFINANCE,20160215,1008.0,1008.0,1007.94,1007.94,212,209
ECLFINANCE,20160215,1008.0,1008.0,1007.94,1007.94,231,230
ECLFINANCE,20160215,1008.0,1008.0,1007.94,1007.94,570,570
ECLFINANCE,20160215,1008.0,1008.0,1007.94,1007.94,1884,1455
ECLFINANCE,20160215,1008.0,1008.0,1007.94,1007.94,20,20
EDELWEISS,20160215,46.7,48.85,46.1,48.15,108114,63915
EDL,20160215,57.0,57.9,54.1,54.55,95836,56513
EDUCOMP,20160215,11.0,12.0,11.0,11.75,371179,187068
EICHERMOT,20160215,18275.35,18900.0,18275.35,18772.25,56482,26782
EIDPARRY,20160215,157.6,174.4,157.6,171.25,222635,133230
EIHAHOTELS,20160215,270.0,286.95,270.0,277.2,1620,942
EIHOTEL,20160215,106.0,108.5,104.25,105.3,31659,16164
EKC,20160215,15.15,15.15,14.2,15.15,175961,111982
ELAND,20160215,30.2,32.45,30.2,31.45,347727,194701
ELECON,20160215,50.5,53.95,50.5,52.35,202516,89652
ELECTCAST,20160215,17.9,19.3,17.6,19.15,212916,158275
ELECTHERM,20160215,40.05,51.7,40.05,48.0,4440,2700
ELGIEQUIP,20160215,122.05,124.75,121.9,122.05,15222,8828
ELGIRUBCO,20160215,28.1,28.1,26.0,27.15,39073,35200
EMAMIINFRA,20160215,36.0,37.0,33.8,34.0,7243,4026
EMAMILTD,20160215,1059.9,1059.9,1027.1,1041.3,53583,25819
EMCO,20160215,23.5,24.9,23.45,24.8,55769,43063
EMKAY,20160215,58.0,58.0,55.2,55.4,348,347
EMMBI,20160215,53.7,54.25,51.5,54.25,30624,19070
ENERGYDEV,20160215,41.05,43.5,41.05,42.1,62042,20704
ENGINERSIN,20160215,156.6,161.7,155.75,157.45,746949,262326
ENIL,20160215,694.95,694.95,657.45,661.4,1082,839
EON,20160215,51.2,51.2,50.05,51.2,8314,8312
EROSMEDIA,20160215,156.0,168.8,156.0,162.95,768786,187305
ESABINDIA,20160215,469.4,499.95,469.4,479.9,3916,2466
ESCORTS,20160215,117.85,125.85,117.85,124.6,333770,156727
ESL,20160215,3.45,3.5,3.25,3.3,686751,456193
ESSARSHPNG,20160215,24.5,26.75,24.0,26.35,53194,43166
ESSDEE,20160215,124.15,134.5,124.15,134.5,274826,106611
ESSELPACK,20160215,151.0,151.0,141.35,145.8,73037,39748
ESTER,20160215,44.1,46.9,41.1,45.7,170297,88964
EUROCERA,20160215,2.95,2.95,2.75,2.9,63562,61522
EVEREADY,20160215,208.0,220.6,208.0,215.85,237890,160660
EVERESTIND,20160215,209.9,219.0,207.25,210.0,4283,2643
EVERONN,20160215,21.4,23.8,21.4,22.35,71638,32417
EXCEL,20160215,30.0,31.45,29.6,30.0,1987,1657
EXCELCROP,20160215,1003.35,1013.55,938.7,956.4,1530,1153
EXCELINDUS,20160215,151.0,159.0,151.0,157.9,9858,6380
EXIDEIND,20160215,126.0,130.2,125.7,129.0,1517014,994525
FACT,20160215,18.95,20.3,18.95,19.85,13366,8136
FAGBEARING,20160215,3899.0,4050.0,3803.2,3991.05,3097,2652
FCEL,20160215,20.6,20.9,20.0,20.4,2050861,850525
FCL,20160215,21.85,25.3,21.7,24.75,210935,187226
FCSSOFT,20160215,0.4,0.45,0.35,0.4,431433,312812
FDC,20160215,172.15,181.5,171.95,179.95,15376,8585
FEDDERLOYD,20160215,68.0,70.35,67.1,67.5,271223,153009
FEDERALBNK,20160215,43.5,45.15,43.1,44.3,2136143,817964
FIEMIND,20160215,689.0,745.0,689.0,725.1,19569,9299
FILATEX,20160215,37.9,38.0,34.1,35.2,4508,3400
FINANTECH,20160215,75.1,100.4,75.1,89.95,2598942,301049
FINCABLES,20160215,225.0,234.9,223.0,229.35,46530,32365
FINPIPE,20160215,292.0,306.0,292.0,304.65,46524,21847
FLEXITUFF,20160215,177.0,181.85,175.0,175.75,21842,1716
FLFL,20160215,78.05,79.9,76.2,78.95,60098,39942
FMGOETZE,20160215,301.0,319.5,301.0,304.6,27895,26867
FMNL,20160215,27.9,28.35,27.05,28.3,12399,8839
FORTIS,20160215,153.1,157.75,151.55,156.25,395806,165684
FOSECOIND,20160215,1224.0,1249.0,1178.0,1184.55,565,436
FOURTHDIM,20160215,77.9,77.9,73.05,75.5,12000,8000
FRL,20160215,128.3,131.0,125.55,128.05,418448,138070
FRLDVR,20160215,107.0,107.0,98.0,100.25,12543,11806
FSL,20160215,31.9,32.5,31.55,31.75,1092402,578350
GABRIEL,20160215,81.9,82.9,81.25,81.65,78913,36283
GAEL,20160215,38.8,40.4,38.8,39.7,40971,31176
GAIL,20160215,327.4,335.95,326.05,334.15,1747740,1285397
GAL,20160215,31.8,32.5,30.4,31.25,115284,51476
GALLANTT,20160215,26.0,27.05,25.3,26.9,22473,12073
GALLISPAT,20160215,404.0,406.2,404.0,405.7,25680,15810
GAMMNINFRA,20160215,4.15,4.5,4.15,4.45,589312,386623
GAMMONIND,20160215,13.6,15.4,13.6,14.95,543571,294196
GANDHITUBE,20160215,223.0,223.0,214.0,215.9,2824,2621
GANECOS,20160215,124.65,130.0,122.5,129.0,14792,12095
GANESHHOUC,20160215,93.4,98.0,92.55,96.95,9013,6527
GARDENSILK,20160215,23.5,23.5,22.7,22.95,9730,8632
GARWALLROP,20160215,302.9,323.0,302.9,316.6,32196,20354
GATI,20160215,101.8,109.6,101.0,108.1,1117194,323373
GAYAPROJ,20160215,530.0,542.0,522.5,537.7,41080,16059
GDL,20160215,243.0,264.7,238.1,248.75,129106,89132
GEECEE,20160215,89.2,97.0,89.2,94.15,6661,3792
GEINDSYS,20160215,9.45,9.9,8.25,9.85,4444,3670
GEMINI,20160215,2.9,3.2,2.9,3.15,64421,35286
GENESYS,20160215,48.95,50.0,46.1,49.15,1341,988
GENUSPAPER,20160215,5.1,5.1,4.5,4.95,135916,95787
GENUSPOWER,20160215,49.9,51.15,48.7,50.65,424924,288578
GEOJITBNPP,20160215,32.9,33.5,30.8,32.25,46771,23448
GEOMETRIC,20160215,149.05,154.7,149.05,151.5,381690,93589
GESHIP,20160215,287.9,303.7,286.0,300.5,42502,28620
GHCL,20160215,107.65,110.4,103.0,108.8,135114,83857
GICHSGFIN,20160215,191.0,197.0,191.0,192.75,37404,25176
GILLANDERS,20160215,54.0,57.1,53.9,56.55,6145,4726
GILLETTE,20160215,4170.0,4311.0,4050.0,4290.5,3657,2194
GINNIFILA,20160215,15.0,16.2,15.0,15.8,36035,26269
GIPCL,20160215,79.05,81.4,79.05,80.25,13017,10126
GITANJALI,20160215,36.0,36.15,34.5,34.7,270561,164405
GKWLIMITED,20160215,595.25,598.95,580.0,581.0,565,547
GLAXO,20160215,3195.0,3246.0,3191.2,3215.6,3736,2110
GLENMARK,20160215,702.5,723.55,692.0,710.05,728730,337102
GLOBALVECT,20160215,82.0,85.7,82.0,85.5,24735,17180
GLOBOFFS,20160215,312.0,318.3,296.85,306.75,28712,7858
GLOBUSSPR,20160215,54.75,58.95,54.5,57.2,62197,31660
GMBREW,20160215,807.0,855.0,802.4,822.2,119647,22164
GMDCLTD,20160215,57.0,58.25,55.5,56.05,531497,404956
GMRINFRA,20160215,11.3,11.7,11.25,11.45,11265685,2631328
GNFC,20160215,70.9,74.2,70.0,73.45,123984,93278
GOACARBON,20160215,65.2,70.0,65.2,69.05,6521,3006
GOCLCORP,20160215,126.0,135.9,126.0,134.3,22815,22131
GODFRYPHLP,20160215,968.0,1056.85,968.0,1030.8,119598,30862
GODREJCP,20160215,1229.4,1259.5,1205.25,1246.15,220033,148817
GODREJIND,20160215,319.0,329.9,317.0,325.35,428127,97782
GODREJPROP,20160215,282.55,288.9,281.85,286.65,290218,185342
GOKEX,20160215,50.5,50.8,49.0,50.8,73945,55893
GOKUL,20160215,14.3,15.4,13.4,14.3,16452,14854
GOLDBEES,20160215,2614.8,2614.8,2581.3,2587.45,28346,17789
GOLDENTOBC,20160215,37.9,39.9,37.55,38.15,12375,11580
GOLDIAM,20160215,49.9,53.6,48.0,50.1,40585,25155
GOLDINFRA,20160215,18.5,18.5,17.25,17.5,17753,16501
GOLDSHARE,20160215,2599.4,2599.4,2561.0,2570.05,8020,4381
GOLDTECH,20160215,4.0,4.2,4.0,4.0,30063,30063
GOODLUCK,20160215,88.9,91.8,85.4,85.85,104776,58651
GPIL,20160215,54.0,55.85,53.0,54.5,17479,11863
GPPL,20160215,150.0,155.0,150.0,154.0,206090,143172
GRANULES,20160215,109.0,114.4,109.0,112.2,951035,368768
GRAPHITE,20160215,65.45,67.7,65.45,67.0,17681,14718
GRASIM,20160215,3399.95,3509.95,3385.0,3472.4,60490,27302
GRAVITA,20160215,22.0,23.5,22.0,22.3,42606,27508
GREAVESCOT,20160215,120.2,126.9,120.2,126.6,62078,45180
GREENFIRE,20160215,1.7,1.8,1.6,1.75,93987,82540
GREENLAM,20160215,491.0,510.95,461.35,481.35,337,235
GREENPLY,20160215,179.95,186.0,173.0,183.95,21285,12944
GREENPOWER,20160215,11.65,11.8,11.3,11.5,246540,136014
GRINDWELL,20160215,609.0,624.8,582.5,607.95,1305,932
GRPLTD,20160215,901.1,910.0,901.1,905.0,201,192
GRUH,20160215,251.25,254.0,244.35,246.35,99634,53691
GSCLCEMENT,20160215,22.55,23.8,22.2,23.2,72749,62159
GSFC,20160215,60.0,61.6,59.6,60.95,262203,185881
GSKCONS,20160215,5850.0,5850.0,5781.15,5807.2,7707,5897
GSPL,20160215,134.0,136.2,131.0,131.45,230108,152580
GSS,20160215,26.3,30.1,25.95,29.75,7309,4190
GTL,20160215,11.25,12.3,11.25,11.7,113767,75177
GTLINFRA,20160215,2.25,2.4,2.25,2.3,1135065,587828
GTNIND,20160215,10.05,11.9,9.1,11.5,1302,1050
GTNTEX,20160215,9.2,11.0,9.2,10.1,1996,1473
GTOFFSHORE,20160215,36.25,37.7,34.95,36.6,19105,10491
GUFICBIO,20160215,42.0,43.9,41.05,42.9,92473,75176
GUJALKALI,20160215,155.25,159.75,155.25,155.95,8077,5149
GUJAPOLLO,20160215,127.0,130.5,126.0,129.75,393,300
GUJFLUORO,20160215,425.0,464.1,425.0,461.35,54395,27059
GUJGASLTD,20160215,500.0,530.0,500.0,521.6,25646,11031
GUJNRECOKE,20160215,3.0,3.2,2.95,3.1,2187609,1213210
GUJNREDVR,20160215,1.95,2.2,1.95,2.05,8869,8206
GULFOILLUB,20160215,485.05,505.75,482.5,493.4,255537,254542
GULFPETRO,20160215,52.6,54.6,50.1,53.55,39395,22014
GULPOLY,20160215,320.0,325.45,315.15,317.6,3382,2320
GVKPIL,20160215,7.0,7.1,6.9,7.0,2425958,1319070
HANUNG,20160215,8.1,8.8,8.05,8.2,26850,16980
HARITASEAT,20160215,415.7,415.7,382.0,386.95,7024,4418
HARRMALAYA,20160215,44.7,45.2,43.65,44.6,33637,18054
HATHWAY,20160215,36.55,36.95,35.15,35.4,63903,46267
HATSUN,20160215,402.45,404.9,398.55,400.25,2375,1968
HAVELLS,20160215,278.45,293.0,276.05,291.85,1610739,847572
HBLPOWER,20160215,33.75,35.6,33.7,34.75,218708,118115
HBSTOCK,20160215,7.1,7.85,7.1,7.7,1984,1901
HCC,20160215,18.0,18.8,18.0,18.45,2935413,1168592
HCIL,20160215,15.85,16.8,15.85,16.5,1812825,1351314
HCL-INSYS,20160215,34.5,37.1,34.35,35.55,3505634,1950519
HCLTECH,20160215,813.0,832.5,810.35,827.1,1380806,946550
HDFC,20160215,1093.4,1102.0,1076.0,1080.45,4217676,3009995
HDFCBANK,20160215,980.0,988.25,971.1,973.6,2728240,1908985
HDFCMFGETF,20160215,2652.0,2684.0,2640.0,2644.9,2708,1674
HDFCNIFETF,20160215,708.95,717.0,708.95,716.62,116,110
HDIL,20160215,59.0,65.1,58.8,63.4,19334234,3698546
HEG,20160215,123.4,130.0,123.4,127.9,8422,5832
HEIDELBERG,20160215,64.5,66.6,64.4,64.65,197282,172163
HERCULES,20160215,141.0,153.85,141.0,148.7,5927,2293
HERITGFOOD,20160215,474.8,496.0,468.0,493.8,16608,11257
HEROMOTOCO,20160215,2512.0,2539.45,2483.9,2507.35,419156,238633
HESTERBIO,20160215,388.0,417.0,380.0,409.9,7013,5024
HEXATRADEX,20160215,14.4,15.3,13.35,15.3,523,501
HEXAWARE,20160215,227.95,235.5,225.3,232.85,683977,106436
HFCL,20160215,16.5,17.3,16.5,17.1,5101110,3556817
HGS,20160215,374.0,399.0,370.0,383.4,10472,5665
HIKAL,20160215,130.6,133.9,119.0,128.7,211155,103503
HIL,20160215,465.05,488.9,465.0,473.55,9472,5575
HILTON,20160215,16.9,16.9,16.85,16.9,161,161
HIMATSEIDE,20160215,165.5,184.3,165.5,181.0,441515,251027
HINDALCO,20160215,62.45,68.45,62.3,67.0,17333390,6499137
HINDCOMPOS,20160215,1030.0,1030.0,975.0,990.0,27,25
HINDCOPPER,20160215,45.5,48.55,45.2,47.0,147091,81502
HINDDORROL,20160215,12.5,12.5,11.55,11.85,123866,100409
HINDMOTORS,20160215,5.7,5.7,5.1,5.3,630022,450109
HINDNATGLS,20160215,69.1,69.1,61.95,63.2,4709,2604
HINDOILEXP,20160215,27.95,28.7,27.5,28.3,199654,118499
HINDPETRO,20160215,720.0,750.9,720.0,728.6,1322459,598840
HINDUJAFO,20160215,30.5,34.65,30.5,32.1,341,308
HINDUJAVEN,20160215,380.0,397.0,380.0,389.95,7473,6942
HINDUNILVR,20160215,817.0,821.95,798.0,804.7,1206980,691338
HINDZINC,20160215,160.0,169.9,160.0,167.95,613458,282524
HIRECT,20160215,71.9,71.9,68.0,68.6,6596,3277
HITACHIHOM,20160215,1086.95,1098.95,1047.0,1061.35,6071,3332
HITECHGEAR,20160215,251.05,261.5,248.65,254.5,9263,5365
HITECHPLAS,20160215,161.0,164.8,155.0,155.7,21293,13550
HMT,20160215,37.3,43.0,37.3,40.25,248612,72402
HMVL,20160215,265.4,277.95,265.4,270.05,15488,11598
HNGSNGBEES,20160215,1875.0,1875.0,1850.0,1875.0,28,26
HOCL,20160215,13.5,13.95,13.35,13.75,17572,14362
HONAUT,20160215,8299.0,8299.0,8100.0,8141.0,567,413
HONDAPOWER,20160215,1117.0,1170.0,1117.0,1160.15,2980,2652
HOTELEELA,20160215,17.0,17.7,17.0,17.45,141276,88410
HOVS,20160215,94.0,94.0,83.35,87.75,13929,8515
HSIL,20160215,254.9,260.0,248.25,250.85,76242,45658
HTMEDIA,20160215,78.65,80.0,77.0,79.5,55302,35896
HUBTOWN,20160215,108.0,109.0,104.0,104.95,5172,3466
HUDCO,20160215,1130.01,1144.0,1130.01,1139.5,2130,1821
HUDCO,20160215,1130.01,1144.0,1130.01,1139.5,1694,1480
HUDCO,20160215,1130.01,1144.0,1130.01,1139.5,27,27
HUDCO,20160215,1130.01,1144.0,1130.01,1139.5,300,300
HUDCO,20160215,1125.0,1125.0,1116.0,1122.0,2130,1821
HUDCO,20160215,1125.0,1125.0,1116.0,1122.0,1694,1480
HUDCO,20160215,1125.0,1125.0,1116.0,1122.0,27,27
HUDCO,20160215,1125.0,1125.0,1116.0,1122.0,300,300
HUDCO,20160215,1006.0,1006.0,1006.0,1006.0,2130,1821
HUDCO,20160215,1006.0,1006.0,1006.0,1006.0,1694,1480
HUDCO,20160215,1006.0,1006.0,1006.0,1006.0,27,27
HUDCO,20160215,1006.0,1006.0,1006.0,1006.0,300,300
HUDCO,20160215,1008.0,1008.0,1008.0,1008.0,2130,1821
HUDCO,20160215,1008.0,1008.0,1008.0,1008.0,1694,1480
HUDCO,20160215,1008.0,1008.0,1008.0,1008.0,27,27
HUDCO,20160215,1008.0,1008.0,1008.0,1008.0,300,300
IBREALEST,20160215,46.8,49.6,46.7,48.35,5235117,978293
IBULHSGFIN,20160215,612.0,639.95,600.7,634.6,1912256,976119
IBVENTURES,20160215,18.75,20.1,18.5,19.4,442846,292451
IBWSL,20160215,12.55,12.6,11.7,12.6,99701,98790
ICICIBANK,20160215,193.9,207.3,193.9,203.5,31027590,18594454
ICIL,20160215,971.0,1009.65,971.0,981.9,28062,17400
ICNX100,20160215,88.0,88.0,86.01,87.99,104,80
ICRA,20160215,3725.1,3900.0,3725.1,3834.2,874,358
ICSA,20160215,2.65,2.75,2.6,2.7,52699,35668
IDBI,20160215,50.3,54.9,50.3,53.65,5724589,818060
IDBIGOLD,20160215,2650.05,2690.0,2649.95,2686.6,144,106
IDEA,20160215,109.5,112.2,107.2,109.2,4531720,1588252
IDFC,20160215,38.45,42.25,38.2,41.25,5029499,1806996
IDFCBANK,20160215,51.25,54.3,51.2,54.0,1855770,906327
IDFCBANK,20160215,51.25,54.3,51.2,54.0,20,14
IDFCBANK,20160215,51.25,54.3,51.2,54.0,19,17
IDFCBANK,20160215,51.25,54.3,51.2,54.0,7,3
IDFCBANK,20160215,4727.1,4905.0,4727.1,4900.0,1855770,906327
IDFCBANK,20160215,4727.1,4905.0,4727.1,4900.0,20,14
IDFCBANK,20160215,4727.1,4905.0,4727.1,4900.0,19,17
IDFCBANK,20160215,4727.1,4905.0,4727.1,4900.0,7,3
IDFCBANK,20160215,7056.0,7099.0,6752.0,7099.0,1855770,906327
IDFCBANK,20160215,7056.0,7099.0,6752.0,7099.0,20,14
IDFCBANK,20160215,7056.0,7099.0,6752.0,7099.0,19,17
IDFCBANK,20160215,7056.0,7099.0,6752.0,7099.0,7,3
IDFCBANK,20160215,6600.0,6999.0,6551.0,6999.0,1855770,906327
IDFCBANK,20160215,6600.0,6999.0,6551.0,6999.0,20,14
IDFCBANK,20160215,6600.0,6999.0,6551.0,6999.0,19,17
IDFCBANK,20160215,6600.0,6999.0,6551.0,6999.0,7,3
IFBAGRO,20160215,365.0,383.95,361.2,369.7,10037,7182
IFBIND,20160215,308.0,322.95,304.5,315.6,3307,2447
IFCI,20160215,22.2,22.75,21.85,22.25,9809776,2970418
IFCI,20160215,22.2,22.75,21.85,22.25,20,20
IFCI,20160215,22.2,22.75,21.85,22.25,255,255
IFCI,20160215,22.2,22.75,21.85,22.25,11,11
IFCI,20160215,1050.0,1050.0,1050.0,1050.0,9809776,2970418
IFCI,20160215,1050.0,1050.0,1050.0,1050.0,20,20
IFCI,20160215,1050.0,1050.0,1050.0,1050.0,255,255
IFCI,20160215,1050.0,1050.0,1050.0,1050.0,11,11
IFCI,20160215,1015.0,1015.0,1010.0,1010.0,9809776,2970418
IFCI,20160215,1015.0,1015.0,1010.0,1010.0,20,20
IFCI,20160215,1015.0,1015.0,1010.0,1010.0,255,255
IFCI,20160215,1015.0,1015.0,1010.0,1010.0,11,11
IFCI,20160215,1010.15,1010.15,1010.15,1010.15,9809776,2970418
IFCI,20160215,1010.15,1010.15,1010.15,1010.15,20,20
IFCI,20160215,1010.15,1010.15,1010.15,1010.15,255,255
IFCI,20160215,1010.15,1010.15,1010.15,1010.15,11,11
IFGLREFRAC,20160215,78.45,85.0,78.45,83.05,15379,13529
IGARASHI,20160215,443.5,474.8,443.5,469.2,31319,18439
IGL,20160215,525.25,549.0,523.7,540.1,462705,149886
IGOLD,20160215,2642.1,2651.05,2623.0,2623.65,226,215
IGPL,20160215,84.55,94.0,84.5,91.0,17675,8348
IIFL,20160215,177.8,194.95,177.8,187.85,58759,39818
IIFLFIN,20160215,1115.0,1116.0,1115.0,1115.96,525,510
IIFLFIN,20160215,1115.0,1116.0,1115.0,1115.96,3794,3569
IIFLFIN,20160215,1115.0,1116.0,1115.0,1115.96,5,5
IIFLFIN,20160215,1115.0,1116.0,1115.0,1115.96,2807,2532
IIFLFIN,20160215,1115.0,1116.0,1115.0,1115.96,65,65
IIFLFIN,20160215,1115.0,1116.0,1115.0,1115.96,1533,1533
IIFLFIN,20160215,1077.5,1085.0,1076.05,1080.97,525,510
IIFLFIN,20160215,1077.5,1085.0,1076.05,1080.97,3794,3569
IIFLFIN,20160215,1077.5,1085.0,1076.05,1080.97,5,5
IIFLFIN,20160215,1077.5,1085.0,1076.05,1080.97,2807,2532
IIFLFIN,20160215,1077.5,1085.0,1076.05,1080.97,65,65
IIFLFIN,20160215,1077.5,1085.0,1076.05,1080.97,1533,1533
IIFLFIN,20160215,1135.0,1135.0,1135.0,1135.0,525,510
IIFLFIN,20160215,1135.0,1135.0,1135.0,1135.0,3794,3569
IIFLFIN,20160215,1135.0,1135.0,1135.0,1135.0,5,5
IIFLFIN,20160215,1135.0,1135.0,1135.0,1135.0,2807,2532
IIFLFIN,20160215,1135.0,1135.0,1135.0,1135.0,65,65
IIFLFIN,20160215,1135.0,1135.0,1135.0,1135.0,1533,1533
IIFLFIN,20160215,1016.01,1022.5,1016.01,1021.95,525,510
IIFLFIN,20160215,1016.01,1022.5,1016.01,1021.95,3794,3569
IIFLFIN,20160215,1016.01,1022.5,1016.01,1021.95,5,5
IIFLFIN,20160215,1016.01,1022.5,1016.01,1021.95,2807,2532
IIFLFIN,20160215,1016.01,1022.5,1016.01,1021.95,65,65
IIFLFIN,20160215,1016.01,1022.5,1016.01,1021.95,1533,1533
IIFLFIN,20160215,1119.85,1119.85,1119.85,1119.85,525,510
IIFLFIN,20160215,1119.85,1119.85,1119.85,1119.85,3794,3569
IIFLFIN,20160215,1119.85,1119.85,1119.85,1119.85,5,5
IIFLFIN,20160215,1119.85,1119.85,1119.85,1119.85,2807,2532
IIFLFIN,20160215,1119.85,1119.85,1119.85,1119.85,65,65
IIFLFIN,20160215,1119.85,1119.85,1119.85,1119.85,1533,1533
IIFLFIN,20160215,1061.5,1069.34,1061.5,1065.0,525,510
IIFLFIN,20160215,1061.5,1069.34,1061.5,1065.0,3794,3569
IIFLFIN,20160215,1061.5,1069.34,1061.5,1065.0,5,5
IIFLFIN,20160215,1061.5,1069.34,1061.5,1065.0,2807,2532
IIFLFIN,20160215,1061.5,1069.34,1061.5,1065.0,65,65
IIFLFIN,20160215,1061.5,1069.34,1061.5,1065.0,1533,1533
IIHFL,20160215,1043.05,1044.99,1043.05,1043.95,1670,1237
IIHFL,20160215,1043.05,1044.99,1043.05,1043.95,1025,742
IIHFL,20160215,1077.98,1077.99,1071.1,1073.42,1670,1237
IIHFL,20160215,1077.98,1077.99,1071.1,1073.42,1025,742
IITL,20160215,60.0,60.0,56.2,60.0,421,420
IL&FSENGG,20160215,46.5,47.5,43.7,44.95,64252,31632
IL&FSTRANS,20160215,69.0,71.8,67.25,68.6,174744,132503
IMFA,20160215,105.0,115.5,105.0,112.55,1882,815
IMPAL,20160215,676.0,690.0,670.0,670.3,341,323
IMPEXFERRO,20160215,1.65,1.75,1.65,1.65,99922,87984
INDBANK,20160215,6.8,7.45,6.55,7.3,28056,18198
INDHOTEL,20160215,97.35,103.0,97.35,99.29,13437,8624
INDHOTEL,20160215,97.35,103.0,97.35,99.29,651525,519840
INDHOTEL,20160215,102.8,106.75,101.6,104.55,13437,8624
INDHOTEL,20160215,102.8,106.75,101.6,104.55,651525,519840
INDIACEM,20160215,72.15,75.95,72.1,73.7,2771586,617563
INDIAGLYCO,20160215,70.0,76.95,69.05,72.35,151815,25266
INDIANB,20160215,86.0,88.9,83.35,85.85,186450,60255
INDIANCARD,20160215,189.85,193.75,184.0,188.25,9995,3411
INDIANHUME,20160215,318.0,327.7,306.2,314.4,12299,6461
INDIGO,20160215,798.85,849.9,791.0,839.05,1907183,789533
INDLMETER,20160215,79.9,84.35,76.5,80.5,7111,5240
INDNIPPON,20160215,340.0,359.6,337.25,345.9,1113,705
INDOCO,20160215,299.0,299.0,266.05,272.15,19143,6273
INDORAMA,20160215,27.8,28.95,27.6,28.1,54066,45934
INDOSOLAR,20160215,7.3,7.85,7.25,7.85,681177,497845
INDOTECH,20160215,165.0,173.7,164.0,170.0,10257,5541
INDOTHAI,20160215,24.9,24.9,22.8,24.0,7711,6136
INDRAMEDCO,20160215,48.95,51.25,47.9,50.25,77455,51519
INDSWFTLAB,20160215,38.5,40.75,38.5,40.15,46127,27613
INDTERRAIN,20160215,111.0,117.1,111.0,115.3,78824,71377
INDUSINDBK,20160215,825.0,832.0,817.25,823.7,2167942,1490535
INFINITE,20160215,192.0,212.0,192.0,204.4,46148,17477
INFOMEDIA,20160215,4.2,4.5,3.9,4.0,44741,23923
INFRABEES,20160215,226.1,239.65,226.1,239.65,5829,5524
INFRATEL,20160215,385.0,392.6,380.4,388.0,1314081,865890
INFY,20160215,1096.25,1100.2,1086.6,1091.75,2546739,1662965
INGERRAND,20160215,618.2,636.9,618.15,627.45,6676,4765
INIFTY,20160215,75.8,77.48,75.31,76.5,2055,1611
INOXLEISUR,20160215,182.7,188.7,182.7,184.95,43259,21640
INOXWIND,20160215,253.0,254.5,245.5,248.6,164723,100781
INSECTICID,20160215,299.9,310.0,299.9,303.65,18217,9076
INTELLECT,20160215,197.0,202.7,195.1,197.7,558677,200652
INVENTURE,20160215,11.4,12.85,11.25,12.85,15854,14276
IOB,20160215,22.8,24.1,22.0,23.65,1833816,297151
IOC,20160215,372.05,401.0,372.0,388.6,1511665,524104
IOLCP,20160215,69.0,70.7,68.25,69.15,31521,12480
IPAPPM,20160215,242.05,257.0,242.05,253.35,117232,110808
IPCALAB,20160215,589.4,624.0,589.4,618.9,86746,32596
IRB,20160215,208.0,219.5,208.0,216.5,1220038,205212
IRFC,20160215,1061.0,1061.0,1061.0,1061.0,201,201
IRFC,20160215,1061.0,1061.0,1061.0,1061.0,2037,1432
IRFC,20160215,1061.0,1061.0,1061.0,1061.0,17,17
IRFC,20160215,1061.0,1061.0,1061.0,1061.0,590,185
IRFC,20160215,1061.0,1061.0,1061.0,1061.0,1000,1000
IRFC,20160215,1061.0,1061.0,1061.0,1061.0,20,20
IRFC,20160215,1061.0,1061.0,1061.0,1061.0,50,50
IRFC,20160215,1061.0,1061.0,1061.0,1061.0,1000,1000
IRFC,20160215,1061.0,1061.0,1061.0,1061.0,2086,2086
IRFC,20160215,1061.0,1061.0,1061.0,1061.0,794,792
IRFC,20160215,1081.0,1081.0,1076.51,1078.06,201,201
IRFC,20160215,1081.0,1081.0,1076.51,1078.06,2037,1432
IRFC,20160215,1081.0,1081.0,1076.51,1078.06,17,17
IRFC,20160215,1081.0,1081.0,1076.51,1078.06,590,185
IRFC,20160215,1081.0,1081.0,1076.51,1078.06,1000,1000
IRFC,20160215,1081.0,1081.0,1076.51,1078.06,20,20
IRFC,20160215,1081.0,1081.0,1076.51,1078.06,50,50
IRFC,20160215,1081.0,1081.0,1076.51,1078.06,1000,1000
IRFC,20160215,1081.0,1081.0,1076.51,1078.06,2086,2086
IRFC,20160215,1081.0,1081.0,1076.51,1078.06,794,792
IRFC,20160215,1010.0,1010.0,1010.0,1010.0,201,201
IRFC,20160215,1010.0,1010.0,1010.0,1010.0,2037,1432
IRFC,20160215,1010.0,1010.0,1010.0,1010.0,17,17
IRFC,20160215,1010.0,1010.0,1010.0,1010.0,590,185
IRFC,20160215,1010.0,1010.0,1010.0,1010.0,1000,1000
IRFC,20160215,1010.0,1010.0,1010.0,1010.0,20,20
IRFC,20160215,1010.0,1010.0,1010.0,1010.0,50,50
IRFC,20160215,1010.0,1010.0,1010.0,1010.0,1000,1000
IRFC,20160215,1010.0,1010.0,1010.0,1010.0,2086,2086
IRFC,20160215,1010.0,1010.0,1010.0,1010.0,794,792
IRFC,20160215,1011.09,1027.8,1011.09,1012.95,201,201
IRFC,20160215,1011.09,1027.8,1011.09,1012.95,2037,1432
IRFC,20160215,1011.09,1027.8,1011.09,1012.95,17,17
IRFC,20160215,1011.09,1027.8,1011.09,1012.95,590,185
IRFC,20160215,1011.09,1027.8,1011.09,1012.95,1000,1000
IRFC,20160215,1011.09,1027.8,1011.09,1012.95,20,20
IRFC,20160215,1011.09,1027.8,1011.09,1012.95,50,50
IRFC,20160215,1011.09,1027.8,1011.09,1012.95,1000,1000
IRFC,20160215,1011.09,1027.8,1011.09,1012.95,2086,2086
IRFC,20160215,1011.09,1027.8,1011.09,1012.95,794,792
IRFC,20160215,1162.19,1162.19,1162.19,1162.19,201,201
IRFC,20160215,1162.19,1162.19,1162.19,1162.19,2037,1432
IRFC,20160215,1162.19,1162.19,1162.19,1162.19,17,17
IRFC,20160215,1162.19,1162.19,1162.19,1162.19,590,185
IRFC,20160215,1162.19,1162.19,1162.19,1162.19,1000,1000
IRFC,20160215,1162.19,1162.19,1162.19,1162.19,20,20
IRFC,20160215,1162.19,1162.19,1162.19,1162.19,50,50
IRFC,20160215,1162.19,1162.19,1162.19,1162.19,1000,1000
IRFC,20160215,1162.19,1162.19,1162.19,1162.19,2086,2086
IRFC,20160215,1162.19,1162.19,1162.19,1162.19,794,792
IRFC,20160215,1127.0,1127.0,1127.0,1127.0,201,201
IRFC,20160215,1127.0,1127.0,1127.0,1127.0,2037,1432
IRFC,20160215,1127.0,1127.0,1127.0,1127.0,17,17
IRFC,20160215,1127.0,1127.0,1127.0,1127.0,590,185
IRFC,20160215,1127.0,1127.0,1127.0,1127.0,1000,1000
IRFC,20160215,1127.0,1127.0,1127.0,1127.0,20,20
IRFC,20160215,1127.0,1127.0,1127.0,1127.0,50,50
IRFC,20160215,1127.0,1127.0,1127.0,1127.0,1000,1000
IRFC,20160215,1127.0,1127.0,1127.0,1127.0,2086,2086
IRFC,20160215,1127.0,1127.0,1127.0,1127.0,794,792
IRFC,20160215,1142.6,1142.6,1140.0,1140.0,201,201
IRFC,20160215,1142.6,1142.6,1140.0,1140.0,2037,1432
IRFC,20160215,1142.6,1142.6,1140.0,1140.0,17,17
IRFC,20160215,1142.6,1142.6,1140.0,1140.0,590,185
IRFC,20160215,1142.6,1142.6,1140.0,1140.0,1000,1000
IRFC,20160215,1142.6,1142.6,1140.0,1140.0,20,20
IRFC,20160215,1142.6,1142.6,1140.0,1140.0,50,50
IRFC,20160215,1142.6,1142.6,1140.0,1140.0,1000,1000
IRFC,20160215,1142.6,1142.6,1140.0,1140.0,2086,2086
IRFC,20160215,1142.6,1142.6,1140.0,1140.0,794,792
IRFC,20160215,1200.0,1200.0,1200.0,1200.0,201,201
IRFC,20160215,1200.0,1200.0,1200.0,1200.0,2037,1432
IRFC,20160215,1200.0,1200.0,1200.0,1200.0,17,17
IRFC,20160215,1200.0,1200.0,1200.0,1200.0,590,185
IRFC,20160215,1200.0,1200.0,1200.0,1200.0,1000,1000
IRFC,20160215,1200.0,1200.0,1200.0,1200.0,20,20
IRFC,20160215,1200.0,1200.0,1200.0,1200.0,50,50
IRFC,20160215,1200.0,1200.0,1200.0,1200.0,1000,1000
IRFC,20160215,1200.0,1200.0,1200.0,1200.0,2086,2086
IRFC,20160215,1200.0,1200.0,1200.0,1200.0,794,792
IRFC,20160215,1009.0,1011.0,1008.1,1009.5,201,201
IRFC,20160215,1009.0,1011.0,1008.1,1009.5,2037,1432
IRFC,20160215,1009.0,1011.0,1008.1,1009.5,17,17
IRFC,20160215,1009.0,1011.0,1008.1,1009.5,590,185
IRFC,20160215,1009.0,1011.0,1008.1,1009.5,1000,1000
IRFC,20160215,1009.0,1011.0,1008.1,1009.5,20,20
IRFC,20160215,1009.0,1011.0,1008.1,1009.5,50,50
IRFC,20160215,1009.0,1011.0,1008.1,1009.5,1000,1000
IRFC,20160215,1009.0,1011.0,1008.1,1009.5,2086,2086
IRFC,20160215,1009.0,1011.0,1008.1,1009.5,794,792
IRFC,20160215,1020.0,1020.0,1001.0,1017.0,201,201
IRFC,20160215,1020.0,1020.0,1001.0,1017.0,2037,1432
IRFC,20160215,1020.0,1020.0,1001.0,1017.0,17,17
IRFC,20160215,1020.0,1020.0,1001.0,1017.0,590,185
IRFC,20160215,1020.0,1020.0,1001.0,1017.0,1000,1000
IRFC,20160215,1020.0,1020.0,1001.0,1017.0,20,20
IRFC,20160215,1020.0,1020.0,1001.0,1017.0,50,50
IRFC,20160215,1020.0,1020.0,1001.0,1017.0,1000,1000
IRFC,20160215,1020.0,1020.0,1001.0,1017.0,2086,2086
IRFC,20160215,1020.0,1020.0,1001.0,1017.0,794,792
ISFT,20160215,280.0,309.4,273.0,306.6,79609,58708
ISMTLTD,20160215,7.5,7.55,7.25,7.35,38920,17594
ITC,20160215,303.0,306.0,298.4,303.7,8010757,6145344
ITDCEM,20160215,96.0,97.0,91.35,94.65,37361,26416
ITI,20160215,24.5,26.3,24.0,25.5,136510,52841
IVC,20160215,16.0,16.8,15.8,16.05,163517,123944
IVP,20160215,79.55,86.65,79.55,83.85,5882,4492
IVRCLINFRA,20160215,7.0,7.4,6.9,7.15,671856,343521
IZMO,20160215,42.0,47.85,42.0,44.7,76165,44057
J&KBANK,20160215,68.8,69.85,67.7,68.2,262503,144889
JAGRAN,20160215,152.25,158.75,152.25,156.4,30903,17428
JAGSNPHARM,20160215,35.2,37.8,35.0,35.6,37542,22757
JAIBALAJI,20160215,6.25,6.35,5.85,6.15,16602,11758
JAICORPLTD,20160215,58.0,60.9,57.7,59.6,848078,247476
JAIHINDPRO,20160215,10.35,10.35,9.95,10.15,1970,1205
JAMNAAUTO,20160215,129.3,135.0,129.3,134.25,356189,178101
JAYAGROGN,20160215,111.95,114.0,101.65,106.7,9502,4655
JAYBARMARU,20160215,126.5,128.0,122.0,125.55,3222,2684
JAYNECOIND,20160215,7.0,7.55,7.0,7.25,20907,15512
JAYSREETEA,20160215,66.15,73.0,66.15,69.8,46363,27463
JBCHEPHARM,20160215,242.1,251.0,242.1,247.1,54715,33082
JBFIND,20160215,179.15,186.05,179.1,184.9,203675,135346
JBMA,20160215,116.2,139.4,116.2,136.75,26187,17921
JCTEL,20160215,0.3,0.35,0.3,0.3,37920,37920
JENSONICOL,20160215,7.65,8.3,7.65,8.1,71606,50648
JETAIRWAYS,20160215,559.0,575.8,547.7,566.2,5894194,589747
JINDALPHOT,20160215,130.0,139.7,127.0,136.45,2876,1385
JINDALPOLY,20160215,404.0,421.5,404.0,410.4,54542,20811
JINDALSAW,20160215,37.7,39.6,36.0,38.85,376754,137031
JINDALSTEL,20160215,56.3,65.45,56.1,63.15,17147005,5704037
JINDCOT,20160215,9.0,9.8,8.85,9.75,46559,31952
JINDRILL,20160215,110.0,116.95,109.05,111.55,4545,2590
JINDWORLD,20160215,150.0,150.0,143.0,143.0,421,414
JISLDVREQS,20160215,38.45,40.0,37.85,38.75,68221,43365
JISLJALEQS,20160215,54.0,55.25,53.05,53.4,5304324,2534625
JKCEMENT,20160215,455.1,455.1,432.2,453.0,8081,6179
JKIL,20160215,302.7,302.7,282.2,289.7,36019,27844
JKLAKSHMI,20160215,266.0,271.35,266.0,269.8,70631,64634
JKPAPER,20160215,42.85,44.0,42.5,43.05,118868,61098
JKTYRE,20160215,81.85,83.95,81.0,82.0,1297259,643544
JMA,20160215,174.4,183.9,174.1,183.9,511,461
JMCPROJECT,20160215,200.5,208.5,199.95,206.15,4693,3563
JMFINANCIL,20160215,36.0,37.2,35.25,36.85,192677,137204
JMTAUTOLTD,20160215,61.0,68.3,57.35,67.25,26545,13622
JOCIL,20160215,163.65,163.65,148.4,158.05,8485,6555
JPASSOCIAT,20160215,7.3,7.8,7.3,7.5,21258933,8789366
JPINFRATEC,20160215,9.25,9.5,8.9,9.4,408651,241061
JPOLYINVST,20160215,67.0,73.0,67.0,71.0,875,817
JPPOWER,20160215,5.15,5.4,5.15,5.3,1436500,1016959
JSL,20160215,20.7,21.7,19.65,19.9,652833,313103
JSLHISAR,20160215,30.0,32.5,28.4,29.0,343098,182731
JSWENERGY,20160215,64.4,67.35,63.95,65.8,1645825,486171
JSWHL,20160215,972.0,1003.0,971.95,991.35,2298,1740
JSWSTEEL,20160215,1018.0,1057.5,1016.0,1041.4,946788,290052
JSWSTEEL,20160215,1018.0,1057.5,1016.0,1041.4,3816,3816
JSWSTEEL,20160215,7.0,7.1,7.0,7.0,946788,290052
JSWSTEEL,20160215,7.0,7.1,7.0,7.0,3816,3816
JUBILANT,20160215,317.0,329.15,312.0,314.55,470358,144518
JUBLFOOD,20160215,985.0,1049.0,958.15,1026.3,1115598,501419
JUBLINDS,20160215,133.25,140.0,127.25,136.05,10302,8005
JUNIORBEES,20160215,176.6,187.87,175.0,183.47,9563,5213
JUSTDIAL,20160215,425.05,482.0,422.5,465.65,4376115,222273
JVLAGRO,20160215,15.4,17.4,15.4,16.85,53431,42061
JYOTHYLAB,20160215,266.0,276.6,265.25,272.4,104466,68189
JYOTISTRUC,20160215,13.8,13.9,13.05,13.35,263346,186399
KABRAEXTRU,20160215,81.0,83.0,80.0,82.4,10348,8480
KAJARIACER,20160215,879.0,910.0,879.0,899.8,80066,48343
KAKATCEM,20160215,125.0,128.8,122.0,126.25,17785,14412
KALINDEE,20160215,135.7,141.0,135.7,138.75,106686,39997
KALPATPOWR,20160215,176.0,177.5,164.0,176.5,94594,73948
KAMATHOTEL,20160215,32.1,35.0,30.2,33.45,7510,5377
KANANIIND,20160215,13.5,14.45,13.2,14.45,53909,28048
KANORICHEM,20160215,56.0,58.2,56.0,57.55,28617,19905
KANSAINER,20160215,269.9,276.9,264.0,265.05,258348,147056
KARMAENG,20160215,19.85,20.0,16.4,19.8,343,150
KARURVYSYA,20160215,436.5,447.5,432.0,435.65,62382,29954
KAUSHALYA,20160215,3.8,4.3,3.8,3.95,5825,5388
KAVVERITEL,20160215,15.5,18.45,15.5,16.35,2212,1261
KAYA,20160215,820.0,860.9,820.0,834.6,78974,73625
KCP,20160215,64.0,65.9,62.0,64.2,118957,82805
KCPSUGIND,20160215,19.55,20.25,19.35,19.5,406326,266899
KEC,20160215,104.8,109.85,103.15,108.9,406895,214028
KECL,20160215,24.1,25.7,24.1,24.75,163065,86947
KEI,20160215,104.8,107.9,103.55,104.7,135591,55054
KEMROCK,20160215,15.4,16.8,15.4,16.45,3227,3147
KESARENT,20160215,26.0,27.45,23.5,24.1,1100,800
KESORAMIND,20160215,75.45,78.65,75.45,78.65,70500,62911
KGL,20160215,1.7,1.9,1.7,1.85,1205236,653680
KHAITANELE,20160215,34.55,36.5,34.55,35.1,281,265
KICL,20160215,1462.0,1545.0,1428.8,1535.0,71,34
KIL,20160215,49.9,51.7,47.65,50.1,44111,19062
KILITCH,20160215,40.5,40.5,35.0,38.1,11609,8818
KIRIINDUS,20160215,76.0,82.0,76.0,78.4,12328,5893
KIRLOSBROS,20160215,114.0,124.85,114.0,123.85,43869,28279
KIRLOSENG,20160215,219.45,219.45,214.95,216.5,4964,3157
KIRLOSIND,20160215,565.2,650.0,565.2,600.0,132,90
KITEX,20160215,414.5,420.45,404.0,406.55,89713,40691
KKCL,20160215,1930.0,1930.0,1825.0,1873.85,376,270
KMSUGAR,20160215,3.85,3.85,3.85,3.85,631334,631333
KNRCON,20160215,488.0,488.0,446.2,453.55,13797,9804
KOHINOOR,20160215,39.8,42.0,38.9,41.9,138909,115626
KOKUYOCMLN,20160215,69.0,73.0,69.0,72.35,111800,105495
KOLTEPATIL,20160215,105.9,108.95,103.1,106.5,58043,26231
KOPRAN,20160215,44.75,48.1,44.75,47.55,355109,124083
KOTAKBANK,20160215,627.0,636.4,622.05,625.25,1276295,733125
KOTAKBKETF,20160215,141.57,145.78,141.57,145.29,3222,2148
KOTAKGOLD,20160215,256.0,256.75,254.1,254.65,47240,30211
KOTAKNIFTY,20160215,710.0,726.02,710.0,724.79,11353,8120
KOTAKNV20,20160215,32.25,32.25,32.25,32.25,35,35
KOTAKPSUBK,20160215,201.0,221.5,201.0,218.46,10985,9437
KOTARISUG,20160215,9.4,9.4,8.85,9.15,12605,10144
KOTHARIPET,20160215,19.9,20.7,18.4,19.5,32017,19075
KOTHARIPRO,20160215,171.05,175.45,166.4,168.8,17348,6771
KPIT,20160215,115.5,123.0,115.5,120.8,251707,129823
KPRMILL,20160215,679.0,680.0,656.0,676.65,12331,7921
KRBL,20160215,187.4,193.7,179.0,189.05,128512,50419
KRIDHANINF,20160215,97.8,101.7,89.15,100.4,123506,53887
KSBPUMPS,20160215,516.0,548.95,516.0,531.0,748,350
KSCL,20160215,346.4,358.0,344.0,352.5,412295,129705
KSERASERA,20160215,0.25,0.25,0.2,0.25,75957,48611
KSK,20160215,41.9,43.95,41.3,42.65,62285,32035
KSL,20160215,131.0,141.5,131.0,139.15,145903,72632
KTIL,20160215,405.05,409.8,386.7,400.0,1653,1140
KTKBANK,20160215,91.15,94.35,91.15,93.5,1160770,233708
KWALITY,20160215,87.9,92.4,87.05,89.9,984362,311722
L&TFH,20160215,50.65,52.3,50.55,52.0,1322181,530031
L&TFINANCE,20160215,1845.0,1845.0,1840.0,1842.05,227,227
L&TFINANCE,20160215,1845.0,1845.0,1840.0,1842.05,479,452
L&TFINANCE,20160215,1095.0,1096.0,1090.05,1090.16,227,227
L&TFINANCE,20160215,1095.0,1096.0,1090.05,1090.16,479,452
L&TINFRA,20160215,1360.0,1385.0,1360.0,1381.61,249,224
L&TINFRA,20160215,1360.0,1385.0,1360.0,1381.61,1011,540
L&TINFRA,20160215,1360.0,1385.0,1360.0,1381.61,368,363
L&TINFRA,20160215,931.0,940.0,931.0,939.99,249,224
L&TINFRA,20160215,931.0,940.0,931.0,939.99,1011,540
L&TINFRA,20160215,931.0,940.0,931.0,939.99,368,363
L&TINFRA,20160215,1331.0,1341.0,1331.0,1341.0,249,224
L&TINFRA,20160215,1331.0,1341.0,1331.0,1341.0,1011,540
L&TINFRA,20160215,1331.0,1341.0,1331.0,1341.0,368,363
LAKPRE,20160215,39.0,40.0,38.65,38.65,2560,2460
LAKSHMIEFL,20160215,15.05,15.9,14.55,15.2,143655,81810
LAKSHVILAS,20160215,91.05,95.5,91.05,94.05,228245,89148
LALPATHLAB,20160215,833.0,850.0,811.25,825.35,148787,48897
LAMBODHARA,20160215,108.8,115.0,106.7,110.75,33502,15364
LAOPALA,20160215,589.0,589.0,565.4,576.55,8888,4114
LAXMIMACH,20160215,3249.4,3254.4,2934.5,3201.25,8629,5273
LGBBROSLTD,20160215,402.0,437.95,402.0,434.2,3399,2762
LGBFORGE,20160215,5.4,5.7,5.4,5.65,91180,57553
LIBERTSHOE,20160215,132.0,138.0,132.0,137.05,32914,15981
LICHSGFIN,20160215,416.0,432.8,414.2,427.95,1718289,633434
LICNETFGSC,20160215,14.59,14.59,14.59,14.59,206,206
LINCOLN,20160215,161.8,169.7,155.0,162.2,112093,46565
LINCPEN,20160215,174.0,189.95,174.0,181.2,3505,2162
LINDEINDIA,20160215,252.1,258.8,249.95,253.55,1761,1301
LIQUIDBEES,20160215,1000.0,1000.01,999.99,1000.0,293813,239966
LITL,20160215,6.1,6.2,5.9,5.95,7309492,3056452
LLOYDELENG,20160215,200.9,216.2,192.1,207.9,625575,230077
LML,20160215,7.9,7.95,7.0,7.35,318180,184688
LOKESHMACH,20160215,60.2,67.6,60.2,66.5,25430,16949
LOTUSEYE,20160215,17.0,18.1,16.5,17.05,46338,27830
LOVABLE,20160215,227.45,230.0,216.15,228.5,25624,9207
LPDC,20160215,3.35,3.35,3.2,3.2,22315,17455
LT,20160215,1072.3,1154.7,1064.55,1149.4,3959484,1909504
LUMAXAUTO,20160215,34.2,36.4,34.2,36.0,9223,5491
LUMAXIND,20160215,385.0,398.0,380.0,388.9,6672,4245
LUMAXTECH,20160215,308.0,320.8,302.05,315.2,17387,14944
LUPIN,20160215,1780.0,1837.3,1775.75,1798.45,1038639,490152
LUXIND,20160215,2933.0,3110.0,2933.0,3049.95,1108,738
LYCOS,20160215,25.55,27.25,25.5,27.0,472019,274725
LYKALABS,20160215,71.9,72.9,70.15,71.8,318651,182690
LYPSAGEMS,20160215,98.0,103.0,97.65,98.7,20728,6614
M&M,20160215,1163.0,1230.95,1161.6,1226.8,746837,328604
M&MFIN,20160215,194.0,213.1,194.0,207.25,908332,279951
M100,20160215,12.59,12.88,12.59,12.74,13353,6258
M50,20160215,69.9,69.9,65.66,67.42,3942,3700
MAANALU,20160215,29.9,29.9,27.0,29.0,4423,2767
MADHAV,20160215,44.5,46.0,41.8,41.8,81250,54121
MADHUCON,20160215,47.9,51.9,46.2,49.95,55332,30497
MADRASFERT,20160215,12.65,12.65,11.5,11.95,20350,13795
MAGMA,20160215,75.5,81.0,75.5,80.4,135342,119053
MAHABANK,20160215,28.5,30.55,28.3,29.95,242870,97619
MAHINDCIE,20160215,190.0,198.0,190.0,194.2,56906,30728
MAHLIFE,20160215,441.2,462.85,441.2,451.9,2727,1874
MAHSCOOTER,20160215,1115.0,1155.0,1115.0,1147.05,320,268
MAHSEAMLES,20160215,141.75,145.9,140.1,143.7,19999,17434
MAITHANALL,20160215,94.8,100.8,91.2,92.0,818,358
MAJESCO,20160215,484.0,526.0,484.0,500.85,211128,123247
MALUPAPER,20160215,12.9,12.9,12.1,12.1,850,600
MANAKALUCO,20160215,3.2,3.65,3.0,3.5,97501,96360
MANAKCOAT,20160215,6.0,6.0,5.85,6.0,1209,1209
MANAKINDST,20160215,4.8,4.9,4.55,4.65,8969,8833
MANAKSIA,20160215,37.5,39.65,37.0,39.25,1555,957
MANAKSTEEL,20160215,7.35,7.35,6.65,6.65,35746,21867
MANALIPETC,20160215,23.65,24.15,23.55,24.05,252327,174030
MANAPPURAM,20160215,30.2,32.5,30.2,31.8,6592185,4043495
MANAPPURAM,20160215,30.2,32.5,30.2,31.8,200,200
MANAPPURAM,20160215,30.2,32.5,30.2,31.8,151,151
MANAPPURAM,20160215,1025.0,1025.0,1025.0,1025.0,6592185,4043495
MANAPPURAM,20160215,1025.0,1025.0,1025.0,1025.0,200,200
MANAPPURAM,20160215,1025.0,1025.0,1025.0,1025.0,151,151
MANAPPURAM,20160215,1012.0,1012.0,1012.0,1012.0,6592185,4043495
MANAPPURAM,20160215,1012.0,1012.0,1012.0,1012.0,200,200
MANAPPURAM,20160215,1012.0,1012.0,1012.0,1012.0,151,151
MANDHANA,20160215,291.0,301.0,291.0,293.25,25785,7354
MANGALAM,20160215,146.55,161.05,146.55,161.05,105774,59410
MANGCHEFER,20160215,39.0,40.0,38.75,39.65,5854,4670
MANGLMCEM,20160215,158.0,170.0,158.0,167.45,12692,6286
MANGTIMBER,20160215,22.1,22.8,21.5,21.8,14481,7152
MANINDS,20160215,65.4,66.0,61.65,62.6,370722,176058
MANINFRA,20160215,30.45,32.8,30.45,31.9,517848,286586
MANPASAND,20160215,426.0,458.95,426.0,444.3,1869,1191
MANUGRAPH,20160215,43.05,47.85,42.0,45.2,15072,10063
MARALOVER,20160215,23.2,25.9,23.2,24.6,35352,23207
MARICO,20160215,233.0,233.0,227.05,229.15,3516834,3061246
MARKSANS,20160215,43.0,46.9,42.0,43.55,6525726,2763823
MARUTI,20160215,3605.95,3724.9,3604.4,3711.25,1182286,723855
MASTEK,20160215,110.0,119.7,110.0,113.3,180183,87431
MAWANASUG,20160215,17.15,19.25,17.1,19.25,109829,81665
MAX,20160215,316.0,337.0,316.0,329.3,70757,48458
MAXWELL,20160215,38.05,40.2,36.65,38.75,208144,79451
MAYURUNIQ,20160215,409.05,420.0,405.05,409.85,30698,16890
MBECL,20160215,67.65,71.25,67.65,69.1,28127,21425
MBLINFRA,20160215,130.15,144.45,130.15,140.6,114601,62428
MCDHOLDING,20160215,23.0,26.0,23.0,25.45,39591,21305
MCDOWELL-N,20160215,2375.0,2395.05,2331.0,2378.45,419318,351793
MCLEODRUSS,20160215,138.5,146.8,138.5,142.35,557126,33066
MCX,20160215,757.1,790.95,752.0,758.25,86177,37012
MEGASOFT,20160215,6.55,7.15,6.15,6.8,135633,87599
MEGH,20160215,19.25,20.15,19.25,19.6,676686,275776
MENONBE,20160215,51.9,54.55,51.25,53.7,13045,8851
MEP,20160215,40.4,46.0,38.6,45.1,957500,423858
MERCATOR,20160215,17.3,18.35,17.3,17.95,371857,203291
MERCK,20160215,634.0,652.55,634.0,649.0,9403,6859
METALFORGE,20160215,55.8,56.95,53.5,55.85,62136,42257
METKORE,20160215,3.0,3.05,2.95,3.05,7702,6154
MHRIL,20160215,361.5,375.0,359.5,370.1,21012,14940
MIC,20160215,20.2,21.2,19.9,20.45,544406,321631
MICROSEC,20160215,68.0,71.25,68.0,70.35,9412,6743
MINDACORP,20160215,91.5,93.0,90.2,92.3,23395,13772
MINDAIND,20160215,790.0,831.0,789.95,816.9,8201,3373
MINDTREE,20160215,1458.0,1464.9,1435.0,1438.6,62323,29737
MIRCELECTR,20160215,11.2,11.7,10.7,11.7,458428,323382
MIRZAINT,20160215,95.8,101.5,92.5,99.65,483348,124280
MITCON,20160215,61.0,61.0,61.0,61.0,2000,2000
MMFL,20160215,380.0,449.0,380.0,416.2,7841,4578
MMTC,20160215,37.7,39.0,37.2,38.2,467658,120777
MOHITIND,20160215,60.2,61.0,57.0,59.35,29729,4485
MOIL,20160215,184.05,193.7,184.0,188.85,71341,51920
MOLDTKPAC,20160215,247.4,250.0,241.5,249.55,11461,7560
MOMAI,20160215,82.0,85.0,82.0,85.0,6400,6400
MONNETISPA,20160215,21.0,23.2,21.0,22.8,89617,41745
MONSANTO,20160215,1993.0,2040.0,1975.0,1981.85,6387,3874
MONTECARLO,20160215,383.1,405.8,383.1,388.6,11952,8452
MORARJEE,20160215,30.15,33.85,30.15,33.45,21837,21229
MOREPENLAB,20160215,28.8,30.0,27.45,27.75,3332528,1689403
MOSERBAER,20160215,9.0,9.9,9.0,9.75,555375,322947
MOTHERSUMI,20160215,228.0,243.6,227.55,240.55,2328514,897750
MOTILALOFS,20160215,284.0,284.0,270.05,274.9,19723,16267
MPHASIS,20160215,429.0,450.0,429.0,439.55,126656,66519
MPSLTD,20160215,645.0,686.0,645.0,675.85,9893,6727
MRF,20160215,32299.0,33499.4,32299.0,33317.65,5158,1713
MRO-TEK,20160215,43.5,47.15,42.4,45.9,273502,87824
MRPL,20160215,61.0,62.2,59.4,60.8,701751,179964
MSPL,20160215,10.75,11.85,10.2,10.25,7422,4820
MTEDUCARE,20160215,145.75,157.0,145.65,154.45,124525,60535
MTNL,20160215,15.9,17.45,15.6,17.0,1879939,734716
MUKANDENGG,20160215,26.0,27.0,24.4,26.55,74047,72969
MUKANDLTD,20160215,33.3,35.0,33.2,33.5,76488,70950
MUKTAARTS,20160215,47.0,51.0,47.0,48.1,31756,18576
MUNJALAU,20160215,69.7,70.8,68.35,69.8,31728,17441
MUNJALSHOW,20160215,164.0,173.7,164.0,169.35,7299,4428
MURUDCERA,20160215,19.4,20.0,18.6,19.0,23437,16946
MUTHOOTCAP,20160215,134.75,139.95,134.75,136.2,725,694
MUTHOOTFIN,20160215,182.65,185.95,179.5,185.0,220598,201123
MUTHOOTFIN,20160215,182.65,185.95,179.5,185.0,866,705
MUTHOOTFIN,20160215,182.65,185.95,179.5,185.0,480,470
MUTHOOTFIN,20160215,1048.2,1055.0,1048.2,1051.07,220598,201123
MUTHOOTFIN,20160215,1048.2,1055.0,1048.2,1051.07,866,705
MUTHOOTFIN,20160215,1048.2,1055.0,1048.2,1051.07,480,470
MUTHOOTFIN,20160215,1020.0,1027.0,1020.0,1027.0,220598,201123
MUTHOOTFIN,20160215,1020.0,1027.0,1020.0,1027.0,866,705
MUTHOOTFIN,20160215,1020.0,1027.0,1020.0,1027.0,480,470
MVL,20160215,0.4,0.4,0.35,0.4,19359,19155
MYSOREBANK,20160215,373.0,387.0,366.0,379.55,2360,1458
N100,20160215,299.4,320.0,294.0,305.1,1208,915
NAGAROIL,20160215,4.0,4.5,4.0,4.1,177409,134552
NAGREEKEXP,20160215,26.5,27.95,24.05,24.95,1355,865
NAHARCAP,20160215,50.7,51.05,46.7,51.0,7427,7085
NAHARINDUS,20160215,48.8,50.0,46.05,49.4,17169,13522
NAHARPOLY,20160215,29.3,32.1,27.55,28.75,74195,57170
NAHARSPING,20160215,88.0,89.9,86.0,88.75,29499,17508
NATCOPHARM,20160215,464.0,468.0,453.0,461.55,148731,77027
NATHBIOGEN,20160215,60.1,68.35,60.1,65.15,17900,16514
NATIONALUM,20160215,31.7,32.9,31.4,32.15,1503372,745879
NAUKRI,20160215,727.25,753.0,727.25,734.25,34695,23989
NAVINFLUOR,20160215,1500.0,1626.95,1500.0,1606.15,18366,5287
NAVKARCORP,20160215,170.0,172.6,165.0,167.6,75767,51636
NAVNETEDUL,20160215,85.0,85.0,82.05,83.5,12973,6765
NBCC,20160215,852.0,873.95,851.0,866.7,95268,31892
NBVENTURES,20160215,154.3,156.0,141.15,150.85,29044,21535
NCC,20160215,60.5,65.1,60.5,64.35,4088345,1869570
NCLIND,20160215,90.0,91.9,87.0,89.05,179013,84871
NDL,20160215,118.95,128.9,115.4,125.95,211729,56545
NDTV,20160215,102.8,106.35,101.05,106.05,178999,46851
NECLIFE,20160215,37.95,39.1,37.6,38.7,387434,178401
NELCAST,20160215,63.85,63.85,60.6,61.85,95894,81719
NELCO,20160215,75.8,81.2,74.8,79.6,188839,61009
NESCO,20160215,1530.0,1564.95,1528.7,1548.8,344,263
NESTLEIND,20160215,5058.0,5149.0,5019.95,5057.75,66272,56948
NETWORK18,20160215,41.95,43.4,41.95,42.4,304032,222213
NEULANDLAB,20160215,585.0,617.0,576.1,583.45,27719,18326
NEXTMEDIA,20160215,17.3,17.3,15.6,16.85,68626,45084
NEYVELILIG,20160215,67.95,68.35,66.15,66.9,41094,29459
NFL,20160215,25.85,27.5,25.85,26.95,153632,73433
NGCT,20160215,1.65,1.65,1.65,1.65,500,500
NH,20160215,291.7,298.5,290.2,294.75,290784,226913
NHAI,20160215,1081.0,1082.0,1080.15,1080.16,2515,1500
NHAI,20160215,1081.0,1082.0,1080.15,1080.16,4000,4000
NHAI,20160215,1081.0,1082.0,1080.15,1080.16,1824,1697
NHAI,20160215,1081.0,1082.0,1080.15,1080.16,325,325
NHAI,20160215,1081.0,1082.0,1080.15,1080.16,1900,1900
NHAI,20160215,1081.0,1082.0,1080.15,1080.16,9238,9158
NHAI,20160215,1102.91,1103.0,1102.91,1103.0,2515,1500
NHAI,20160215,1102.91,1103.0,1102.91,1103.0,4000,4000
NHAI,20160215,1102.91,1103.0,1102.91,1103.0,1824,1697
NHAI,20160215,1102.91,1103.0,1102.91,1103.0,325,325
NHAI,20160215,1102.91,1103.0,1102.91,1103.0,1900,1900
NHAI,20160215,1102.91,1103.0,1102.91,1103.0,9238,9158
NHAI,20160215,1190.0,1190.5,1184.11,1186.4,2515,1500
NHAI,20160215,1190.0,1190.5,1184.11,1186.4,4000,4000
NHAI,20160215,1190.0,1190.5,1184.11,1186.4,1824,1697
NHAI,20160215,1190.0,1190.5,1184.11,1186.4,325,325
NHAI,20160215,1190.0,1190.5,1184.11,1186.4,1900,1900
NHAI,20160215,1190.0,1190.5,1184.11,1186.4,9238,9158
NHAI,20160215,1003.9,1004.8,1001.05,1001.1,2515,1500
NHAI,20160215,1003.9,1004.8,1001.05,1001.1,4000,4000
NHAI,20160215,1003.9,1004.8,1001.05,1001.1,1824,1697
NHAI,20160215,1003.9,1004.8,1001.05,1001.1,325,325
NHAI,20160215,1003.9,1004.8,1001.05,1001.1,1900,1900
NHAI,20160215,1003.9,1004.8,1001.05,1001.1,9238,9158
NHAI,20160215,1012.0,1012.49,1012.0,1012.49,2515,1500
NHAI,20160215,1012.0,1012.49,1012.0,1012.49,4000,4000
NHAI,20160215,1012.0,1012.49,1012.0,1012.49,1824,1697
NHAI,20160215,1012.0,1012.49,1012.0,1012.49,325,325
NHAI,20160215,1012.0,1012.49,1012.0,1012.49,1900,1900
NHAI,20160215,1012.0,1012.49,1012.0,1012.49,9238,9158
NHAI,20160215,1011.1,1011.5,1009.25,1010.03,2515,1500
NHAI,20160215,1011.1,1011.5,1009.25,1010.03,4000,4000
NHAI,20160215,1011.1,1011.5,1009.25,1010.03,1824,1697
NHAI,20160215,1011.1,1011.5,1009.25,1010.03,325,325
NHAI,20160215,1011.1,1011.5,1009.25,1010.03,1900,1900
NHAI,20160215,1011.1,1011.5,1009.25,1010.03,9238,9158
NHBTF2014,20160215,5820.0,5820.0,5805.0,5813.95,159,158
NHBTF2023,20160215,6090.0,6090.0,6050.0,6060.0,36,36
NHPC,20160215,20.05,20.75,20.05,20.45,3724928,1624625
NHPC,20160215,20.05,20.75,20.05,20.45,2,2
NHPC,20160215,20.05,20.75,20.05,20.45,1050,1050
NHPC,20160215,1080.05,1080.05,1080.05,1080.05,3724928,1624625
NHPC,20160215,1080.05,1080.05,1080.05,1080.05,2,2
NHPC,20160215,1080.05,1080.05,1080.05,1080.05,1050,1050
NHPC,20160215,1205.0,1205.0,1205.0,1205.0,3724928,1624625
NHPC,20160215,1205.0,1205.0,1205.0,1205.0,2,2
NHPC,20160215,1205.0,1205.0,1205.0,1205.0,1050,1050
NIBL,20160215,50.5,52.5,50.5,51.9,872,772
NIFTYBEES,20160215,711.4,725.85,711.4,723.27,75587,33941
NIITLTD,20160215,72.7,76.5,72.7,75.9,861006,438037
NIITTECH,20160215,508.0,508.0,493.15,499.45,73506,41686
NILAINFRA,20160215,12.7,13.3,12.7,12.95,323672,221277
NILKAMAL,20160215,1064.7,1124.9,1064.7,1099.15,136811,27587
NIPPOBATRY,20160215,890.1,942.6,890.1,908.15,2150,1109
NIRVIKARA,20160215,43.4,45.5,43.0,45.3,579,522
NITCO,20160215,30.6,33.6,30.55,32.65,153934,81610
NITESHEST,20160215,12.45,12.55,12.0,12.15,179770,123879
NITINFIRE,20160215,31.75,33.9,31.75,33.2,247075,131213
NITINSPIN,20160215,56.9,61.55,54.7,57.75,106502,64713
NMDC,20160215,85.8,92.75,82.0,89.75,10409773,3710971
NOCIL,20160215,43.3,43.6,42.15,42.65,1610832,1301188
NOIDATOLL,20160215,22.2,23.25,22.2,23.05,134043,106595
NORBTEAEXP,20160215,8.8,8.8,8.1,8.35,393,323
NRBBEARING,20160215,117.9,119.0,112.0,113.6,12800,8257
NSIL,20160215,591.0,605.0,575.0,578.45,229,219
NTPC,20160215,125.2,127.25,123.45,124.8,3715242,2062993
NTPC,20160215,125.2,127.25,123.45,124.8,4211,4211
NTPC,20160215,125.2,127.25,123.45,124.8,1030,725
NTPC,20160215,125.2,127.25,123.45,124.8,19904,18854
NTPC,20160215,125.2,127.25,123.45,124.8,472,472
NTPC,20160215,125.2,127.25,123.45,124.8,37,37
NTPC,20160215,1060.01,1060.01,1060.0,1060.0,3715242,2062993
NTPC,20160215,1060.01,1060.01,1060.0,1060.0,4211,4211
NTPC,20160215,1060.01,1060.01,1060.0,1060.0,1030,725
NTPC,20160215,1060.01,1060.01,1060.0,1060.0,19904,18854
NTPC,20160215,1060.01,1060.01,1060.0,1060.0,472,472
NTPC,20160215,1060.01,1060.01,1060.0,1060.0,37,37
NTPC,20160215,1159.98,1159.99,1151.99,1151.99,3715242,2062993
NTPC,20160215,1159.98,1159.99,1151.99,1151.99,4211,4211
NTPC,20160215,1159.98,1159.99,1151.99,1151.99,1030,725
NTPC,20160215,1159.98,1159.99,1151.99,1151.99,19904,18854
NTPC,20160215,1159.98,1159.99,1151.99,1151.99,472,472
NTPC,20160215,1159.98,1159.99,1151.99,1151.99,37,37
NTPC,20160215,13.4,13.45,13.4,13.42,3715242,2062993
NTPC,20160215,13.4,13.45,13.4,13.42,4211,4211
NTPC,20160215,13.4,13.45,13.4,13.42,1030,725
NTPC,20160215,13.4,13.45,13.4,13.42,19904,18854
NTPC,20160215,13.4,13.45,13.4,13.42,472,472
NTPC,20160215,13.4,13.45,13.4,13.42,37,37
NTPC,20160215,1030.0,1030.0,1030.0,1030.0,3715242,2062993
NTPC,20160215,1030.0,1030.0,1030.0,1030.0,4211,4211
NTPC,20160215,1030.0,1030.0,1030.0,1030.0,1030,725
NTPC,20160215,1030.0,1030.0,1030.0,1030.0,19904,18854
NTPC,20160215,1030.0,1030.0,1030.0,1030.0,472,472
NTPC,20160215,1030.0,1030.0,1030.0,1030.0,37,37
NTPC,20160215,1045.0,1045.25,1045.0,1045.25,3715242,2062993
NTPC,20160215,1045.0,1045.25,1045.0,1045.25,4211,4211
NTPC,20160215,1045.0,1045.25,1045.0,1045.25,1030,725
NTPC,20160215,1045.0,1045.25,1045.0,1045.25,19904,18854
NTPC,20160215,1045.0,1045.25,1045.0,1045.25,472,472
NTPC,20160215,1045.0,1045.25,1045.0,1045.25,37,37
NUCLEUS,20160215,185.25,192.0,184.0,186.4,52608,31841
NUTEK,20160215,0.55,0.6,0.55,0.55,11762,11762
OBEROIRLTY,20160215,224.0,240.3,224.0,234.75,58007,42140
OCCL,20160215,465.1,520.0,411.0,463.0,2474,646
OCL,20160215,463.2,467.8,422.0,438.2,1527,1235
OFSS,20160215,3450.0,3505.7,3370.0,3417.4,23842,12675
OIL,20160215,325.0,325.5,317.0,323.0,328174,200369
OILCOUNTUB,20160215,24.45,25.3,24.45,24.65,9974,7825
OISL,20160215,10.45,10.45,8.5,8.8,22446,16356
OMAXAUTO,20160215,56.2,62.9,56.2,59.5,20686,15400
OMAXE,20160215,133.7,135.9,133.65,135.35,262077,74986
OMKARCHEM,20160215,158.5,163.9,158.5,162.65,80205,49436
OMMETALS,20160215,39.0,44.0,39.0,41.0,96838,63609
OMNITECH,20160215,3.6,3.75,3.6,3.75,2,1
ONELIFECAP,20160215,32.35,33.3,31.0,32.7,28606,11119
ONGC,20160215,198.6,201.2,194.65,200.35,4771870,2917973
ONMOBILE,20160215,111.15,118.2,111.15,113.6,480081,148294
ONWARDTEC,20160215,67.0,77.8,65.2,74.95,52254,37768
OPTOCIRCUI,20160215,9.0,9.8,9.0,9.65,997168,562713
ORBITCORP,20160215,6.2,6.3,5.9,6.15,131693,108526
ORBTEXP,20160215,288.0,294.0,273.3,283.65,12841,10388
ORCHIDPHAR,20160215,39.5,40.9,38.0,40.05,467781,193919
ORICONENT,20160215,55.0,55.9,53.2,54.3,326150,185333
ORIENTABRA,20160215,43.0,44.0,42.0,43.25,20009,14775
ORIENTBANK,20160215,84.45,89.85,84.0,86.6,4045396,630546
ORIENTBELL,20160215,129.2,129.2,122.5,125.6,14810,12070
ORIENTCEM,20160215,135.0,138.9,133.0,135.0,110173,103950
ORIENTHOT,20160215,20.75,22.25,20.5,22.1,34714,29435
ORIENTPPR,20160215,33.55,35.2,33.5,34.05,207095,136951
ORIENTREF,20160215,79.0,80.0,76.5,76.55,7308,6803
ORISSAMINE,20160215,1515.0,1529.9,1473.85,1500.35,2711,2099
ORTEL,20160215,185.0,185.0,176.7,176.7,531,469
ORTINLABSS,20160215,19.9,20.15,18.55,18.85,142369,104830
OUDHSUG,20160215,37.0,39.2,35.0,37.5,45738,37183
PAEL,20160215,13.2,14.45,13.1,13.15,1646,485
PAGEIND,20160215,10240.0,10887.75,10240.0,10799.0,10784,2290
PALREDTECH,20160215,55.3,60.8,55.0,60.8,31459,18786
PANACEABIO,20160215,90.05,93.0,89.15,91.45,6638,3408
PANAMAPET,20160215,62.0,62.0,62.0,62.0,220,220
PANORAMUNI,20160215,12.5,12.5,11.5,11.8,44893,30515
PAPERPROD,20160215,181.05,195.0,181.05,194.5,9219,6573
PARABDRUGS,20160215,7.0,7.35,6.8,7.1,53414,44279
PARACABLES,20160215,2.6,2.65,2.6,2.65,2092,2092
PARRYSUGAR,20160215,24.95,24.95,22.0,22.95,2873,2365
PARSVNATH,20160215,14.95,16.5,14.9,16.4,299626,172721
PATELENG,20160215,54.8,57.6,54.8,55.2,131365,64823
PATINTLOG,20160215,84.5,89.95,82.55,85.3,108066,46645
PATSPINLTD,20160215,8.8,8.8,8.0,8.1,10634,7576
PBAINFRA,20160215,13.7,14.3,13.5,14.0,8391,5815
PCJEWELLER,20160215,377.35,403.1,377.35,392.4,49270,13463
PDPL,20160215,45.65,45.65,45.65,45.65,9732,9732
PDSMFL,20160215,210.0,210.0,207.0,207.8,675,674
PEARLPOLY,20160215,15.05,16.2,15.0,15.0,5918,5183
PEL,20160215,957.2,989.0,957.2,985.85,36732,21799
PENIND,20160215,41.4,43.5,41.0,42.35,449464,268137
PENINLAND,20160215,17.5,18.25,16.7,17.45,48653,37450
PENPEBS,20160215,142.05,151.0,140.05,149.9,2085,1360
PERSISTENT,20160215,607.5,618.0,597.45,614.65,19519,10061
PETRONENGG,20160215,169.0,184.0,166.95,179.05,2021,1089
PETRONET,20160215,242.4,260.0,242.4,258.2,1988476,1242678
PFC,20160215,148.6,156.4,148.6,154.0,2021966,848732
PFIZER,20160215,2025.0,2039.0,1996.0,2004.15,6350,3985
PFOCUS,20160215,48.75,55.45,47.15,53.45,315632,189384
PFS,20160215,30.2,32.85,30.2,31.95,857346,518694
PGEL,20160215,86.95,94.65,81.25,91.35,5221,3304
PGHH,20160215,5918.0,5918.0,5813.0,5836.9,3709,2415
PGIL,20160215,218.0,229.9,218.0,225.6,6914,5391
PHILIPCARB,20160215,85.8,90.2,85.8,89.9,51088,30191
PHOENIXLL,20160215,94.0,102.0,93.25,101.0,19630,15633
PHOENIXLTD,20160215,262.0,272.05,260.4,267.65,22127,19299
PIDILITIND,20160215,589.0,599.8,586.1,589.55,557280,320825
PIIND,20160215,645.0,645.0,601.0,628.6,237685,112134
PILANIINVS,20160215,1199.0,1200.0,1185.0,1187.2,57,47
PILITA,20160215,13.3,14.6,13.3,13.65,4134,1952
PIONDIST,20160215,203.9,203.9,203.9,203.9,4540,4539
PIONEEREMB,20160215,55.6,56.5,55.6,56.5,19647,15684
PIPAVAVDOC,20160215,60.0,63.5,59.1,62.15,1180603,412848
PIRPHYTO,20160215,51.0,53.15,51.0,53.15,13803,13205
PITTILAM,20160215,37.0,40.55,32.8,33.35,67337,37423
PKTEA,20160215,146.0,146.0,135.0,142.0,26,22
PLASTIBLEN,20160215,379.85,385.0,365.0,375.8,5065,2555
PNB,20160215,76.0,79.0,75.05,76.5,14695012,3067332
PNBGILTS,20160215,22.7,23.75,22.7,23.4,46279,33872
PNC,20160215,15.8,15.8,14.65,15.0,2159,1659
PNCINFRA,20160215,485.5,534.95,485.5,529.2,8019,3059
PNEUMATIC,20160215,735.95,740.0,700.0,717.4,675,460
POCHIRAJU,20160215,10.5,10.7,9.5,9.6,125666,81530
POLARIS,20160215,209.8,211.05,207.1,210.2,123964,98462
POLYMED,20160215,254.0,275.0,254.0,266.3,4000,1777
POLYPLEX,20160215,216.05,225.0,216.05,223.2,4484,2758
PONNIERODE,20160215,154.0,154.0,151.05,151.05,45,35
POWERGRID,20160215,139.1,140.65,138.1,138.7,4761307,3185308
POWERMECH,20160215,585.0,588.0,558.0,561.2,8896,6854
PPAP,20160215,124.4,125.0,117.0,123.3,9000,6867
PRABHAT,20160215,101.5,108.0,101.5,106.3,31558,26827
PRADIP,20160215,1.6,1.6,1.5,1.5,2520,2520
PRAENG,20160215,7.25,7.25,7.0,7.0,16988,10874
PRAJIND,20160215,83.05,87.0,83.05,84.75,625670,226253
PRAKASH,20160215,24.0,25.35,23.55,25.0,143058,96194
PRAKASHCON,20160215,3.5,3.75,3.5,3.5,209683,152168
PRAKASHSTL,20160215,102.5,113.6,102.5,111.1,11279,758
PRATIBHA,20160215,32.8,34.1,32.0,33.8,255495,145076
PRECAM,20160215,161.05,163.95,159.5,160.3,144068,64354
PRECOT,20160215,36.1,39.85,36.0,39.4,7163,6817
PRECWIRE,20160215,131.25,149.5,131.2,141.1,15960,12688
PREMIER,20160215,36.0,36.5,31.1,33.55,13660,9391
PRESSMN,20160215,38.35,46.8,38.35,43.65,92112,80276
PRESTIGE,20160215,160.35,174.8,160.35,170.8,163768,141961
PRICOL,20160215,51.4,53.0,48.8,51.7,1547623,748270
PRIMESECU,20160215,4.3,4.4,4.1,4.25,6390,3940
PRISMCEM,20160215,61.1,65.95,61.1,65.3,120786,75494
PROVOGE,20160215,4.95,5.35,4.9,4.95,403987,301918
PROZONINTU,20160215,25.2,26.9,25.2,25.9,105317,67942
PSB,20160215,33.9,34.75,33.3,34.15,99968,55650
PSL,20160215,8.15,9.35,8.15,8.6,53788,38130
PSUBNKBEES,20160215,225.8,241.0,225.5,238.59,6322,4074
PTC,20160215,60.0,65.45,60.0,64.6,1264578,483526
PTL,20160215,71.7,82.4,71.7,82.4,22325,15682
PUNJABCHEM,20160215,117.0,123.0,117.0,118.45,12956,11376
PUNJLLOYD,20160215,22.8,23.4,21.75,22.1,1943495,948335
PURVA,20160215,42.8,46.0,42.8,45.2,22782,12031
PVP,20160215,4.55,5.0,4.55,4.85,22413,14572
PVR,20160215,706.0,738.8,703.05,715.7,132357,111621
QGOLDHALF,20160215,1283.8,1310.0,1283.8,1290.05,895,719
QNIFTY,20160215,885.2,885.2,750.7,757.8,8,6
RADICO,20160215,99.0,101.95,98.05,99.4,162329,84190
RAIN,20160215,29.55,32.0,29.55,31.55,136026,106698
RAINBOWPAP,20160215,31.8,31.8,29.65,29.85,75590,55570
RAIREKMOH,20160215,140.8,140.95,136.05,139.8,1522,1509
RAJESHEXPO,20160215,715.0,725.0,715.0,720.4,191530,86611
RAJOIL,20160215,1.3,1.35,1.25,1.25,18816,12905
RAJRAYON,20160215,0.45,0.5,0.45,0.5,262,152
RAJSREESUG,20160215,20.7,24.9,19.3,23.85,9651,7415
RAJTV,20160215,51.75,55.5,51.7,53.45,19808,14032
RALLIS,20160215,148.5,155.0,148.5,150.9,202419,155038
RAMANEWS,20160215,19.9,20.85,19.85,20.85,13377,11560
RAMASTEEL,20160215,892.0,902.0,892.0,899.1,7977,5160
RAMCOCEM,20160215,379.0,383.7,374.0,375.9,23670,16384
RAMCOIND,20160215,90.2,95.5,90.2,94.1,62291,38641
RAMCOSYS,20160215,680.0,749.0,666.6,711.65,46495,20961
RAMKY,20160215,30.05,32.0,30.05,31.45,13237,10923
RANASUG,20160215,3.75,4.1,3.55,4.0,652107,434494
RANEENGINE,20160215,446.0,464.0,446.0,463.6,50,46
RANEHOLDIN,20160215,539.0,565.95,535.0,535.85,891,463
RATNAMANI,20160215,417.0,442.0,417.0,440.65,3124,2696
RAYMOND,20160215,365.3,405.0,365.3,401.35,117932,83615
RBL,20160215,358.0,360.0,346.0,350.75,4460,3603
RCF,20160215,36.4,38.25,36.4,37.55,517733,229412
RCOM,20160215,51.85,53.7,51.0,51.7,20074062,7026205
RECLTD,20160215,166.4,174.2,165.1,170.95,2805305,1340505
RECLTD,20160215,166.4,174.2,165.1,170.95,1,1
RECLTD,20160215,166.4,174.2,165.1,170.95,10,10
RECLTD,20160215,166.4,174.2,165.1,170.95,2203,2038
RECLTD,20160215,1010.0,1010.0,1010.0,1010.0,2805305,1340505
RECLTD,20160215,1010.0,1010.0,1010.0,1010.0,1,1
RECLTD,20160215,1010.0,1010.0,1010.0,1010.0,10,10
RECLTD,20160215,1010.0,1010.0,1010.0,1010.0,2203,2038
RECLTD,20160215,1055.0,1055.0,1055.0,1055.0,2805305,1340505
RECLTD,20160215,1055.0,1055.0,1055.0,1055.0,1,1
RECLTD,20160215,1055.0,1055.0,1055.0,1055.0,10,10
RECLTD,20160215,1055.0,1055.0,1055.0,1055.0,2203,2038
RECLTD,20160215,1120.0,1133.0,1120.0,1123.86,2805305,1340505
RECLTD,20160215,1120.0,1133.0,1120.0,1123.86,1,1
RECLTD,20160215,1120.0,1133.0,1120.0,1123.86,10,10
RECLTD,20160215,1120.0,1133.0,1120.0,1123.86,2203,2038
REDINGTON,20160215,100.05,105.5,100.05,102.85,99455,71050
REFEX,20160215,7.0,8.3,7.0,8.3,13842,10045
REIAGROLTD,20160215,0.55,0.55,0.5,0.55,406268,241583
RELAXO,20160215,415.0,429.0,405.15,420.3,7102,4266
RELBANK,20160215,1532.32,1570.0,1532.32,1569.95,21,15
RELCAPITAL,20160215,328.85,345.35,327.0,340.45,2985890,590338
RELCNX100,20160215,74.12,74.43,74.02,74.43,65,65
RELCONS,20160215,35.45,35.45,35.45,35.45,2,2
RELDIVOPP,20160215,19.49,19.5,19.49,19.5,100,100
RELGOLD,20160215,2443.8,2536.0,2443.8,2477.3,7175,4573
RELGRNIFTY,20160215,829.4,829.4,700.0,700.0,9,3
RELIANCE,20160215,918.0,951.35,918.0,946.75,4407889,2576861
RELIFIN,20160215,1550.0,1550.0,1545.0,1545.0,10,10
RELIGARE,20160215,284.0,293.9,281.25,284.55,6381,2804
RELIGAREGO,20160215,2420.05,2500.0,2420.05,2500.0,11,10
RELINFRA,20160215,412.0,434.8,410.0,424.7,3019040,337996
RELNIFTY,20160215,73.44,73.45,73.44,73.45,67,67
RENUKA,20160215,11.1,11.5,11.05,11.4,1643754,651984
REPCOHOME,20160215,571.0,600.0,571.0,595.45,34555,27902
REPRO,20160215,409.0,421.2,385.3,401.15,18572,8655
RESPONIND,20160215,85.0,97.5,80.15,94.3,1171,739
REVATHI,20160215,599.0,600.0,580.0,588.95,525,506
RICOAUTO,20160215,32.25,34.7,32.25,34.45,136677,66923
RIIL,20160215,354.8,373.0,354.75,366.35,453720,73290
RJL,20160215,116.05,126.0,116.0,124.15,14092,8541
RKDL,20160215,9.05,9.05,8.35,9.0,29128,18561
RKFORGE,20160215,333.0,370.0,312.0,346.15,285861,162977
RMCL,20160215,15.75,16.5,15.55,15.8,217798,176094
RML,20160215,285.5,286.5,281.25,281.6,1354,1161
RMMIL,20160215,0.8,0.9,0.8,0.9,39204,39204
ROHITFERRO,20160215,5.25,5.6,4.75,4.8,250753,151540
ROHLTD,20160215,66.0,68.0,65.0,65.65,26208,17868
ROLTA,20160215,72.5,74.4,71.0,72.7,802933,262608
ROSSELLIND,20160215,95.55,98.9,94.25,96.05,11131,8555
RPGLIFE,20160215,214.9,226.8,214.9,224.1,26293,14830
RPOWER,20160215,43.9,45.75,43.25,44.4,5523089,1049926
RPPINFRA,20160215,103.6,113.1,103.6,110.4,77375,36055
RSSOFTWARE,20160215,61.75,66.4,61.75,64.4,147194,70161
RSWM,20160215,264.4,292.65,264.4,290.5,27607,22451
RSYSTEMS,20160215,60.9,62.7,56.3,60.0,16995,13434
RTNINFRA,20160215,3.2,3.35,3.2,3.2,21910740,21192332
RTNPOWER,20160215,9.15,10.25,9.1,10.1,2253790,1436312
RUBYMILLS,20160215,321.0,334.0,310.7,317.4,12231,6788
RUCHIRA,20160215,56.65,58.85,56.55,57.85,72333,44184
RUCHISOYA,20160215,23.2,24.2,22.95,24.0,202072,175940
RUPA,20160215,245.0,254.0,240.0,249.6,2347,1213
RUSHIL,20160215,193.0,216.7,193.0,215.25,351309,160967
SABTN,20160215,389.0,389.0,321.0,348.3,21014,503
SADBHAV,20160215,244.95,253.0,235.95,243.65,108872,66826
SADBHIN,20160215,78.4,79.9,72.5,73.3,3719,1582
SAGCEM,20160215,383.0,390.0,361.6,384.2,2832,2350
SAIL,20160215,35.1,37.05,35.05,35.85,8065319,3030790
SAKHTISUG,20160215,22.4,23.9,21.7,23.65,244097,124544
SAKSOFT,20160215,236.5,245.0,224.85,227.1,31765,17468
SAKUMA,20160215,61.0,65.2,60.95,65.2,42490,35994
SALORAINTL,20160215,41.0,42.85,41.0,42.8,765,665
SALSTEEL,20160215,3.2,3.4,3.2,3.35,16942,12326
SALZERELEC,20160215,177.9,185.0,174.0,182.0,31567,20824
SAMBHAAV,20160215,6.0,6.0,5.7,5.95,14565,12468
SANCO,20160215,33.3,33.3,33.3,33.3,208000,208000
SANDESH,20160215,688.0,740.0,688.0,724.25,6663,3234
SANGAMIND,20160215,250.3,257.4,250.2,253.1,22949,13707
SANGHIIND,20160215,46.05,54.2,46.05,50.9,159122,88110
SANGHVIFOR,20160215,47.85,48.0,44.25,47.45,10844,1998
SANGHVIMOV,20160215,300.0,313.05,282.0,290.45,20925,14739
SANOFI,20160215,4235.0,4348.0,4147.0,4303.2,2041,1617
SANWARIA,20160215,5.0,5.25,4.8,4.9,147644,124771
SARDAEN,20160215,81.9,83.3,76.1,81.75,45224,38309
SAREGAMA,20160215,250.0,273.65,245.0,265.55,26742,10006
SARLAPOLY,20160215,57.2,59.9,57.2,58.75,39349,23413
SASKEN,20160215,242.0,259.0,242.0,254.15,14792,7913
SATHAISPAT,20160215,29.4,33.45,29.0,32.9,4167,3042
SATIN,20160215,344.0,355.0,332.3,345.25,8872,4355
SBBJ,20160215,468.0,484.9,468.0,478.9,9682,5665
SBIN,20160215,159.0,170.0,158.0,167.85,35956266,9513571
SBIN,20160215,159.0,170.0,158.0,167.85,29,29
SBIN,20160215,159.0,170.0,158.0,167.85,380,365
SBIN,20160215,159.0,170.0,158.0,167.85,60,59
SBIN,20160215,159.0,170.0,158.0,167.85,2,1
SBIN,20160215,11255.0,11265.0,11255.0,11265.0,35956266,9513571
SBIN,20160215,11255.0,11265.0,11255.0,11265.0,29,29
SBIN,20160215,11255.0,11265.0,11255.0,11265.0,380,365
SBIN,20160215,11255.0,11265.0,11255.0,11265.0,60,59
SBIN,20160215,11255.0,11265.0,11255.0,11265.0,2,1
SBIN,20160215,11001.0,11020.0,11000.0,11010.0,35956266,9513571
SBIN,20160215,11001.0,11020.0,11000.0,11010.0,29,29
SBIN,20160215,11001.0,11020.0,11000.0,11010.0,380,365
SBIN,20160215,11001.0,11020.0,11000.0,11010.0,60,59
SBIN,20160215,11001.0,11020.0,11000.0,11010.0,2,1
SBIN,20160215,11650.0,11700.0,11650.0,11670.0,35956266,9513571
SBIN,20160215,11650.0,11700.0,11650.0,11670.0,29,29
SBIN,20160215,11650.0,11700.0,11650.0,11670.0,380,365
SBIN,20160215,11650.0,11700.0,11650.0,11670.0,60,59
SBIN,20160215,11650.0,11700.0,11650.0,11670.0,2,1
SBIN,20160215,11120.0,11305.0,11120.0,11305.0,35956266,9513571
SBIN,20160215,11120.0,11305.0,11120.0,11305.0,29,29
SBIN,20160215,11120.0,11305.0,11120.0,11305.0,380,365
SBIN,20160215,11120.0,11305.0,11120.0,11305.0,60,59
SBIN,20160215,11120.0,11305.0,11120.0,11305.0,2,1
SBT,20160215,384.7,388.8,360.0,383.1,4838,2747
SCHNEIDER,20160215,140.15,145.7,137.2,142.15,44044,26147
SCI,20160215,58.2,62.3,57.75,60.8,1052817,473850
SDBL,20160215,188.5,191.85,180.0,188.4,24289,3004
SEAMECLTD,20160215,76.0,82.8,74.5,77.6,3073,2432
SEINV,20160215,167.0,181.0,166.25,170.0,197,140
SELAN,20160215,161.8,170.0,161.8,166.7,33073,19440
SELMCL,20160215,4.0,4.05,3.8,3.9,115024,79165
SEPOWER,20160215,7.0,7.5,6.1,7.1,6755,3340
SERVALL,20160215,3.3,3.3,3.3,3.3,1361,1361
SESHAPAPER,20160215,215.0,224.9,210.15,221.0,1475,1454
SETFGOLD,20160215,2668.5,2674.95,2615.0,2619.45,7129,5967
SETFNIF50,20160215,71.0,72.7,71.0,71.99,2142,2134
SETFNIFBK,20160215,143.85,147.25,142.85,144.85,414,261
SETFNN50,20160215,177.5,198.99,175.85,178.0,305,175
SEZAL,20160215,5.2,5.25,4.75,5.2,23402,20201
SFCL,20160215,102.0,107.0,102.0,106.0,23735,21583
SGJHL,20160215,7.4,7.85,7.25,7.35,15803,10652
SHAKTIPUMP,20160215,109.9,112.0,105.0,109.7,44165,34400
SHALPAINTS,20160215,103.0,121.55,102.95,121.55,192682,90451
SHANTIGEAR,20160215,88.6,88.7,81.0,83.7,18851,10574
SHARDACROP,20160215,223.95,228.5,223.0,226.85,11718,8649
SHARDAMOTR,20160215,786.0,810.5,786.0,802.0,2557,433
SHARIABEES,20160215,176.1,176.1,175.51,175.51,61,51
SHARONBIO,20160215,19.4,19.6,18.05,18.75,220955,102253
SHEMAROO,20160215,249.85,269.85,249.0,267.6,51041,29825
SHILPAMED,20160215,411.5,426.4,404.1,417.3,84715,52315
SHILPI,20160215,51.55,59.7,45.8,49.35,516500,411543
SHIRPUR-G,20160215,61.0,68.5,61.0,62.35,1181,797
SHIVAMAUTO,20160215,40.9,46.65,40.9,46.05,52729,27593
SHIVTEX,20160215,101.2,102.5,87.0,92.1,50580,23778
SHK,20160215,220.1,230.45,219.15,227.75,48618,26555
SHOPERSTOP,20160215,351.0,366.95,346.6,365.05,24165,13492
SHREECEM,20160215,10511.0,10749.0,10322.2,10499.1,11807,9558
SHREEPUSHK,20160215,114.0,114.0,105.1,108.2,70674,42358
SHRENUJ,20160215,13.5,14.35,13.25,13.55,41462,28396
SHREYANIND,20160215,26.75,31.0,26.75,29.0,127,119
SHREYAS,20160215,186.0,188.0,165.25,174.15,72274,39384
SHRIASTER,20160215,3.95,4.35,3.95,4.35,113,113
SHRIRAMCIT,20160215,1429.95,1490.0,1429.95,1475.95,1165,748
SHRIRAMCIT,20160215,1429.95,1490.0,1429.95,1475.95,75,75
SHRIRAMCIT,20160215,1008.0,1008.0,1008.0,1008.0,1165,748
SHRIRAMCIT,20160215,1008.0,1008.0,1008.0,1008.0,75,75
SHRIRAMEPC,20160215,25.4,25.6,24.0,25.3,46203,29686
SHYAMCENT,20160215,5.9,5.9,5.45,5.5,528,527
SHYAMTEL,20160215,27.55,30.5,27.5,29.1,6076,4690
SICAGEN,20160215,17.0,17.0,15.65,16.35,23464,15324
SICAL,20160215,121.0,128.2,121.0,127.45,9584,6061
SIEMENS,20160215,1000.0,1046.0,1000.0,1042.45,183615,49030
SIGNET,20160215,40.0,46.75,38.6,42.6,739459,241558
SIIL,20160215,66.25,72.25,66.25,72.25,6000,0
SILINV,20160215,72.0,79.0,72.0,76.8,221,36
SIMPLEX,20160215,23.35,24.75,23.05,23.25,42527,42287
SIMPLEXINF,20160215,238.05,248.8,235.1,236.35,22248,19725
SINTEX,20160215,68.0,70.8,68.0,69.45,1842794,850775
SITICABLE,20160215,34.5,34.55,33.05,33.55,193602,147601
SIYSIL,20160215,1006.0,1031.95,1000.2,1025.05,1071,785
SJVN,20160215,27.7,28.45,27.7,28.25,294294,195793
SKFINDIA,20160215,1097.0,1138.0,1095.1,1133.2,201453,199646
SKIL,20160215,29.8,29.8,25.75,27.55,49009,42770
SKIPPER,20160215,138.75,154.75,138.75,142.9,46693,28057
SKMEGGPROD,20160215,103.55,112.5,101.0,102.85,334909,180312
SKSMICRO,20160215,510.0,530.0,510.0,524.75,1156301,276618
SMARTLINK,20160215,73.5,78.5,73.25,77.8,14590,9392
SMCSRVIRG,20160215,10.0,10.0,9.2,9.2,10500,10500
SMLISUZU,20160215,789.5,805.0,772.1,779.7,37677,18844
SMPL,20160215,2.5,2.65,2.4,2.55,221587,163608
SMSPHARMA,20160215,87.0,89.7,78.0,84.55,280512,115943
SNOWMAN,20160215,52.1,53.4,51.65,52.1,387781,217355
SOBHA,20160215,248.0,258.45,245.5,247.75,53338,31798
SOLARINDS,20160215,3055.0,3230.0,3055.0,3191.6,2600,2295
SOMANYCERA,20160215,364.0,368.0,355.1,363.55,4839,3117
SOMATEX,20160215,5.0,5.45,5.0,5.25,4084,3150
SONASTEER,20160215,40.65,46.65,39.7,46.3,263196,149173
SONATSOFTW,20160215,153.0,153.2,148.15,149.15,49009,26114
SOTL,20160215,468.0,469.9,452.7,459.55,2319,2192
SOUTHBANK,20160215,17.85,18.6,17.85,18.2,2120281,1014920
SPARC,20160215,266.0,267.95,258.0,260.65,204868,78489
SPECIALITY,20160215,91.25,92.1,87.0,90.0,24527,15515
SPENTEX,20160215,2.6,2.8,2.6,2.75,132513,66606
SPHEREGSL,20160215,55.8,61.0,55.0,60.0,10264,1732
SPIC,20160215,21.5,21.5,20.0,20.6,132943,84451
SPICEMOBI,20160215,18.3,20.2,18.3,19.95,12300,9298
SPLIL,20160215,26.1,31.0,26.1,29.95,10571,5458
SPMLINFRA,20160215,58.5,64.5,56.05,61.9,59231,6670
SPYL,20160215,1.6,1.6,1.45,1.45,216328,145250
SQSBFSI,20160215,914.7,914.7,870.0,875.8,19819,16462
SREEL,20160215,129.9,136.35,129.9,136.35,17,13
SREINFRA,20160215,48.4,54.25,46.3,52.6,1917918,766849
SREINFRA,20160215,48.4,54.25,46.3,52.6,700,700
SREINFRA,20160215,48.4,54.25,46.3,52.6,14,14
SREINFRA,20160215,994.0,1000.0,990.2,1000.0,1917918,766849
SREINFRA,20160215,994.0,1000.0,990.2,1000.0,700,700
SREINFRA,20160215,994.0,1000.0,990.2,1000.0,14,14
SREINFRA,20160215,1015.01,1015.01,1015.0,1015.0,1917918,766849
SREINFRA,20160215,1015.01,1015.01,1015.0,1015.0,700,700
SREINFRA,20160215,1015.01,1015.01,1015.0,1015.0,14,14
SRF,20160215,1100.0,1151.85,1100.0,1143.55,197322,61758
SRHHYPOLTD,20160215,57.0,60.0,55.0,59.15,13001,12483
SRIPIPES,20160215,209.0,217.8,204.0,215.5,113414,58571
SRSLTD,20160215,12.75,14.05,12.75,13.7,548058,295480
SRTRANSFIN,20160215,814.0,822.05,779.1,813.2,333830,127551
SRTRANSFIN,20160215,814.0,822.05,779.1,813.2,1296,1206
SRTRANSFIN,20160215,814.0,822.05,779.1,813.2,51,51
SRTRANSFIN,20160215,814.0,822.05,779.1,813.2,61,61
SRTRANSFIN,20160215,814.0,822.05,779.1,813.2,25,25
SRTRANSFIN,20160215,814.0,822.05,779.1,813.2,200,200
SRTRANSFIN,20160215,814.0,822.05,779.1,813.2,100,100
SRTRANSFIN,20160215,814.0,822.05,779.1,813.2,103,100
SRTRANSFIN,20160215,814.0,822.05,779.1,813.2,525,400
SRTRANSFIN,20160215,814.0,822.05,779.1,813.2,2,0
SRTRANSFIN,20160215,814.0,822.05,779.1,813.2,50,50
SRTRANSFIN,20160215,1816.0,1832.75,1777.04,1808.73,333830,127551
SRTRANSFIN,20160215,1816.0,1832.75,1777.04,1808.73,1296,1206
SRTRANSFIN,20160215,1816.0,1832.75,1777.04,1808.73,51,51
SRTRANSFIN,20160215,1816.0,1832.75,1777.04,1808.73,61,61
SRTRANSFIN,20160215,1816.0,1832.75,1777.04,1808.73,25,25
SRTRANSFIN,20160215,1816.0,1832.75,1777.04,1808.73,200,200
SRTRANSFIN,20160215,1816.0,1832.75,1777.04,1808.73,100,100
SRTRANSFIN,20160215,1816.0,1832.75,1777.04,1808.73,103,100
SRTRANSFIN,20160215,1816.0,1832.75,1777.04,1808.73,525,400
SRTRANSFIN,20160215,1816.0,1832.75,1777.04,1808.73,2,0
SRTRANSFIN,20160215,1816.0,1832.75,1777.04,1808.73,50,50
SRTRANSFIN,20160215,1103.99,1103.99,1100.0,1100.0,333830,127551
SRTRANSFIN,20160215,1103.99,1103.99,1100.0,1100.0,1296,1206
SRTRANSFIN,20160215,1103.99,1103.99,1100.0,1100.0,51,51
SRTRANSFIN,20160215,1103.99,1103.99,1100.0,1100.0,61,61
SRTRANSFIN,20160215,1103.99,1103.99,1100.0,1100.0,25,25
SRTRANSFIN,20160215,1103.99,1103.99,1100.0,1100.0,200,200
SRTRANSFIN,20160215,1103.99,1103.99,1100.0,1100.0,100,100
SRTRANSFIN,20160215,1103.99,1103.99,1100.0,1100.0,103,100
SRTRANSFIN,20160215,1103.99,1103.99,1100.0,1100.0,525,400
SRTRANSFIN,20160215,1103.99,1103.99,1100.0,1100.0,2,0
SRTRANSFIN,20160215,1103.99,1103.99,1100.0,1100.0,50,50
SRTRANSFIN,20160215,1096.0,1096.0,1094.1,1096.0,333830,127551
SRTRANSFIN,20160215,1096.0,1096.0,1094.1,1096.0,1296,1206
SRTRANSFIN,20160215,1096.0,1096.0,1094.1,1096.0,51,51
SRTRANSFIN,20160215,1096.0,1096.0,1094.1,1096.0,61,61
SRTRANSFIN,20160215,1096.0,1096.0,1094.1,1096.0,25,25
SRTRANSFIN,20160215,1096.0,1096.0,1094.1,1096.0,200,200
SRTRANSFIN,20160215,1096.0,1096.0,1094.1,1096.0,100,100
SRTRANSFIN,20160215,1096.0,1096.0,1094.1,1096.0,103,100
SRTRANSFIN,20160215,1096.0,1096.0,1094.1,1096.0,525,400
SRTRANSFIN,20160215,1096.0,1096.0,1094.1,1096.0,2,0
SRTRANSFIN,20160215,1096.0,1096.0,1094.1,1096.0,50,50
SRTRANSFIN,20160215,1480.0,1480.0,1480.0,1480.0,333830,127551
SRTRANSFIN,20160215,1480.0,1480.0,1480.0,1480.0,1296,1206
SRTRANSFIN,20160215,1480.0,1480.0,1480.0,1480.0,51,51
SRTRANSFIN,20160215,1480.0,1480.0,1480.0,1480.0,61,61
SRTRANSFIN,20160215,1480.0,1480.0,1480.0,1480.0,25,25
SRTRANSFIN,20160215,1480.0,1480.0,1480.0,1480.0,200,200
SRTRANSFIN,20160215,1480.0,1480.0,1480.0,1480.0,100,100
SRTRANSFIN,20160215,1480.0,1480.0,1480.0,1480.0,103,100
SRTRANSFIN,20160215,1480.0,1480.0,1480.0,1480.0,525,400
SRTRANSFIN,20160215,1480.0,1480.0,1480.0,1480.0,2,0
SRTRANSFIN,20160215,1480.0,1480.0,1480.0,1480.0,50,50
SRTRANSFIN,20160215,1076.05,1078.0,1076.05,1078.0,333830,127551
SRTRANSFIN,20160215,1076.05,1078.0,1076.05,1078.0,1296,1206
SRTRANSFIN,20160215,1076.05,1078.0,1076.05,1078.0,51,51
SRTRANSFIN,20160215,1076.05,1078.0,1076.05,1078.0,61,61
SRTRANSFIN,20160215,1076.05,1078.0,1076.05,1078.0,25,25
SRTRANSFIN,20160215,1076.05,1078.0,1076.05,1078.0,200,200
SRTRANSFIN,20160215,1076.05,1078.0,1076.05,1078.0,100,100
SRTRANSFIN,20160215,1076.05,1078.0,1076.05,1078.0,103,100
SRTRANSFIN,20160215,1076.05,1078.0,1076.05,1078.0,525,400
SRTRANSFIN,20160215,1076.05,1078.0,1076.05,1078.0,2,0
SRTRANSFIN,20160215,1076.05,1078.0,1076.05,1078.0,50,50
SRTRANSFIN,20160215,1107.9,1107.9,1107.9,1107.9,333830,127551
SRTRANSFIN,20160215,1107.9,1107.9,1107.9,1107.9,1296,1206
SRTRANSFIN,20160215,1107.9,1107.9,1107.9,1107.9,51,51
SRTRANSFIN,20160215,1107.9,1107.9,1107.9,1107.9,61,61
SRTRANSFIN,20160215,1107.9,1107.9,1107.9,1107.9,25,25
SRTRANSFIN,20160215,1107.9,1107.9,1107.9,1107.9,200,200
SRTRANSFIN,20160215,1107.9,1107.9,1107.9,1107.9,100,100
SRTRANSFIN,20160215,1107.9,1107.9,1107.9,1107.9,103,100
SRTRANSFIN,20160215,1107.9,1107.9,1107.9,1107.9,525,400
SRTRANSFIN,20160215,1107.9,1107.9,1107.9,1107.9,2,0
SRTRANSFIN,20160215,1107.9,1107.9,1107.9,1107.9,50,50
SRTRANSFIN,20160215,1006.25,1010.0,1006.0,1010.0,333830,127551
SRTRANSFIN,20160215,1006.25,1010.0,1006.0,1010.0,1296,1206
SRTRANSFIN,20160215,1006.25,1010.0,1006.0,1010.0,51,51
SRTRANSFIN,20160215,1006.25,1010.0,1006.0,1010.0,61,61
SRTRANSFIN,20160215,1006.25,1010.0,1006.0,1010.0,25,25
SRTRANSFIN,20160215,1006.25,1010.0,1006.0,1010.0,200,200
SRTRANSFIN,20160215,1006.25,1010.0,1006.0,1010.0,100,100
SRTRANSFIN,20160215,1006.25,1010.0,1006.0,1010.0,103,100
SRTRANSFIN,20160215,1006.25,1010.0,1006.0,1010.0,525,400
SRTRANSFIN,20160215,1006.25,1010.0,1006.0,1010.0,2,0
SRTRANSFIN,20160215,1006.25,1010.0,1006.0,1010.0,50,50
SRTRANSFIN,20160215,1107.0,1113.98,1107.0,1109.12,333830,127551
SRTRANSFIN,20160215,1107.0,1113.98,1107.0,1109.12,1296,1206
SRTRANSFIN,20160215,1107.0,1113.98,1107.0,1109.12,51,51
SRTRANSFIN,20160215,1107.0,1113.98,1107.0,1109.12,61,61
SRTRANSFIN,20160215,1107.0,1113.98,1107.0,1109.12,25,25
SRTRANSFIN,20160215,1107.0,1113.98,1107.0,1109.12,200,200
SRTRANSFIN,20160215,1107.0,1113.98,1107.0,1109.12,100,100
SRTRANSFIN,20160215,1107.0,1113.98,1107.0,1109.12,103,100
SRTRANSFIN,20160215,1107.0,1113.98,1107.0,1109.12,525,400
SRTRANSFIN,20160215,1107.0,1113.98,1107.0,1109.12,2,0
SRTRANSFIN,20160215,1107.0,1113.98,1107.0,1109.12,50,50
SRTRANSFIN,20160215,1053.0,1053.0,1052.0,1052.0,333830,127551
SRTRANSFIN,20160215,1053.0,1053.0,1052.0,1052.0,1296,1206
SRTRANSFIN,20160215,1053.0,1053.0,1052.0,1052.0,51,51
SRTRANSFIN,20160215,1053.0,1053.0,1052.0,1052.0,61,61
SRTRANSFIN,20160215,1053.0,1053.0,1052.0,1052.0,25,25
SRTRANSFIN,20160215,1053.0,1053.0,1052.0,1052.0,200,200
SRTRANSFIN,20160215,1053.0,1053.0,1052.0,1052.0,100,100
SRTRANSFIN,20160215,1053.0,1053.0,1052.0,1052.0,103,100
SRTRANSFIN,20160215,1053.0,1053.0,1052.0,1052.0,525,400
SRTRANSFIN,20160215,1053.0,1053.0,1052.0,1052.0,2,0
SRTRANSFIN,20160215,1053.0,1053.0,1052.0,1052.0,50,50
SRTRANSFIN,20160215,1250.0,1252.0,1250.0,1252.0,333830,127551
SRTRANSFIN,20160215,1250.0,1252.0,1250.0,1252.0,1296,1206
SRTRANSFIN,20160215,1250.0,1252.0,1250.0,1252.0,51,51
SRTRANSFIN,20160215,1250.0,1252.0,1250.0,1252.0,61,61
SRTRANSFIN,20160215,1250.0,1252.0,1250.0,1252.0,25,25
SRTRANSFIN,20160215,1250.0,1252.0,1250.0,1252.0,200,200
SRTRANSFIN,20160215,1250.0,1252.0,1250.0,1252.0,100,100
SRTRANSFIN,20160215,1250.0,1252.0,1250.0,1252.0,103,100
SRTRANSFIN,20160215,1250.0,1252.0,1250.0,1252.0,525,400
SRTRANSFIN,20160215,1250.0,1252.0,1250.0,1252.0,2,0
SRTRANSFIN,20160215,1250.0,1252.0,1250.0,1252.0,50,50
SSWL,20160215,303.95,314.0,293.05,310.6,15298,8342
STAN,20160215,41.0,42.4,41.0,41.75,12762,8929
STAR,20160215,989.0,1027.0,947.1,961.7,474345,121342
STARPAPER,20160215,34.45,36.8,34.0,35.25,25286,17630
STCINDIA,20160215,105.0,109.0,105.0,107.75,50541,29275
STEL,20160215,24.15,26.95,24.1,25.45,4758,3202
STERLINBIO,20160215,4.95,5.4,4.95,5.1,99718,61127
STERTOOLS,20160215,420.05,444.0,420.0,439.0,433,158
STINDIA,20160215,22.05,22.05,22.05,22.05,2,1
STOREONE,20160215,44.0,45.5,41.6,45.05,171063,79821
STRTECH,20160215,74.2,77.1,74.2,76.1,344751,170676
STYABS,20160215,502.0,535.55,502.0,515.1,8411,7129
SUBEX,20160215,9.7,10.1,9.6,9.75,6555810,3041632
SUBROS,20160215,83.8,85.0,80.55,82.85,95435,37354
SUDAR,20160215,3.2,3.2,2.85,3.15,259848,198681
SUDARSCHEM,20160215,82.4,88.7,80.75,83.75,62625,35119
SUJANATWR,20160215,12.5,12.5,11.0,11.35,118028,68048
SUJANAUNI,20160215,1.35,1.45,1.35,1.4,173910,118092
SUMEETINDS,20160215,11.2,11.85,11.0,11.85,1239015,330091
SUMMITSEC,20160215,230.25,249.0,228.0,245.05,2984,1839
SUNCLAYLTD,20160215,2061.9,2061.9,2020.0,2036.05,646,320
SUNDARAM,20160215,2.75,2.85,2.65,2.8,151439,124522
SUNDARMFIN,20160215,1210.0,1234.7,1171.0,1181.35,59716,57334
SUNDRMBRAK,20160215,240.0,258.0,240.0,253.5,1991,1350
SUNDRMFAST,20160215,145.95,146.9,142.0,145.2,25342,12280
SUNFLAG,20160215,20.0,20.85,19.8,20.5,25986,13579
SUNILHITEC,20160215,192.0,209.15,192.0,205.45,29397,17084
SUNPHARMA,20160215,855.0,867.0,845.1,850.2,3592947,2083307
SUNTECK,20160215,191.9,205.0,191.9,197.6,25741,7057
SUNTV,20160215,331.5,349.95,330.5,346.1,863372,324565
SUPERHOUSE,20160215,152.0,152.0,148.0,148.6,4962,4041
SUPERSPIN,20160215,7.35,8.35,7.35,7.75,32690,21543
SUPPETRO,20160215,104.0,106.9,103.9,104.1,13775,10701
SUPRAJIT,20160215,144.0,144.0,137.0,142.45,15969,8389
SUPREMEIND,20160215,713.0,713.6,665.0,699.3,45965,37448
SUPREMEINF,20160215,95.0,96.5,88.1,95.3,30164,18872
SUPREMETEX,20160215,5.35,5.85,5.35,5.5,37833,33912
SURANACORP,20160215,1.9,1.9,1.9,1.9,5302,5302
SURANAIND,20160215,6.6,6.6,5.7,6.6,89394,89394
SURANASOL,20160215,25.0,26.25,25.0,26.0,64121,55363
SURANAT&P,20160215,5.5,5.5,5.2,5.35,4526,3501
SURYAJYOTI,20160215,8.15,9.85,8.15,9.4,12783,7748
SURYALAXMI,20160215,91.0,100.0,91.0,98.95,8474,6395
SURYAROSNI,20160215,133.15,137.75,133.15,134.85,112910,60280
SUTLEJTEX,20160215,455.0,455.0,438.0,447.65,7432,5191
SUVEN,20160215,176.55,184.9,165.0,176.55,1142443,492901
SUZLON,20160215,14.05,14.5,14.0,14.2,31345880,9661597
SVOGL,20160215,6.1,6.7,5.9,6.2,179407,116517
SWANENERGY,20160215,65.4,65.45,64.0,64.3,265483,22520
SWARAJENG,20160215,844.9,844.9,790.65,802.85,1226,662
SWELECTES,20160215,375.0,405.6,374.0,404.2,3202,2497
SYMPHONY,20160215,2099.0,2130.0,2060.0,2080.45,6159,3758
SYNCOM,20160215,7.0,7.4,6.9,6.95,400468,247426
SYNDIBANK,20160215,53.4,57.8,52.95,55.45,2927660,639702
SYNGENE,20160215,378.9,387.0,378.9,382.05,46042,19000
TAINWALCHM,20160215,38.9,38.9,35.0,36.8,3309,307
TAJGVK,20160215,74.75,74.75,70.05,72.35,24099,11205
TAKE,20160215,132.8,144.4,132.75,139.7,351850,133423
TALBROAUTO,20160215,94.1,96.1,92.3,94.05,11104,7082
TALWALKARS,20160215,198.9,209.0,198.0,202.55,370440,330254
TANLA,20160215,30.0,31.3,28.4,31.3,437353,259461
TANTIACONS,20160215,20.0,21.4,19.05,19.8,1165,904
TARAJEWELS,20160215,43.6,46.25,43.6,45.65,160272,104220
TARAPUR,20160215,6.65,6.65,5.2,6.35,23036,12704
TARMAT,20160215,27.0,27.0,23.3,25.25,1408,857
TATACHEM,20160215,338.0,343.9,334.3,340.7,506569,228044
TATACOFFEE,20160215,86.5,89.4,86.5,87.5,185023,72535
TATACOMM,20160215,361.5,372.25,359.35,360.95,205521,82081
TATAELXSI,20160215,1835.0,1929.0,1835.0,1912.5,695863,102638
TATAGLOBAL,20160215,105.1,108.45,105.1,106.0,1091675,331054
TATAINVEST,20160215,465.55,482.95,465.55,482.0,2241,1372
TATAMETALI,20160215,82.85,94.35,80.75,90.2,235268,106672
TATAMOTORS,20160215,297.9,320.75,297.7,317.25,18888699,10997041
TATAMTRDVR,20160215,230.8,239.5,227.0,237.85,1869821,802111
TATAPOWER,20160215,57.2,60.25,57.15,59.55,11819297,8403468
TATASPONGE,20160215,356.4,375.5,356.4,367.25,104140,23597
TATASTEEL,20160215,222.0,248.0,222.0,246.7,13602332,2208655
TBZ,20160215,59.5,59.5,56.65,57.85,74690,51668
TCI,20160215,227.2,234.8,221.5,231.25,33400,17002
TCIDEVELOP,20160215,308.0,314.5,284.0,305.0,4318,1368
TCIFINANCE,20160215,22.7,23.1,22.5,22.75,5005,4887
TCS,20160215,2250.0,2306.85,2240.0,2269.15,1239856,886727
TDPOWERSYS,20160215,256.05,266.0,252.1,256.7,3967,3386
TEAMLEASE,20160215,1077.95,1185.0,1075.0,1172.55,1484889,339273
TECHM,20160215,432.15,439.1,428.1,430.3,1888109,1471465
TECHNO,20160215,505.0,519.95,461.0,479.7,3260,1703
TECHNOFAB,20160215,163.7,165.6,145.2,150.85,9290,8696
TEXINFRA,20160215,32.5,34.3,32.5,33.5,88638,52705
TEXMOPIPES,20160215,20.5,20.9,19.25,20.9,65820,57900
TEXRAIL,20160215,136.0,139.35,132.0,136.35,233739,106617
TFCILTD,20160215,40.0,43.3,38.7,41.7,363218,183987
TGBHOTELS,20160215,73.0,83.4,73.0,77.9,81554,73346
THANGAMAYL,20160215,200.0,200.0,195.0,197.05,1188,842
THEMISMED,20160215,290.0,300.0,287.05,295.4,2076,1879
THERMAX,20160215,759.0,787.55,750.05,770.0,30152,27030
THIRUSUGAR,20160215,32.5,34.7,32.0,34.1,2665,1805
THOMASCOOK,20160215,194.0,198.5,190.35,194.1,82613,52392
TI,20160215,17.15,17.95,17.0,17.85,254435,173398
TIDEWATER,20160215,20701.0,21567.7,20701.0,21288.0,1778,565
TIIL,20160215,213.7,227.0,205.2,213.85,11538,9224
TIL,20160215,345.0,375.0,345.0,357.0,16594,11192
TIMETECHNO,20160215,45.0,47.5,44.5,45.05,69358,38059
TIMKEN,20160215,430.0,448.8,430.0,435.65,4160,3282
TINPLATE,20160215,61.05,62.9,60.1,62.3,134493,66318
TIPSINDLTD,20160215,62.35,63.15,61.75,62.0,3850,1221
TIRUMALCHM,20160215,142.0,146.35,135.8,144.75,12244,6965
TITAN,20160215,356.25,364.65,350.5,358.7,775675,234769
TNPETRO,20160215,20.2,20.9,20.2,20.3,38516,26016
TNPL,20160215,211.1,220.7,211.1,215.4,142655,102057
TOKYOPLAST,20160215,60.0,60.5,54.8,54.95,14405,10029
TORNTPHARM,20160215,1266.1,1307.0,1245.0,1301.45,160868,106567
TORNTPOWER,20160215,208.5,222.8,208.5,218.7,778786,472643
TPLPLASTEH,20160215,183.0,186.0,183.0,183.05,52,51
TREEHOUSE,20160215,112.0,117.95,98.6,102.65,329147,155919
TRENT,20160215,1395.15,1460.0,1395.15,1451.65,155269,152814
TRF,20160215,253.0,268.0,253.0,264.4,42210,11542
TRICOM,20160215,2.5,2.75,2.4,2.6,23986,23982
TRIDENT,20160215,41.95,44.85,41.95,44.35,448697,230908
TRIGYN,20160215,57.7,58.25,56.5,58.15,150387,72518
TRIL,20160215,231.95,236.1,221.45,227.1,5313,3104
TRITURBINE,20160215,95.05,98.7,94.2,95.0,174951,154218
TRIVENI,20160215,37.65,41.65,37.2,40.85,1203607,660635
TTKHLTCARE,20160215,940.0,940.0,872.1,925.0,434,350
TTKPRESTIG,20160215,4208.0,4254.6,4204.05,4228.3,1213,651
TTL,20160215,40.95,45.0,40.95,44.45,4128,2100
TTML,20160215,6.35,6.35,6.1,6.25,969112,722563
TUBEINVEST,20160215,384.7,396.0,376.2,388.4,23279,11678
TULSI,20160215,3.8,3.8,3.65,3.65,1200,1200
TV18BRDCST,20160215,36.75,38.1,36.45,37.15,3646446,1117870
TVSELECT,20160215,82.1,92.7,81.4,90.0,148029,38512
TVSMOTOR,20160215,278.75,289.0,278.75,284.95,858056,153213
TVSSRICHAK,20160215,2315.0,2331.0,2259.95,2322.15,5550,4040
TVTODAY,20160215,289.0,310.4,287.1,306.6,214012,74887
TWL,20160215,120.05,130.0,120.05,128.0,1759380,572012
UBHOLDINGS,20160215,22.05,24.5,21.95,22.7,132216,73258
UBL,20160215,810.0,820.0,794.5,802.4,262630,92581
UCALFUEL,20160215,92.5,97.0,92.1,95.25,9185,5527
UCOBANK,20160215,27.95,34.55,27.4,33.35,12832781,1808949
UFLEX,20160215,144.8,150.45,144.6,147.4,92067,41013
UFO,20160215,465.1,480.0,465.0,469.05,2338,1585
UJAAS,20160215,23.45,23.45,22.5,23.45,52172,48983
ULTRACEMCO,20160215,2775.9,2864.9,2774.9,2802.35,182856,113004
UMANGDAIRY,20160215,62.6,62.6,60.1,61.7,751,550
UNICHEMLAB,20160215,206.4,212.0,204.9,209.8,36141,17581
UNIENTER,20160215,32.3,34.75,32.15,32.5,5674,4736
UNIONBANK,20160215,114.0,122.8,113.4,120.0,6918952,796122
UNIPLY,20160215,133.85,139.0,127.05,135.3,9757,5832
UNITECH,20160215,4.15,4.35,4.05,4.25,34858790,10820669
UNITEDBNK,20160215,17.9,18.65,17.35,18.25,420473,160947
UNITEDTEA,20160215,460.25,499.0,460.25,478.45,1293,295
UNITY,20160215,11.5,12.1,11.3,11.95,56368,36442
UPERGANGES,20160215,55.0,59.9,55.0,57.6,18641,12570
UPL,20160215,385.0,408.9,385.0,405.0,896406,462382
USHAMART,20160215,8.45,9.1,7.9,7.95,1131880,774750
USHERAGRO,20160215,30.0,31.0,28.55,30.6,92590,50560
UTINIFTETF,20160215,717.85,719.45,717.85,719.45,12,12
UTISENSETF,20160215,233.75,236.9,233.75,236.9,6063,3029
UTTAMSTL,20160215,24.2,26.6,22.5,25.35,297408,120501
UTTAMSUGAR,20160215,19.5,20.9,19.15,20.15,27647,12812
UTTAMVALUE,20160215,3.1,3.25,3.0,3.15,59697,47278
V2RETAIL,20160215,48.0,52.0,48.0,51.45,45368,24700
VADILALIND,20160215,435.0,469.0,431.05,462.4,10782,4732
VAIBHAVGBL,20160215,341.05,362.0,335.95,349.95,5608,2969
VAKRANGEE,20160215,192.0,204.85,190.0,202.9,2332762,1074847
VALECHAENG,20160215,24.65,27.5,24.65,26.5,39187,22512
VALUEIND,20160215,12.5,12.95,12.0,12.75,16834,13120
VARDHACRLC,20160215,29.85,31.8,29.85,30.8,24900,23295
VARDMNPOLY,20160215,36.0,40.0,32.9,39.3,1789,995
VASCONEQ,20160215,25.75,27.6,25.75,26.05,245338,158767
VASWANI,20160215,6.0,7.1,6.0,7.0,13307,6637
VEDL,20160215,66.2,75.8,66.2,75.0,36827491,7938775
VENKEYS,20160215,228.0,259.8,228.0,249.5,19549,8400
VENUSREM,20160215,93.15,98.9,93.15,95.8,32498,13355
VESUVIUS,20160215,707.45,746.0,707.45,719.2,635,473
VETO,20160215,100.0,104.0,100.0,101.05,27031,8637
VGUARD,20160215,847.0,919.0,847.0,860.0,3485,2543
VHL,20160215,845.25,889.9,845.25,889.9,10,10
VICEROY,20160215,15.0,15.5,14.65,15.15,63130,46328
VIDEOIND,20160215,107.2,110.6,107.2,110.3,73582,39118
VIJAYABANK,20160215,29.9,32.0,29.9,31.4,432263,202692
VIJSHAN,20160215,9.05,9.75,9.0,9.45,5390,5196
VIKASECO,20160215,12.7,16.35,12.7,16.15,8245592,3426269
VIMALOIL,20160215,51.0,53.0,49.0,51.8,6227,2711
VIMTALABS,20160215,66.55,68.8,64.35,67.35,55537,23467
VINATIORGA,20160215,370.95,388.95,368.0,374.65,15138,7660
VINDHYATEL,20160215,603.0,630.0,603.0,612.55,24869,24055
VINYLINDIA,20160215,48.05,49.65,47.25,47.8,6827,5102
VIPIND,20160215,89.95,95.2,89.2,94.8,151010,76286
VIPULLTD,20160215,46.6,47.5,46.6,47.25,9044,6762
VISAKAIND,20160215,92.5,97.4,92.5,96.7,13614,11134
VISASTEEL,20160215,13.6,14.3,13.6,13.9,41548,35343
VISHNU,20160215,234.0,248.0,227.0,243.6,6213,3143
VISUINTL,20160215,1.6,1.6,1.6,1.6,2781,2781
VIVIDHA,20160215,39.85,41.8,39.85,41.8,148412,100100
VIVIMEDLAB,20160215,382.0,402.5,378.0,397.65,26727,13351
VKSPL,20160215,0.15,0.15,0.1,0.1,104055,101056
VLSFINANCE,20160215,31.2,35.4,31.2,34.25,30550,18503
VMART,20160215,501.0,520.0,488.6,510.5,4135,3100
VOLTAMP,20160215,725.0,746.8,712.5,717.95,9613,5078
VOLTAS,20160215,236.9,243.4,232.75,238.05,2109631,795557
VRLLOG,20160215,345.0,345.9,330.6,332.8,68340,29849
VSSL,20160215,48.5,51.9,48.5,51.55,841,730
VSTIND,20160215,1619.0,1634.9,1600.0,1608.15,855,642
VSTTILLERS,20160215,1495.9,1500.0,1387.0,1423.55,4347,3220
VTL,20160215,774.0,789.8,761.9,775.0,10481,4422
WABAG,20160215,545.0,554.0,531.0,536.15,32660,21398
WABCOINDIA,20160215,5503.0,5725.0,5503.0,5667.3,2579,1938
WALCHANNAG,20160215,129.9,134.5,129.85,133.25,156119,30191
WEBELSOLAR,20160215,32.5,33.25,32.25,33.25,13583,11419
WEIZFOREX,20160215,167.55,183.5,167.55,172.9,567,449
WEIZMANIND,20160215,20.0,21.75,19.05,20.25,2950,1507
WELCORP,20160215,85.2,92.0,85.2,90.05,411450,205295
WELENT,20160215,45.0,48.5,45.0,47.9,144388,126164
WELINV,20160215,45.1,51.0,37.1,49.25,5622,3758
WELSPUNIND,20160215,850.0,872.15,850.0,860.3,73600,46631
WENDT,20160215,1749.0,1749.0,1700.05,1709.5,118,69
WHEELS,20160215,832.0,892.0,825.05,890.45,1288,731
WHIRLPOOL,20160215,589.0,606.0,588.0,595.3,13128,8358
WILLAMAGOR,20160215,51.0,57.8,51.0,55.55,12383,5986
WINDMACHIN,20160215,35.3,35.5,33.5,35.45,25018,17104
WIPRO,20160215,522.9,527.6,518.15,525.75,977686,584255
WOCKPHARMA,20160215,786.0,824.0,714.25,758.0,5870148,468180
WONDERLA,20160215,358.95,360.0,340.3,344.75,69078,34288
WSI,20160215,8.1,9.85,8.1,9.35,1044,924
WSTCSTPAPR,20160215,61.5,61.8,59.0,60.5,62384,41212
XCHANGING,20160215,38.0,38.7,35.7,36.55,11993,6602
XLENERGY,20160215,3.3,3.55,3.3,3.55,193,193
XPROINDIA,20160215,38.05,43.5,38.05,43.25,12402,5227
YESBANK,20160215,735.2,761.8,735.15,753.4,3776923,1616677
ZANDUREALT,20160215,1319.85,1348.0,1313.15,1334.65,2740,1291
ZEEL,20160215,373.0,385.35,373.0,383.9,2312852,1504901
ZEEL,20160215,373.0,385.35,373.0,383.9,3487,3487
ZEEL,20160215,0.9,0.9,0.9,0.9,2312852,1504901
ZEEL,20160215,0.9,0.9,0.9,0.9,3487,3487
ZEELEARN,20160215,33.2,33.9,31.85,33.05,94192,44213
ZEEMEDIA,20160215,17.7,18.7,17.5,18.5,337339,234416
ZENITHBIR,20160215,0.7,0.8,0.7,0.8,15324,10323
ZENSARTECH,20160215,870.0,909.95,870.0,882.5,23308,10802
ZENTEC,20160215,71.9,76.0,71.9,73.95,92307,34159
ZICOM,20160215,74.9,74.9,69.0,71.8,83050,52696
ZODIACLOTH,20160215,245.1,249.7,236.2,241.0,1921,1130
ZODJRDMKJ,20160215,31.4,33.9,31.4,33.9,184,145
ZUARI,20160215,132.0,141.4,132.0,137.9,13065,11789
ZUARIGLOB,20160215,81.05,95.25,81.05,90.95,3092,2581
ZYDUSWELL,20160215,672.05,689.9,660.0,666.9,10580,5998
