SYMBOL,TIMESTAMP,OPEN,HIGH,LOW,CLOSE,VOLUME,DELIVERY
20MICRONS,20110817,51.25,51.75,47.25,49.55,83902,27333
3IINFOTECH,20110817,29.5,29.8,27.75,28.7,1212576,309842
3MINDIA,20110817,4595.0,4651.0,4450.0,4578.0,752,658
A2ZMES,20110817,203.0,204.95,191.4,193.6,140691,38383
AANJANEYA,20110817,474.9,481.0,461.25,465.6,333505,102184
AARTIDRUGS,20110817,116.0,121.0,115.0,117.85,1326,1169
AARTIIND,20110817,44.75,46.0,43.5,44.05,49195,30535
AARVEEDEN,20110817,32.15,33.95,32.15,33.1,2487,287
ABAN,20110817,385.7,386.9,365.35,370.55,764066,98983
ABB,20110817,779.95,797.0,761.6,780.95,46889,18580
ABBOTINDIA,20110817,1440.0,1472.0,1428.05,1470.05,2958,2404
ABCIL,20110817,113.0,113.0,107.45,108.2,2727,1980
ABGSHIP,20110817,365.1,374.9,363.0,372.2,222654,108584
ABHISHEK,20110817,11.0,11.65,10.35,10.45,6666,6071
ABIRLANUVO,20110817,883.45,889.9,861.0,872.9,83780,39074
ACC,20110817,995.0,1005.0,990.55,999.95,188142,87119
ACE,20110817,41.2,42.85,40.0,40.85,62139,48542
ACKRUTI,20110817,180.0,183.0,176.0,180.0,10470,7109
ACROPETAL,20110817,15.35,15.35,14.25,14.3,102584,49425
ADANIENT,20110817,562.95,577.5,551.9,562.9,326670,157571
ADANIPOWER,20110817,89.0,91.4,86.1,90.0,1618695,969474
ADFFOODS,20110817,62.55,63.35,59.05,60.25,6501,4512
ADHUNIK,20110817,56.55,58.8,52.45,57.5,477322,318930
ADORWELD,20110817,153.3,155.0,150.25,150.8,4981,2833
ADSL,20110817,30.1,31.95,30.1,30.1,360309,195367
ADVANIHOTR,20110817,35.5,35.6,35.5,35.6,1397,1397
ADVANTA,20110817,284.0,287.85,272.05,274.8,32338,8278
AEGISCHEM,20110817,201.05,203.0,195.1,198.6,5255,2800
AFL,20110817,41.8,41.8,39.5,40.95,7804,5463
AFTEK,20110817,12.5,12.8,12.25,12.3,111808,79715
AGCNET,20110817,117.0,129.0,117.0,120.45,474,420
AGRE,20110817,42.35,46.7,42.35,44.55,10096,9690
AGRODUTCH,20110817,9.0,9.0,8.5,8.6,26605,19425
AHLEAST,20110817,288.0,309.0,288.0,300.0,165,117
AHLUCONT,20110817,124.9,129.0,124.25,125.3,34564,29947
AHLWEST,20110817,153.55,162.0,153.2,154.8,323,235
AHMEDFORGE,20110817,112.35,113.3,108.4,109.0,6256,4174
AIAENG,20110817,375.0,375.0,347.25,360.0,31792,26775
AJANTPHARM,20110817,304.0,308.95,296.25,298.55,9881,5130
AJMERA,20110817,116.2,120.5,116.2,118.0,19591,11999
AKSHOPTFBR,20110817,6.5,6.75,6.15,6.7,241709,128981
AKZOINDIA,20110817,926.0,932.0,920.1,930.65,11363,9285
ALBK,20110817,187.15,190.8,184.9,188.5,770169,436153
ALCHEM,20110817,230.95,231.9,229.7,230.25,113534,42602
ALEMBICLTD,20110817,19.1,19.1,18.2,18.3,55802,37636
ALFALAVAL,20110817,1552.7,1599.95,1545.15,1565.65,332,328
ALKALI,20110817,42.0,42.1,40.15,41.25,10102,5290
ALKYLAMINE,20110817,84.3,86.2,80.25,82.65,2151,200
ALLCARGO,20110817,166.4,168.9,160.75,162.65,24751,9139
ALLSEC,20110817,15.2,15.75,14.55,15.0,1165,839
ALMONDZ,20110817,22.35,23.9,22.35,22.5,1928,568
ALOKTEXT,20110817,18.8,18.85,17.6,18.0,7472982,2301535
ALPA,20110817,8.55,9.45,8.5,8.5,1458,1413
ALPSINDUS,20110817,2.85,2.95,2.7,2.7,18901,13890
AMAR,20110817,93.0,96.45,91.1,94.65,34470,15857
AMARAJABAT,20110817,236.0,243.5,228.0,232.75,27972,12981
AMARJOTHI,20110817,53.45,59.6,53.45,59.6,46,36
AMBIKCO,20110817,185.0,190.0,185.0,188.9,5510,3201
AMBUJACEM,20110817,132.5,135.9,132.1,133.9,4561437,3512277
AMDIND,20110817,19.8,20.1,19.15,19.45,6282,5153
AMLSTEEL,20110817,15.0,15.0,13.0,13.1,520,260
AMRUTANJAN,20110817,806.9,816.0,772.35,778.65,82539,9337
AMTEKAUTO,20110817,149.1,151.55,145.1,148.8,697067,401108
AMTEKINDIA,20110817,109.0,111.0,105.3,106.35,52059,28768
ANANTRAJ,20110817,58.3,58.3,53.25,54.45,1135295,903411
ANDHRABANK,20110817,131.05,133.0,129.2,130.25,551640,283685
ANDHRACEMT,20110817,9.05,9.35,8.8,9.0,53416,40105
ANDHRSUGAR,20110817,105.05,107.0,104.55,106.3,10890,7476
ANGIND,20110817,20.35,21.8,19.4,20.15,1837,939
ANIKINDS,20110817,36.55,38.65,35.25,35.3,1478,1247
ANKURDRUGS,20110817,28.0,28.4,26.6,26.75,28830,19418
ANSALAPI,20110817,29.95,30.5,27.8,28.2,137998,86444
ANSALHSG,20110817,36.0,38.75,35.0,36.05,13340,7950
ANTGRAPHIC,20110817,0.3,0.3,0.25,0.25,99442,96842
APARINDS,20110817,173.5,174.5,167.0,169.65,29639,28126
APCOTEXIND,20110817,167.5,167.5,163.7,165.2,465,435
APIL,20110817,537.05,537.05,522.0,533.15,129948,48064
APOLLOHOSP,20110817,531.0,548.9,531.0,538.3,90047,71231
APOLLOTYRE,20110817,56.5,59.35,54.4,58.65,6019561,2302751
APPAPER,20110817,378.0,382.0,376.0,378.6,36460,22803
APTECHT,20110817,131.9,134.8,130.25,133.2,729913,150021
AQUA,20110817,14.85,15.3,14.3,14.45,249489,239627
ARCHIDPLY,20110817,11.1,11.85,11.0,11.1,4218,2337
ARCHIES,20110817,40.0,40.85,39.0,39.15,65174,18413
AREVAT&D,20110817,219.0,223.7,215.1,222.65,74924,47377
ARIES,20110817,95.05,96.8,92.15,93.45,3929,2730
ARL,20110817,2.0,2.05,1.95,2.0,132638,95733
ARROWTEX,20110817,9.1,10.2,8.95,8.95,1825,1771
ARSHIYA,20110817,139.0,139.0,129.1,130.8,4780,2395
ARSSINFRA,20110817,372.95,374.7,358.15,361.05,94889,37599
ARVIND,20110817,72.45,74.45,70.0,72.2,1430891,444118
ASAHIINDIA,20110817,70.05,71.0,68.35,68.6,32184,13152
ASAL,20110817,52.15,53.95,52.15,52.3,1455,1302
ASHAPURMIN,20110817,17.2,17.6,16.0,16.9,28831,21408
ASHCONIUL,20110817,2.05,2.3,2.05,2.1,20295,13410
ASHIANA,20110817,139.0,150.0,139.0,148.4,3719,3224
ASHOKA,20110817,260.3,265.0,256.95,263.8,1716,1169
ASHOKLEY,20110817,25.45,25.55,23.4,23.65,6005444,2204642
ASIANELEC,20110817,8.4,8.45,8.2,8.3,56531,49777
ASIANHOTNR,20110817,177.55,178.5,175.05,177.75,5167,4033
ASIANPAINT,20110817,3265.05,3288.95,3219.35,3244.5,118529,72283
ASIANTILES,20110817,40.55,48.7,40.55,41.5,1315,908
ASSAMCO,20110817,12.5,12.5,11.35,11.5,307504,167705
ASTEC,20110817,36.0,36.75,33.55,34.0,36781,27723
ASTERSILI,20110817,17.5,18.8,17.2,17.7,8138,5315
ASTRAL,20110817,190.0,193.0,182.25,182.75,22358,21470
ASTRAMICRO,20110817,26.0,26.3,24.35,25.0,39834,28662
ASTRAZEN,20110817,1347.0,1363.0,1340.0,1350.6,3111,3104
ATFL,20110817,396.8,398.8,386.3,390.7,3053,2496
ATLANTA,20110817,76.7,77.25,72.15,73.4,209551,76692
ATNINTER,20110817,1.0,1.1,1.0,1.0,5047,4002
ATUL,20110817,201.15,201.15,194.5,198.0,25179,19651
AURIONPRO,20110817,126.0,149.9,126.0,137.5,52,39
AUROPHARMA,20110817,150.0,150.0,138.5,142.75,1782006,734799
AUSTRAL,20110817,1.8,1.85,1.75,1.75,382883,225266
AUTOAXLES,20110817,427.9,427.9,402.05,407.85,2501,1242
AUTOIND,20110817,133.5,136.4,127.1,128.05,47687,23807
AUTOLITIND,20110817,18.35,20.5,17.3,18.3,1997,1627
AVANTI,20110817,57.0,59.0,55.1,57.85,4518,3002
AVENTIS,20110817,2070.0,2070.0,2022.2,2054.8,1072,500
AVTNPL,20110817,324.0,338.8,324.0,330.15,5063,2421
AXISBANK,20110817,1207.25,1226.65,1167.15,1169.8,2164821,1005727
AXISGOLD,20110817,2597.1,2625.0,2592.2,2624.7,436,329
BAGFILMS,20110817,5.9,5.95,5.4,5.65,179569,84337
BAJAJ-AUTO,20110817,1465.0,1473.05,1435.0,1452.4,236156,109212
BAJAJCORP,20110817,113.0,113.0,107.45,109.65,6986,4778
BAJAJELEC,20110817,207.85,207.85,200.25,202.95,38173,33922
BAJAJFINSV,20110817,504.5,504.5,491.0,497.15,18911,6907
BAJAJHIND,20110817,53.45,55.35,52.4,54.4,1109844,232153
BAJAJHLDNG,20110817,743.2,749.95,719.95,724.9,829665,805265
BAJFINANCE,20110817,710.0,717.0,682.35,693.1,24868,15705
BALAJITELE,20110817,28.3,29.45,28.0,29.0,29099,15483
BALAMINES,20110817,36.0,37.9,35.5,35.5,1975,1555
BALKRISIND,20110817,165.5,165.5,146.0,161.0,15565,8814
BALLARPUR,20110817,29.75,30.2,29.1,29.35,200099,128220
BALMLAWRIE,20110817,672.4,672.5,655.55,660.75,9376,6471
BALPHARMA,20110817,24.3,24.9,23.5,23.85,3294,2732
BALRAMCHIN,20110817,53.0,55.6,51.85,54.85,1803411,677586
BANARISUG,20110817,521.0,521.0,510.0,510.35,634,627
BANCOINDIA,20110817,78.9,79.5,75.7,76.3,7078,4464
BANG,20110817,26.65,27.0,25.5,26.75,393,305
BANKBARODA,20110817,800.1,806.7,779.0,792.75,548760,280254
BANKBEES,20110817,1028.0,1036.0,1010.0,1015.23,1430,1226
BANKINDIA,20110817,323.95,328.35,316.0,321.15,473076,108340
BANSWRAS,20110817,97.0,99.9,96.0,97.0,6886,1380
BARTRONICS,20110817,45.15,52.75,45.15,49.7,66373,36105
BASF,20110817,607.15,607.15,594.0,596.9,3603,2863
BASML,20110817,74.0,74.0,63.0,64.4,162103,158094
BATAINDIA,20110817,699.9,706.15,680.55,694.05,624413,65974
BATLIBOI,20110817,18.0,19.2,17.25,18.75,912,692
BAYERCROP,20110817,805.4,836.95,780.5,815.45,11380,6290
BBL,20110817,731.9,742.0,710.0,720.8,1742,1075
BBTC,20110817,420.0,429.35,415.0,416.65,2092,1604
BEARDSELL,20110817,50.5,50.5,50.35,50.35,125,125
BECREL,20110817,10.55,10.55,10.45,10.45,440,440
BEDMUTHA,20110817,124.5,133.0,122.0,127.95,149964,57051
BEL,20110817,1648.95,1664.9,1543.0,1561.05,100257,80831
BELLCERATL,20110817,12.05,13.8,12.0,13.05,1739,1536
BEML,20110817,458.0,458.0,426.05,444.75,127682,61238
BEPL,20110817,30.5,30.5,29.5,30.0,13880,13876
BERGEPAINT,20110817,107.9,108.0,103.0,104.4,239583,69416
BFINVEST,20110817,45.0,50.0,44.1,48.95,38499,19558
BFUTILITIE,20110817,525.0,536.95,421.0,465.3,3014757,173372
BGLOBAL,20110817,13.5,14.15,12.8,12.95,167853,56687
BGRENERGY,20110817,320.3,335.15,320.1,325.35,228157,41233
BHAGWATIHO,20110817,79.0,84.0,75.0,78.0,17417,7811
BHAGYNAGAR,20110817,15.2,15.2,14.85,15.1,26099,23167
BHARATFORG,20110817,285.8,288.85,272.2,282.8,311251,128400
BHARATGEAR,20110817,50.0,50.0,45.7,46.75,5544,4780
BHARATRAS,20110817,98.0,105.0,98.0,103.45,435,417
BHARTIARTL,20110817,394.1,400.9,383.6,396.4,4883840,2938465
BHARTISHIP,20110817,92.3,92.85,87.6,90.45,128971,62823
BHEL,20110817,1764.2,1799.0,1758.5,1778.35,726232,369616
BHUSANSTL,20110817,323.65,341.0,317.25,325.1,203910,29936
BIL,20110817,39.1,41.5,39.05,41.2,7781,5635
BILPOWER,20110817,84.7,86.65,78.3,80.4,4953,2222
BIMETAL,20110817,309.45,309.45,301.0,301.35,279,268
BINANIIND,20110817,145.6,145.6,141.0,141.8,17176,8325
BINDALAGRO,20110817,77.3,78.25,75.15,75.55,123602,74837
BIOCON,20110817,326.6,329.0,318.0,325.7,386516,144085
BIRLACORPN,20110817,315.0,325.45,315.0,318.6,3088,1844
BIRLACOT,20110817,0.35,0.4,0.3,0.35,3620211,1534515
BIRLAERIC,20110817,12.65,13.55,12.55,13.0,499,416
BIRLAMONEY,20110817,17.75,18.3,17.25,17.7,5328,3491
BIRLAPOWER,20110817,0.7,0.7,0.65,0.65,904020,445948
BLBLIMITED,20110817,3.9,4.0,3.65,3.85,1784,1617
BLISSGVS,20110817,22.6,22.7,21.5,21.7,6698,6113
BLKASHYAP,20110817,13.15,13.3,12.0,13.05,209447,165502
BLUECHIP,20110817,1.0,1.1,1.0,1.05,27115,26369
BLUECOAST,20110817,164.9,164.9,164.9,164.9,151,151
BLUEDART,20110817,1664.0,1698.0,1610.0,1663.3,4242,1477
BLUESTARCO,20110817,269.0,277.0,263.45,267.1,12615,10315
BLUESTINFO,20110817,72.0,75.8,72.0,75.15,1032,841
BOC,20110817,278.0,279.9,273.0,273.9,5304,3958
BOMDYEING,20110817,314.95,321.0,309.6,317.05,173640,45170
BOSCHLTD,20110817,7316.0,7316.0,7201.0,7216.15,1301,748
BPCL,20110817,687.75,699.0,681.75,685.5,513874,343609
BPL,20110817,22.2,22.7,20.55,21.05,34997,22951
BRANDHOUSE,20110817,16.0,16.0,15.0,15.6,125418,107945
BRFL,20110817,279.05,281.75,279.05,279.7,34251,22511
BRIGADE,20110817,66.0,66.0,62.05,62.95,32940,17938
BRITANNIA,20110817,461.0,476.0,461.0,473.1,16864,9986
BRITANNIA,20110817,461.0,476.0,461.0,473.1,900,900
BRITANNIA,20110817,166.5,166.5,166.35,166.35,16864,9986
BRITANNIA,20110817,166.5,166.5,166.35,166.35,900,900
BROADCAST,20110817,8.1,8.1,8.1,8.1,625,625
BSELINFRA,20110817,3.8,3.8,3.55,3.6,79809,62048
BSL,20110817,21.35,24.5,21.35,22.5,1202,1114
BSLGOLDETF,20110817,2690.0,2745.0,2620.0,2670.4,314,223
BSLNIFTY,20110817,61.0,61.0,50.22,55.5,1668,1582
BSTRANSCOM,20110817,97.0,97.0,83.4,86.4,36108,21435
BURNPUR,20110817,6.5,6.9,6.0,6.1,33117,17212
BVCL,20110817,13.5,14.05,13.3,13.55,2652,1521
CADILAHC,20110817,844.05,846.45,826.2,836.75,50792,36322
CAIRN,20110817,278.0,287.2,275.0,279.15,743501,218603
CALSOFT,20110817,29.05,29.05,29.05,29.05,1004,1004
CAMLIN,20110817,71.1,71.4,69.8,70.2,106868,78530
CANBK,20110817,430.0,454.0,429.0,432.5,964814,491539
CANDC,20110817,112.0,117.0,110.2,114.65,8912,6040
CANFINHOME,20110817,99.9,99.9,96.0,96.35,6397,4854
CANTABIL,20110817,28.0,28.5,27.3,27.5,4554,3273
CARBORUNIV,20110817,301.1,307.0,287.6,305.6,15567,9286
CAROLINFO,20110817,233.0,233.0,224.5,229.4,3511,2754
CASTROL,20110817,515.0,523.0,513.5,514.9,52023,35871
CCCL,20110817,22.05,25.3,20.85,21.35,88577,57367
CCL,20110817,173.0,173.0,164.85,166.3,6969,4367
CEATLTD,20110817,88.5,89.8,85.2,89.45,33432,16080
CEBBCO,20110817,40.8,40.8,35.0,37.4,13498,10429
CELEBRITY,20110817,8.3,8.3,6.8,6.8,9846,7709
CELESTIAL,20110817,27.35,27.35,25.5,25.75,2934,1965
CENTENKA,20110817,155.85,155.85,148.5,149.4,12247,9620
CENTEXT,20110817,2.85,2.85,2.6,2.65,9755,9560
CENTRALBK,20110817,107.0,109.35,103.0,103.7,565463,189877
CENTUM,20110817,80.0,80.0,76.0,77.35,674,674
CENTURYPLY,20110817,65.0,67.0,64.75,65.8,18290,17020
CENTURYTEX,20110817,292.0,297.0,286.35,291.2,321942,44891
CERA,20110817,198.0,206.45,185.0,200.25,4771,3388
CESC,20110817,315.05,315.05,297.5,300.1,114087,76271
CHAMBLFERT,20110817,101.45,103.5,98.1,102.4,3174397,505363
CHEMFALKAL,20110817,44.85,46.0,41.3,43.65,910,659
CHEMPLAST,20110817,6.05,6.4,5.95,6.0,57037,35415
CHENNPETRO,20110817,214.05,214.75,212.0,212.85,39488,35567
CHESLINTEX,20110817,14.0,15.4,13.0,13.0,1175,602
CHETTINAD,20110817,419.0,450.0,417.0,420.95,256,214
CHOLAFIN,20110817,152.05,155.8,151.0,154.35,44848,40754
CILNOVA,20110817,14.0,15.5,14.0,15.35,4248,4047
CINEMAX,20110817,30.85,31.7,30.3,30.6,10462,7609
CINEVISTA,20110817,3.95,3.95,3.65,3.65,6074,4840
CIPLA,20110817,288.95,291.4,281.15,289.6,1048823,571791
CLASSIC,20110817,12.0,12.0,9.5,9.65,58055,43476
CLNINDIA,20110817,738.9,744.9,738.9,743.85,19242,17933
CMAHENDRA,20110817,182.1,185.0,159.95,167.25,8233,3511
CMC,20110817,1010.0,1010.0,985.1,1000.5,2286,1283
COALINDIA,20110817,389.4,399.0,388.0,397.9,4815761,3164534
COLPAL,20110817,915.0,939.0,911.1,931.9,142066,90990
COMPUAGE,20110817,108.0,108.0,107.95,107.95,2,0
CONCOR,20110817,1002.0,1002.0,950.0,958.35,21996,17306
CONSOFINVT,20110817,66.8,66.8,61.5,61.85,2028,1261
CORAL-HUB,20110817,5.0,5.05,4.7,4.8,27757,25708
CORDSCABLE,20110817,35.85,35.9,33.35,33.65,7401,4675
COREPROTEC,20110817,296.3,300.0,291.35,298.0,353632,146506
COROENGG,20110817,261.85,261.85,261.85,261.85,20,20
COROMANDEL,20110817,322.0,329.55,321.0,325.0,103448,77126
CORPBANK,20110817,452.05,455.65,431.65,444.25,50796,31855
COSMOFILMS,20110817,87.0,88.95,85.45,85.95,16061,11496
COX&KINGS,20110817,220.75,222.65,209.0,213.15,350621,181878
CPIL,20110817,296.0,296.7,276.0,281.2,3316,1698
CREATIVEYE,20110817,5.2,5.25,5.05,5.05,12262,12062
CRESTANI,20110817,37.95,38.0,35.0,36.25,53271,19238
CREWBOS,20110817,53.3,54.65,47.85,47.85,139838,64019
CRISIL,20110817,8100.0,8100.0,7803.0,7904.75,3193,2222
CROMPGREAV,20110817,144.05,144.45,137.3,142.15,2184784,1094522
CRONIMET,20110817,122.5,122.5,110.0,111.65,15881,419
CTE,20110817,6.9,7.0,6.9,6.9,8317,8183
CUB,20110817,46.1,46.4,44.95,45.0,141104,98219
CUBEXTUB,20110817,10.1,10.1,10.1,10.1,80,80
CUMMINSIND,20110817,602.5,622.0,580.0,606.25,219408,142023
CURATECH,20110817,165.3,174.95,160.0,172.45,1105,899
CYBERMEDIA,20110817,17.0,17.0,17.0,17.0,43,27
CYBERTECH,20110817,11.65,11.65,11.3,11.55,2022,2006
DAAWAT,20110817,44.2,45.6,42.9,44.8,56162,26399
DABUR,20110817,102.5,104.5,101.2,103.95,654934,327563
DALMIABEL,20110817,136.55,142.9,136.55,137.65,2091,1088
DALMIASUG,20110817,17.95,17.95,17.0,17.3,5484,3590
DATAMATICS,20110817,30.0,31.0,28.55,28.55,17678,16146
DBCORP,20110817,235.1,236.9,232.0,236.0,9011,8136
DBREALTY,20110817,67.85,69.4,67.1,68.2,96410,56142
DCB,20110817,50.0,50.7,46.4,46.75,3647184,965026
DCHL,20110817,66.7,67.45,65.7,66.15,843183,568999
DCM,20110817,50.85,50.85,46.15,47.95,31116,17841
DCMSRMCONS,20110817,45.55,46.5,45.3,46.45,9935,7963
DCW,20110817,9.25,9.25,8.65,8.85,90518,43949
DECCANCE,20110817,165.0,165.0,145.0,146.0,2375,2295
DEEPAKFERT,20110817,133.0,163.5,133.0,162.35,36171,25128
DEEPAKNTR,20110817,190.0,190.0,190.0,190.0,25,25
DEEPIND,20110817,67.75,69.25,66.25,67.4,76505,73556
DELTACORP,20110817,94.7,96.35,90.85,93.5,4567741,669798
DEN,20110817,43.05,50.0,42.75,42.75,2172004,1495252
DENABANK,20110817,82.7,83.45,80.55,80.95,1329412,517928
DENORA,20110817,82.0,83.6,78.0,79.3,3197,2243
DENSO,20110817,58.05,61.4,56.35,57.0,7936,6125
DEWANHOUS,20110817,205.0,205.5,200.25,201.65,21522,15326
DHAMPURSUG,20110817,48.0,48.75,45.55,46.8,41986,11439
DHANBANK,20110817,84.25,84.7,78.05,82.8,895164,431105
DHANUKA,20110817,100.8,102.9,100.0,100.35,40545,3438
DHARSUGAR,20110817,29.2,32.0,28.3,31.2,14354,12701
DHUNINV,20110817,70.0,70.0,66.5,70.0,41,41
DIAPOWER,20110817,132.75,133.05,127.15,129.3,9503,7538
DICIND,20110817,231.0,237.0,225.1,226.95,1596,1163
DIGJAM,20110817,9.6,9.9,9.1,9.4,33730,22994
DISHMAN,20110817,71.7,71.7,68.2,69.7,53718,30303
DISHTV,20110817,86.6,87.4,85.1,85.9,3713096,2067182
DIVISLAB,20110817,745.9,748.75,726.4,730.35,105612,26644
DLF,20110817,185.0,185.45,173.25,177.0,14500195,3455392
DLINKINDIA,20110817,21.9,22.25,20.4,21.85,26785,20759
DOLPHINOFF,20110817,128.5,135.0,128.05,132.0,17287,10673
DONEAR,20110817,21.0,22.1,21.0,21.2,1654,1653
DPSCLTD,20110817,1770.0,1890.0,1750.0,1874.0,206,114
DPTL,20110817,143.0,143.85,141.6,142.0,3169,2493
DQE,20110817,35.0,38.0,32.65,34.35,26698,17541
DREDGECORP,20110817,243.0,249.0,237.1,240.6,5568,3139
DRREDDY,20110817,1514.5,1519.95,1473.0,1503.8,172709,76883
DRREDDY,20110817,1514.5,1519.95,1473.0,1503.8,5467,5461
DRREDDY,20110817,4.8,5.0,4.8,4.99,172709,76883
DRREDDY,20110817,4.8,5.0,4.8,4.99,5467,5461
DSKULKARNI,20110817,59.5,59.8,57.25,58.65,19315,11772
DUNCANSIND,20110817,11.0,11.0,9.8,9.95,40805,31654
DWARKESH,20110817,51.95,51.95,43.3,44.0,79912,37490
DYNAMATECH,20110817,1320.0,1320.0,1202.0,1236.6,70,31
DYNASYS,20110817,0.65,0.65,0.65,0.65,989,989
EASTSILK,20110817,6.5,6.8,6.5,6.55,20427,15590
EASUNREYRL,20110817,57.35,58.7,56.1,58.05,4944,3141
ECEIND,20110817,99.2,101.95,98.0,98.2,1201,938
ECLERX,20110817,781.0,798.8,778.0,790.7,5066,4104
EDELWEISS,20110817,30.5,30.65,29.55,30.0,207959,146903
EDL,20110817,97.0,97.75,95.95,96.4,1992,1618
EDSERV,20110817,105.4,109.7,98.7,106.6,161639,56731
EDUCOMP,20110817,270.05,276.5,254.0,257.4,1490074,411686
EICHERMOT,20110817,1315.0,1368.95,1315.0,1359.65,5929,4024
EIDPARRY,20110817,251.25,255.8,246.6,254.8,87196,60157
EIHAHOTELS,20110817,167.25,172.0,156.6,158.2,12651,7763
EIHOTEL,20110817,84.0,84.1,82.0,82.45,90227,52851
EIMCOELECO,20110817,180.15,187.9,180.15,184.0,211,5
EKC,20110817,81.0,83.2,77.85,79.4,317249,112304
ELDERPHARM,20110817,378.7,378.7,370.0,371.0,47878,1140
ELECON,20110817,69.4,71.8,66.75,70.8,59153,32755
ELECTCAST,20110817,32.25,32.25,30.2,31.35,244892,133252
ELECTHERM,20110817,111.65,115.65,107.35,111.7,5778,4322
ELFORGE,20110817,10.0,10.7,10.0,10.45,824,822
ELGIEQUIP,20110817,69.0,72.0,68.05,72.0,759455,732882
ELNET,20110817,35.9,36.0,34.0,34.0,516,501
EMAMILTD,20110817,492.75,492.75,478.0,480.35,44808,41684
EMCO,20110817,40.5,41.9,38.15,39.65,23646,16150
EMKAY,20110817,46.5,49.25,45.55,46.1,1611,1443
EMMBI,20110817,12.6,13.4,12.45,12.55,22171,19666
EMPEESUG,20110817,20.9,21.8,20.9,20.9,311,241
ENERGYDEV,20110817,27.35,27.35,25.2,26.45,1469,1311
ENGINERSIN,20110817,265.1,265.85,258.4,264.35,159653,124476
ENIL,20110817,245.0,250.3,239.0,246.15,36545,14137
ENTEGRA,20110817,20.05,21.6,20.05,20.2,11174,8340
ERAINFRA,20110817,160.65,160.65,158.1,159.4,258505,74685
EROSMEDIA,20110817,208.0,209.35,192.8,201.45,148804,61307
ESABINDIA,20110817,508.0,509.65,501.5,504.3,2421,2020
ESCORTS,20110817,66.05,69.7,65.25,68.4,2843369,1318601
ESL,20110817,7.7,7.7,7.4,7.45,122852,74859
ESSAROIL,20110817,92.0,93.5,90.6,92.15,693276,130050
ESSARPORTS,20110817,76.05,77.85,71.0,71.9,34103,27105
ESSDEE,20110817,284.0,286.4,250.0,262.5,38987,27746
ESSELPACK,20110817,40.8,40.8,37.0,37.95,72121,41285
ESTER,20110817,31.45,31.45,29.15,29.4,21182,9686
EUROCERA,20110817,21.1,21.95,20.5,21.2,497,479
EUROMULTI,20110817,6.85,9.0,6.85,7.8,6973,6199
EUROTEXIND,20110817,20.0,21.0,19.15,19.35,878,543
EVEREADY,20110817,42.25,46.25,41.4,41.45,33346,23833
EVERESTIND,20110817,146.15,149.9,145.25,147.8,6043,3756
EVERONN,20110817,531.9,531.9,486.0,493.7,153892,59626
EVINIX,20110817,0.85,0.85,0.75,0.8,36170,20521
EXCELCROP,20110817,155.0,156.8,146.65,147.05,6241,4543
EXCELINDUS,20110817,68.0,69.0,66.0,66.85,1742,1600
EXCELINFO,20110817,14.0,14.1,13.3,13.45,57610,36939
EXIDEIND,20110817,158.1,158.1,153.6,154.5,478002,191508
FACT,20110817,40.0,40.2,38.05,38.8,47103,13213
FAGBEARING,20110817,1235.0,1239.0,1180.15,1213.1,1688,918
FARMAXIND,20110817,2.3,2.4,2.25,2.25,52882,33803
FCH,20110817,167.1,167.1,159.55,162.35,64939,20079
FCSSOFT,20110817,0.7,0.7,0.6,0.65,1778242,1061245
FDC,20110817,90.0,90.2,86.45,87.1,13998,9515
FEDDERLOYD,20110817,66.2,67.8,62.45,63.25,25501,19165
FEDERALBNK,20110817,384.45,384.45,361.7,365.1,463124,219557
FIEMIND,20110817,147.6,149.8,144.8,149.35,3080,2732
FINANTECH,20110817,737.0,739.0,708.0,722.2,106346,63725
FINCABLES,20110817,40.3,40.3,37.7,37.8,49229,24662
FINPIPE,20110817,65.0,65.35,63.0,63.35,33212,22794
FIRSTLEASE,20110817,80.7,81.25,76.0,78.85,37495,16486
FIRSTWIN,20110817,14.0,15.8,14.0,15.4,8858,701
FKONCO,20110817,116.1,116.2,113.1,113.65,4279,2079
FMGOETZE,20110817,254.95,254.95,236.1,244.0,1932,1445
FORTIS,20110817,155.25,155.95,152.45,152.95,109830,34502
FOSECOIND,20110817,521.0,521.0,505.0,511.15,631,325
FOURSOFT,20110817,9.5,10.0,9.45,9.7,8181,3477
FSL,20110817,12.6,12.75,11.15,11.8,4459304,1206723
FUTUREVENT,20110817,8.65,9.25,8.55,9.1,1347479,742783
GABRIEL,20110817,41.75,41.95,40.0,40.85,20371,11159
GAEL,20110817,23.3,23.5,22.65,22.75,28323,17339
GAIL,20110817,434.0,445.8,425.65,438.2,954504,495154
GAL,20110817,9.75,9.75,8.9,9.25,47703,29818
GALLANTT,20110817,16.75,17.1,16.3,17.0,36944,30342
GALLISPAT,20110817,90.45,90.45,88.5,89.0,154946,76109
GAMMNINFRA,20110817,14.25,14.25,13.5,14.0,164471,116086
GAMMONIND,20110817,73.0,74.25,71.6,72.5,14473,7704
GANDHITUBE,20110817,125.0,125.8,120.4,124.0,1502,1502
GANESHHOUC,20110817,127.0,127.5,121.1,126.9,9383,8086
GANGOTRI,20110817,6.05,6.25,5.2,5.5,10270,5604
GARDENSILK,20110817,75.1,77.1,72.25,72.8,8471,6219
GARWALLROP,20110817,55.95,56.15,54.3,54.7,10833,7111
GATI,20110817,62.9,63.8,59.25,61.05,220476,93832
GDL,20110817,131.0,132.35,127.65,129.45,33565,19617
GEECEE,20110817,33.05,33.9,32.85,33.15,4854,2641
GEINDSYS,20110817,152.0,155.0,152.0,152.75,737,593
GEMINI,20110817,20.45,20.5,19.0,19.55,28438,20585
GENESYS,20110817,230.0,237.0,221.5,228.0,17727,6682
GENUSPOWER,20110817,14.75,15.3,14.75,14.85,70328,51307
GEODESIC,20110817,59.85,59.85,53.85,57.2,688184,252532
GEOJITBNPP,20110817,20.0,20.0,18.75,18.95,154045,113447
GEOMETRIC,20110817,39.5,40.45,37.95,38.1,52647,38139
GESHIP,20110817,241.0,242.85,234.25,239.9,200120,150813
GHCL,20110817,39.9,39.9,38.75,38.95,43067,29207
GICHSGFIN,20110817,89.95,89.95,87.2,87.5,54220,34595
GILLANDERS,20110817,87.0,87.0,84.1,84.85,5271,4342
GILLETTE,20110817,2060.05,2079.95,2025.55,2060.6,1225,947
GINNIFILA,20110817,7.9,7.9,7.0,7.55,8055,4875
GIPCL,20110817,81.0,81.95,77.5,77.65,9680,7704
GISOLUTION,20110817,12.0,13.35,11.15,12.0,1332,825
GITANJALI,20110817,311.75,319.0,307.0,314.85,1675572,431431
GKB,20110817,41.95,41.95,41.95,41.95,2,0
GKWLIMITED,20110817,470.0,499.5,460.05,495.6,41,25
GLAXO,20110817,2116.6,2159.9,2116.6,2147.9,27180,23822
GLENMARK,20110817,322.15,327.6,318.65,321.15,376383,215982
GLFL,20110817,3.6,3.6,3.35,3.6,1800,1800
GLOBALVECT,20110817,20.55,21.95,20.2,20.75,1718,1583
GLOBOFFS,20110817,96.3,96.3,93.0,95.15,1952,1738
GLOBUSSPR,20110817,140.9,140.9,136.0,137.4,1617,1393
GLODYNE,20110817,296.5,298.85,289.35,291.8,80490,35638
GMBREW,20110817,93.8,98.0,93.7,96.75,2009,1303
GMDCLTD,20110817,165.65,167.5,158.4,164.75,199937,72257
GMRINFRA,20110817,29.1,29.65,26.95,28.6,6040036,2834930
GNFC,20110817,96.0,97.0,95.15,95.95,84427,57533
GOACARBON,20110817,76.0,76.5,74.0,75.0,4996,3733
GODFRYPHLP,20110817,3250.0,3330.0,3250.0,3317.5,1266,853
GODREJCP,20110817,414.0,423.0,409.0,417.2,480469,462325
GODREJIND,20110817,202.5,206.8,199.6,202.9,351443,48016
GODREJPROP,20110817,687.0,693.0,650.65,669.0,10135,5729
GOENKA,20110817,55.0,56.0,48.6,49.55,14186,9664
GOKEX,20110817,81.1,83.75,75.0,76.3,2426,2170
GOKUL,20110817,87.5,88.7,84.95,88.2,47608,43817
GOLDBEES,20110817,2535.0,2574.0,2535.0,2568.3,181731,113900
GOLDENTOBC,20110817,65.0,66.95,64.25,64.8,1929,1420
GOLDIAM,20110817,28.0,28.45,25.15,26.4,1488,1048
GOLDINFRA,20110817,15.7,15.95,15.5,15.5,7882,7523
GOLDSHARE,20110817,2550.0,2605.0,2545.0,2585.05,15786,10610
GOLDTECH,20110817,5.65,5.95,5.5,5.75,9747,9045
GPIL,20110817,150.55,157.3,150.0,152.05,14034,6686
GPPL,20110817,65.35,66.5,64.8,65.05,25066,21336
GRABALALK,20110817,18.1,18.85,17.15,17.8,57062,56318
GRANULES,20110817,73.0,74.8,70.15,70.7,2440,1859
GRAPHITE,20110817,74.3,75.25,70.35,71.1,919551,868566
GRASIM,20110817,2111.8,2148.0,2096.0,2114.3,50951,19203
GRAVITA,20110817,371.2,392.7,346.1,381.95,324331,41359
GREAVESCOT,20110817,91.65,92.5,88.2,90.3,24196,17776
GREENPLY,20110817,200.0,203.0,190.0,192.2,1774,1197
GREENPOWER,20110817,13.5,13.5,12.45,12.75,496351,319830
GRINDWELL,20110817,254.0,254.0,243.15,244.35,317,265
GRUH,20110817,475.35,493.95,474.95,486.1,44825,24566
GSFC,20110817,382.7,387.0,375.1,381.85,15394,10136
GSKCONS,20110817,2342.0,2350.0,2282.0,2339.1,2402,1607
GSLNOVA,20110817,3.0,3.0,2.65,2.75,7046,4159
GSPL,20110817,100.5,101.0,98.1,99.2,1216905,688559
GSSAMERICA,20110817,133.5,134.35,127.5,129.6,9411,5184
GTL,20110817,53.3,54.0,48.0,49.95,4117322,446185
GTLINFRA,20110817,12.0,12.1,11.05,11.2,1889954,889760
GTNIND,20110817,12.0,12.9,12.0,12.5,36,21
GTNTEX,20110817,11.0,11.3,10.25,10.95,1168,1100
GTOFFSHORE,20110817,171.45,171.45,162.0,164.9,78145,48975
GUJALKALI,20110817,138.55,143.5,138.15,139.1,359853,213408
GUJAPOLLO,20110817,114.0,117.9,113.0,114.75,5433,4133
GUJFLUORO,20110817,486.9,503.8,478.25,485.7,322963,72589
GUJNRECOKE,20110817,28.0,28.8,25.5,27.95,739895,350471
GUJNREDVR,20110817,18.2,18.95,18.1,18.4,22385,21065
GUJRATGAS,20110817,451.15,454.0,441.1,447.8,43053,22266
GUJSIDHCEM,20110817,8.6,8.7,8.25,8.35,73044,36339
GULFOILCOR,20110817,79.3,79.3,76.2,77.65,64010,44002
GVKPIL,20110817,18.05,18.2,17.1,17.6,7901558,2954450
HALONIX,20110817,72.0,72.0,70.0,71.0,585,580
HANUNG,20110817,121.95,125.9,115.0,117.4,105007,32282
HARITASEAT,20110817,81.4,81.4,80.95,81.0,184,184
HARRMALAYA,20110817,69.9,70.45,67.55,68.0,36626,18124
HATHWAY,20110817,91.0,91.0,80.6,87.0,71381,29431
HAVELLS,20110817,349.5,359.8,338.5,340.65,387020,108496
HBLPOWER,20110817,14.35,14.65,13.6,13.9,81230,62897
HBSTOCK,20110817,11.15,11.25,11.1,11.1,528,528
HCC,20110817,27.5,27.85,25.65,26.65,5388852,2239526
HCIL,20110817,50.5,52.85,50.5,51.9,95049,67149
HCL-INSYS,20110817,75.5,75.55,73.0,74.25,104552,52374
HCLTECH,20110817,405.65,426.0,405.65,423.2,611975,188491
HDFC,20110817,645.1,670.5,645.05,660.6,3374731,2195961
HDFC,20110817,645.1,670.5,645.05,660.6,153550,96200
HDFC,20110817,111.25,117.0,110.55,111.25,3374731,2195961
HDFC,20110817,111.25,117.0,110.55,111.25,153550,96200
HDFCBANK,20110817,456.05,472.45,455.9,467.5,3134201,1736330
HDFCMFGETF,20110817,2615.0,2620.0,2595.0,2618.15,3275,2249
HDIL,20110817,103.75,106.3,98.8,102.75,11391000,1252924
HEG,20110817,228.0,228.0,224.4,224.85,36574,28244
HEIDELBERG,20110817,34.9,34.9,33.0,33.2,23602,19183
HELIOSMATH,20110817,25.3,26.4,24.95,25.05,11273,9667
HERCULES,20110817,247.9,255.0,240.05,241.9,81794,9385
HERITGFOOD,20110817,194.0,196.0,190.0,194.0,3259,3199
HEROMOTOCO,20110817,1890.5,1952.0,1890.5,1939.55,756048,442679
HEXAWARE,20110817,81.0,82.8,80.05,80.8,753399,299015
HFCL,20110817,12.8,13.1,12.35,12.4,767295,383581
HGSL,20110817,345.0,345.0,330.5,332.2,2409,1135
HIKAL,20110817,287.5,329.9,278.15,282.6,21530,4302
HILTON,20110817,14.0,14.15,13.5,14.05,3946,2684
HIMATSEIDE,20110817,31.0,31.85,30.55,30.8,7665,7361
HINDALCO,20110817,144.5,146.4,140.1,142.55,7156031,2836447
HINDCOMPOS,20110817,480.0,480.0,480.0,480.0,1,1
HINDCOPPER,20110817,232.95,232.95,224.6,225.75,29720,8263
HINDDORROL,20110817,37.2,38.9,37.1,38.05,22004,13689
HINDMOTORS,20110817,15.15,15.3,14.75,14.9,149736,75010
HINDNATGLS,20110817,204.0,205.75,196.0,197.0,1125,900
HINDOILEXP,20110817,129.35,130.25,120.0,126.15,912483,142794
HINDPETRO,20110817,378.05,381.3,374.65,379.25,663712,353170
HINDUJAVEN,20110817,306.0,311.9,295.0,306.35,5596,3694
HINDUNILVR,20110817,311.0,319.0,310.55,316.4,1950763,1320269
HINDZINC,20110817,123.25,123.5,120.35,123.0,471194,216813
HIRECT,20110817,43.15,45.5,41.15,43.2,3614,2076
HITACHIHOM,20110817,169.95,169.95,156.15,158.85,8199,4739
HITECHGEAR,20110817,125.5,126.5,123.5,125.05,12228,11960
HITECHPLAS,20110817,81.0,82.0,80.05,80.6,203,191
HMT,20110817,47.75,47.75,46.25,46.4,33656,13331
HMVL,20110817,132.05,136.4,130.55,133.55,1935,1202
HNGSNGBEES,20110817,1203.0,1235.0,1203.0,1235.0,6,5
HOCL,20110817,26.0,26.0,22.4,24.2,117087,65516
HONAUT,20110817,2545.0,2545.0,2474.4,2480.5,168,147
HONDAPOWER,20110817,390.25,393.0,381.3,385.0,987,765
HOTELEELA,20110817,39.5,39.5,37.8,38.2,170389,77267
HOTELRUGBY,20110817,7.45,7.65,7.45,7.45,5075,5049
HOVS,20110817,61.9,63.0,58.55,60.25,9718,6012
HSIL,20110817,208.85,208.85,205.1,206.2,81833,45942
HTMEDIA,20110817,151.55,156.3,150.0,150.5,371205,355925
HYDRBADIND,20110817,327.05,331.9,322.0,324.85,7470,4465
HYDROS&S,20110817,22.95,22.95,19.15,20.35,1344,1092
IBPOW,20110817,15.0,15.0,14.25,14.55,286689,106583
IBREALEST,20110817,75.25,76.2,70.7,75.25,8395728,3237281
IBSEC,20110817,9.4,9.4,8.4,8.75,933047,507733
ICICIBANK,20110817,933.0,942.0,906.65,909.8,5926423,3286626
ICIL,20110817,10.0,10.9,9.2,10.15,2831,2309
ICRA,20110817,1015.0,1027.8,993.0,1001.7,4135,2111
ICSA,20110817,80.1,81.0,68.25,69.15,300872,164888
IDBI,20110817,117.0,117.75,111.05,112.45,1952038,565240
IDEA,20110817,92.25,95.25,89.7,94.45,5220988,1742389
IDFC,20110817,115.2,116.55,111.1,112.4,10129833,4539089
IFBAGRO,20110817,147.9,161.3,143.6,160.7,348329,55200
IFBIND,20110817,123.9,127.5,122.5,124.15,63797,16116
IFCI,20110817,41.25,41.6,39.7,40.25,7969634,1632042
IFGLREFRAC,20110817,36.0,36.0,32.6,35.0,5350,3469
IGARASHI,20110817,45.0,45.0,40.6,41.05,10327,7097
IGL,20110817,398.0,428.4,398.0,421.55,232883,96667
IGPL,20110817,25.8,25.8,21.1,21.75,1584,417
IL&FSENGG,20110817,97.0,101.8,96.0,96.5,11052,6039
IL&FSTRANS,20110817,181.4,189.9,179.0,180.5,26303,19373
IMPAL,20110817,615.0,622.5,615.0,620.0,561,542
IMPEXFERRO,20110817,8.15,8.15,7.3,7.5,2066,1306
INDBANK,20110817,8.7,9.0,8.25,8.65,14300,7590
INDHOTEL,20110817,70.0,71.6,69.8,70.1,1531078,1004800
INDIABULLS,20110817,160.85,164.5,154.6,156.35,1112332,473095
INDIACEM,20110817,70.7,70.7,67.25,68.1,437985,59766
INDIAGLYCO,20110817,134.9,139.4,133.0,134.2,332599,54868
INDIAINFO,20110817,71.1,71.8,69.2,70.85,907109,738404
INDIANB,20110817,219.5,222.25,211.15,212.75,521027,351706
INDIANCARD,20110817,92.1,94.7,88.0,89.55,1471,1292
INDIANHUME,20110817,118.05,120.9,116.0,116.25,1890,1362
INDLMETER,20110817,93.0,96.45,91.1,94.4,774,651
INDNIPPON,20110817,251.0,253.0,250.0,250.9,418,346
INDOASIFU,20110817,64.0,64.0,56.6,62.2,11438,7316
INDOCO,20110817,385.0,389.95,376.6,380.6,495,327
INDORAMA,20110817,36.0,37.25,34.0,34.4,52170,43255
INDOSOLAR,20110817,9.9,10.0,8.85,8.95,810253,513650
INDOTECH,20110817,128.0,129.9,124.55,126.0,3588,1402
INDRAMEDCO,20110817,35.2,35.5,35.0,35.35,27751,22403
INDSWFTLAB,20110817,85.7,88.5,82.0,83.2,46193,35458
INDSWFTLTD,20110817,27.25,28.0,27.25,27.45,7361,5158
INDUSFILA,20110817,18.0,19.8,18.0,19.3,14037,14037
INDUSINDBK,20110817,256.15,258.7,240.7,246.05,932293,601029
INDUSINDBK,20110817,256.15,258.7,240.7,246.05,139052,139052
INDUSINDBK,20110817,265.0,265.0,264.0,264.0,932293,601029
INDUSINDBK,20110817,265.0,265.0,264.0,264.0,139052,139052
INEABS,20110817,580.0,580.0,553.05,558.3,2364,1340
INFINITE,20110817,89.35,89.95,86.5,87.45,11286,6956
INFODRIVE,20110817,11.75,12.15,11.1,11.9,4284,2800
INFOMEDIA,20110817,12.5,13.25,12.0,12.5,133309,130761
INFOTECENT,20110817,117.65,119.95,115.0,115.45,3902,2519
INFRABEES,20110817,278.0,278.0,272.2,277.5,513,491
INFY,20110817,2396.0,2465.5,2396.0,2448.95,1066416,458963
INGERRAND,20110817,456.05,463.0,451.2,454.65,6116,4415
INGVYSYABK,20110817,328.95,332.0,317.05,319.6,35382,22929
INNOIND,20110817,94.0,94.0,91.0,92.3,112479,16025
INOXLEISUR,20110817,42.55,43.4,41.2,41.55,56015,45429
INSECTICID,20110817,374.8,386.5,370.15,379.2,148061,37140
INVENTURE,20110817,223.3,256.95,212.6,232.95,7894216,228286
IOB,20110817,119.5,120.5,116.1,118.75,667233,415364
IOC,20110817,322.65,323.4,312.5,313.5,517541,289167
IOLCP,20110817,33.3,34.0,33.3,33.35,642,642
IPCALAB,20110817,320.0,320.0,314.15,319.0,198539,193319
IPGETF,20110817,2598.5,2650.0,2598.5,2639.0,996,825
IRB,20110817,156.0,156.0,146.2,147.7,1798304,631650
ISFT,20110817,57.0,59.45,55.15,58.15,1063,846
ISMTLTD,20110817,34.5,34.5,33.0,33.35,18353,10921
ITC,20110817,200.0,205.0,199.5,204.25,9695022,5479956
ITDCEM,20110817,150.9,150.9,147.1,147.4,877,725
ITI,20110817,24.35,24.7,23.8,24.25,120598,45069
IVC,20110817,28.45,29.25,27.4,28.7,211764,148458
IVP,20110817,47.25,47.25,46.95,46.95,4,2
IVRCLAH,20110817,34.9,38.0,32.0,32.9,36791,19644
IVRCLINFRA,20110817,39.1,40.7,37.3,38.4,9746016,1635439
J&KBANK,20110817,827.0,838.5,805.5,813.25,6056,2985
JAGRAN,20110817,111.95,111.95,107.4,108.35,32840,20850
JAGSNPHARM,20110817,12.45,12.6,12.1,12.55,7515,5310
JAIBALAJI,20110817,149.1,152.3,141.15,143.8,22509,8735
JAICORPLTD,20110817,78.1,79.05,74.05,74.8,255352,73639
JAINSTUDIO,20110817,9.4,9.4,9.4,9.4,365,365
JAMNAAUTO,20110817,122.9,122.9,120.5,121.35,932,759
JAYAGROGN,20110817,85.05,91.0,85.05,87.55,10008,5020
JAYBARMARU,20110817,64.25,64.9,61.5,62.55,1160,726
JAYNECOIND,20110817,18.0,18.0,17.05,17.3,27215,22052
JAYSREETEA,20110817,139.2,141.95,138.0,138.65,24930,10724
JBCHEPHARM,20110817,150.65,151.7,146.2,147.6,159906,57963
JBFIND,20110817,136.4,136.4,127.0,128.25,104083,58005
JENSONICOL,20110817,3.9,3.9,3.7,3.75,17933,13558
JETAIRWAYS,20110817,345.0,353.0,300.0,304.55,3690745,537756
JHS,20110817,32.0,32.7,31.0,31.45,46253,30627
JIKIND,20110817,7.0,7.0,6.45,6.55,10292,5525
JINDALPHOT,20110817,153.0,160.5,152.0,152.95,84434,15092
JINDALPOLY,20110817,255.55,255.55,238.55,240.5,565905,77457
JINDALSAW,20110817,116.05,121.9,112.1,120.2,511317,283610
JINDALSTEL,20110817,507.15,524.8,507.15,514.95,755833,358328
JINDALSWHL,20110817,677.0,677.0,645.15,650.85,43857,8023
JINDCOT,20110817,100.05,101.8,98.1,100.45,132898,111839
JINDRILL,20110817,409.9,409.9,385.0,386.4,5749,2697
JINDWORLD,20110817,155.5,156.0,145.3,147.25,6343,1977
JISLJALEQS,20110817,171.0,171.0,166.25,167.5,1610905,1260567
JKCEMENT,20110817,102.15,105.0,101.55,102.05,4229,3604
JKIL,20110817,100.25,104.5,96.0,97.9,9371,5934
JKLAKSHMI,20110817,41.05,41.4,40.15,40.9,46325,33022
JKPAPER,20110817,43.9,43.9,42.6,43.7,221563,133421
JKTYRE,20110817,88.8,88.8,86.2,87.6,33481,16131
JMCPROJECT,20110817,131.0,139.95,125.05,133.7,2779,2239
JMFINANCIL,20110817,18.5,19.0,16.9,18.15,1023135,612027
JOCIL,20110817,292.0,292.5,283.2,285.85,1217,1157
JPASSOCIAT,20110817,58.1,59.0,56.6,57.8,12298948,2666237
JPINFRATEC,20110817,40.05,40.9,38.8,39.9,110502,57517
JPPOWER,20110817,37.6,38.4,36.05,36.7,635529,313145
JSL,20110817,88.0,94.0,85.15,93.0,113038,76214
JSWENERGY,20110817,57.0,59.0,54.6,55.85,658643,278430
JSWISPAT,20110817,14.5,14.65,13.95,14.35,3286985,967029
JSWISPAT,20110817,14.5,14.65,13.95,14.35,34524,32299
JSWISPAT,20110817,5.05,5.15,5.05,5.05,3286985,967029
JSWISPAT,20110817,5.05,5.15,5.05,5.05,34524,32299
JSWSTEEL,20110817,642.95,653.0,632.0,641.25,1997657,521489
JUBILANT,20110817,200.0,208.95,186.1,190.0,166779,89416
JUBLFOOD,20110817,915.0,953.95,896.35,947.25,2561651,393418
JUBLINDS,20110817,179.75,185.85,175.1,178.1,16313,6644
JUNIORBEES,20110817,103.4,103.75,100.85,101.38,43285,33224
JUPITER,20110817,15.3,15.3,14.4,14.65,250264,137847
JVLAGRO,20110817,16.95,17.5,16.7,16.75,36188,24945
JYOTHYLAB,20110817,198.0,198.4,184.5,186.0,313921,293022
JYOTISTRUC,20110817,69.0,69.25,67.0,67.6,38618,22380
JYOTISTRUC,20110817,69.0,69.25,67.0,67.6,40,40
JYOTISTRUC,20110817,113.51,113.51,113.51,113.51,38618,22380
JYOTISTRUC,20110817,113.51,113.51,113.51,113.51,40,40
KABRAEXTRU,20110817,40.0,41.65,37.8,38.55,51439,42620
KAJARIACER,20110817,106.95,106.95,103.1,104.4,74435,56091
KAKATCEM,20110817,70.0,70.5,68.05,69.55,708,615
KALECONSUL,20110817,70.0,71.5,68.15,69.2,1561,1074
KALINDEE,20110817,110.8,110.9,108.1,108.7,59900,21486
KALPATPOWR,20110817,117.55,119.75,111.2,114.6,27991,13730
KAMATHOTEL,20110817,79.0,82.4,77.1,80.3,4250,2622
KANORICHEM,20110817,35.5,35.5,33.4,33.75,25624,21091
KANSAINER,20110817,870.0,885.0,865.25,870.05,377,368
KARMAENG,20110817,11.55,13.0,11.5,11.5,2706,2258
KARURKCP,20110817,37.5,37.5,32.15,32.2,3595,3425
KARURVYSYA,20110817,376.0,378.0,360.35,362.75,148059,77247
KAUSHALYA,20110817,8.0,8.7,7.55,7.65,8841,6058
KAVVERITEL,20110817,133.0,137.5,132.6,134.35,28697,3636
KBIL,20110817,640.0,655.0,640.0,640.0,426,413
KCP,20110817,27.95,27.95,25.9,26.25,34773,23644
KCPSUGIND,20110817,15.25,15.35,15.0,15.0,14952,11237
KEC,20110817,70.25,70.3,68.0,68.3,36993,22755
KECL,20110817,36.4,37.0,34.5,36.3,2032,1136
KEI,20110817,18.35,18.85,17.3,17.6,32144,24308
KEMROCK,20110817,515.5,517.95,510.1,514.35,9985,8487
KERNEX,20110817,97.0,98.0,93.1,96.35,29350,15365
KESARENT,20110817,49.5,54.75,49.0,50.75,1016,660
KESORAMIND,20110817,126.5,126.5,122.0,123.25,17970,10869
KFA,20110817,26.85,27.1,24.2,25.15,3614682,838607
KGL,20110817,9.1,9.95,7.2,7.35,13091917,5920478
KHAITANELE,20110817,92.25,98.8,89.0,94.7,1626,1339
KHAITANLTD,20110817,23.55,24.6,23.55,23.6,215,151
KICL,20110817,500.0,505.55,470.0,474.6,1059,659
KIL,20110817,14.0,14.35,13.55,13.65,5428,5111
KILITCH,20110817,60.2,63.95,60.2,62.6,1028,739
KINETICMOT,20110817,16.9,17.1,16.25,16.35,9103,7431
KIRIINDUS,20110817,149.0,150.15,130.6,132.8,147887,78408
KIRLOSBROS,20110817,150.0,153.9,142.2,148.5,6774,3670
KIRLOSENG,20110817,115.0,122.95,111.3,117.05,3771,2155
KIRLOSIND,20110817,283.6,283.6,279.0,279.25,124,123
KKCL,20110817,753.0,764.0,742.0,759.8,1783,1626
KLGSYSTEL,20110817,36.0,36.45,35.25,35.9,11366,7308
KLRF,20110817,25.0,26.3,23.1,25.75,729,408
KMSUGAR,20110817,2.6,2.85,2.6,2.8,4439,3401
KNRCON,20110817,112.0,115.8,111.05,112.1,7541,3972
KOHINOOR,20110817,40.2,41.85,39.1,40.25,40062,14307
KOLTEPATIL,20110817,38.2,39.4,37.05,37.35,14491,9181
KOPRAN,20110817,25.7,26.2,24.1,24.2,80014,27723
KOTAKBANK,20110817,445.0,453.75,430.3,445.5,842346,340536
KOTAKGOLD,20110817,2548.9,2566.95,2544.0,2564.4,6320,3927
KOTAKNIFTY,20110817,520.0,523.0,518.2,520.0,1011,921
KOTAKPSUBK,20110817,386.0,388.0,385.0,386.0,154,124
KOTARISUG,20110817,5.8,6.0,5.8,5.85,43869,42701
KOTHARIPET,20110817,7.25,7.5,7.2,7.3,4575,4450
KOTHARIPRO,20110817,535.0,547.0,527.3,537.1,3734,1929
KOUTONS,20110817,21.25,22.2,18.25,21.65,88925,45333
KPIT,20110817,162.65,164.0,156.35,159.85,76928,45947
KPRMILL,20110817,106.2,109.1,100.5,101.95,10240,7479
KRBL,20110817,27.0,27.0,25.6,25.95,754425,162583
KRISHNAENG,20110817,3.65,3.75,3.65,3.75,600,600
KSBPUMPS,20110817,217.05,220.0,213.25,213.4,2422,1668
KSCL,20110817,440.0,441.0,429.0,433.15,22520,15833
KSE,20110817,215.0,220.0,210.0,219.0,244,172
KSERASERA,20110817,13.4,13.4,12.4,12.75,1093784,636977
KSK,20110817,101.55,101.95,100.1,100.7,90409,81273
KSL,20110817,53.6,54.0,51.85,52.25,14204,9376
KSOILS,20110817,8.95,9.5,7.65,7.95,72605173,21298763
KTIL,20110817,75.55,76.5,75.05,76.15,332,232
KTKBANK,20110817,100.05,101.75,94.6,96.95,1682660,989989
KWALITY,20110817,156.9,170.7,150.0,152.45,1145183,306702
L&TFH,20110817,49.65,49.8,48.0,48.15,4804559,1974927
L&TFINANCE,20110817,995.0,1000.0,995.0,997.6,181,176
L&TFINANCE,20110817,995.0,1000.0,995.0,997.6,21,21
L&TFINANCE,20110817,995.0,1000.0,995.0,997.6,688,650
L&TFINANCE,20110817,995.0,1000.0,995.0,997.6,311,311
L&TFINANCE,20110817,995.0,1000.0,995.0,997.6,1101,1101
L&TFINANCE,20110817,1162.06,1164.16,1162.06,1164.16,181,176
L&TFINANCE,20110817,1162.06,1164.16,1162.06,1164.16,21,21
L&TFINANCE,20110817,1162.06,1164.16,1162.06,1164.16,688,650
L&TFINANCE,20110817,1162.06,1164.16,1162.06,1164.16,311,311
L&TFINANCE,20110817,1162.06,1164.16,1162.06,1164.16,1101,1101
L&TFINANCE,20110817,1030.01,1040.1,1030.01,1040.02,181,176
L&TFINANCE,20110817,1030.01,1040.1,1030.01,1040.02,21,21
L&TFINANCE,20110817,1030.01,1040.1,1030.01,1040.02,688,650
L&TFINANCE,20110817,1030.01,1040.1,1030.01,1040.02,311,311
L&TFINANCE,20110817,1030.01,1040.1,1030.01,1040.02,1101,1101
L&TFINANCE,20110817,995.0,995.01,995.0,995.0,181,176
L&TFINANCE,20110817,995.0,995.01,995.0,995.0,21,21
L&TFINANCE,20110817,995.0,995.01,995.0,995.0,688,650
L&TFINANCE,20110817,995.0,995.01,995.0,995.0,311,311
L&TFINANCE,20110817,995.0,995.01,995.0,995.0,1101,1101
L&TFINANCE,20110817,994.0,998.5,994.0,998.45,181,176
L&TFINANCE,20110817,994.0,998.5,994.0,998.45,21,21
L&TFINANCE,20110817,994.0,998.5,994.0,998.45,688,650
L&TFINANCE,20110817,994.0,998.5,994.0,998.45,311,311
L&TFINANCE,20110817,994.0,998.5,994.0,998.45,1101,1101
LAKPRE,20110817,40.0,44.0,40.0,43.0,504,487
LAKSHMIEFL,20110817,25.8,25.9,23.85,24.9,69144,53787
LAKSHMIMIL,20110817,1720.0,1764.95,1698.0,1733.85,59,19
LAKSHVILAS,20110817,104.65,106.7,104.65,105.9,84763,63320
LANCOIN,20110817,36.05,36.5,34.2,34.55,43750,27206
LAOPALA,20110817,92.25,98.8,86.95,91.3,36935,13479
LAXMIMACH,20110817,1972.4,2022.0,1972.4,2001.05,4921,4005
LCCINFOTEC,20110817,0.65,0.65,0.55,0.65,20569,16802
LGBBROSLTD,20110817,287.9,288.0,282.0,283.45,1781,1593
LGBFORGE,20110817,2.55,2.85,2.45,2.6,7600,4985
LIBERTSHOE,20110817,88.55,90.7,86.6,87.35,22063,8001
LICHSGFIN,20110817,212.0,214.45,206.2,208.4,2406700,350493
LIQUIDBEES,20110817,1000.0,1000.01,999.99,1000.0,76551,61945
LITL,20110817,16.85,17.4,16.35,16.6,11703315,2866079
LLOYDELENG,20110817,52.7,53.2,51.0,52.7,36754,25711
LLOYDFIN,20110817,1.0,1.1,1.0,1.1,1768,1690
LLOYDSTEEL,20110817,15.0,15.0,14.0,14.1,294008,162473
LML,20110817,9.85,9.85,9.25,9.3,190824,94415
LOGIXMICRO,20110817,14.5,14.5,13.65,14.2,7606,6626
LOKESHMACH,20110817,40.05,40.85,40.0,40.2,4258,3553
LOTUSEYE,20110817,10.35,10.35,9.1,9.55,53491,44863
LOVABLE,20110817,455.0,456.0,434.0,438.0,488418,52702
LPDC,20110817,2.3,2.5,2.3,2.35,9884,8584
LT,20110817,1621.3,1654.0,1604.15,1643.4,1371866,509555
LUMAXAUTO,20110817,28.25,29.7,27.0,27.35,3306,2303
LUMAXIND,20110817,318.2,328.85,317.4,321.8,1960,1252
LUMAXTECH,20110817,176.0,181.8,173.55,177.85,9380,6201
LUPIN,20110817,456.9,456.9,443.75,445.45,295525,139972
LYKALABS,20110817,15.05,15.6,14.85,14.95,6422,6074
M&M,20110817,726.75,730.0,713.75,719.15,1614704,837335
M&MFIN,20110817,666.1,675.4,663.2,664.8,104676,87718
M100,20110817,7.6,7.6,7.28,7.28,51484,39879
M50,20110817,68.03,68.89,66.7,66.98,7817,5015
MAANALU,20110817,54.75,54.75,50.05,51.3,3401,3100
MADHAV,20110817,16.1,17.0,15.9,17.0,3581,2338
MADHUCON,20110817,72.5,72.6,70.25,71.3,6927,4845
MADRASCEM,20110817,85.25,89.45,85.05,86.95,95293,78616
MADRASFERT,20110817,26.0,26.0,24.2,24.6,109265,75431
MAGMA,20110817,75.0,76.2,73.15,75.65,587008,563179
MAGNUM,20110817,4.9,5.0,4.85,5.0,4215,3749
MAHABANK,20110817,51.0,52.75,50.3,50.9,63995,30969
MAHINDFORG,20110817,64.8,64.8,60.6,61.1,9470,8264
MAHLIFE,20110817,339.0,342.65,337.0,338.35,1058,741
MAHSCOOTER,20110817,321.05,321.05,306.0,306.95,241,241
MAHSEAMLES,20110817,354.0,359.95,354.0,355.65,3207,2297
MAITHANALL,20110817,120.0,120.0,110.0,110.05,673,666
MALUPAPER,20110817,10.8,11.25,10.8,10.9,3720,2368
MALWACOTT,20110817,25.0,28.8,24.15,25.95,1713,1044
MANAKSIA,20110817,60.35,61.0,58.2,60.7,19310,14480
MANALIPETC,20110817,11.2,11.75,11.05,11.2,68986,42340
MANAPPURAM,20110817,53.9,54.0,52.55,53.0,1342235,1219279
MANDHANA,20110817,214.7,214.9,211.0,214.0,137091,30135
MANGALAM,20110817,13.25,13.65,13.25,13.45,4692,4100
MANGCHEFER,20110817,31.95,31.95,29.8,30.45,284393,155509
MANGLMCEM,20110817,100.0,110.6,97.5,102.95,21215,15956
MANINDS,20110817,141.15,141.15,127.2,129.1,18931,9857
MANINFRA,20110817,104.05,107.4,99.0,105.4,7911,3643
MANJEERA,20110817,88.0,93.9,83.1,86.45,200,4
MANJUSHREE,20110817,85.05,86.35,84.35,85.7,10365,5890
MANUGRAPH,20110817,49.55,51.0,49.25,50.0,18389,16755
MARALOVER,20110817,11.3,13.0,11.3,12.9,5799,5770
MARG,20110817,78.65,80.4,77.05,77.95,30301,18480
MARICO,20110817,163.0,163.8,155.05,159.3,352832,206303
MARUTI,20110817,1220.0,1230.8,1179.0,1186.0,385046,158827
MASTEK,20110817,90.0,93.5,88.5,92.6,119841,72372
MAWANASUG,20110817,19.5,20.0,18.3,19.0,4003,1937
MAX,20110817,183.0,185.8,182.95,184.0,578501,503863
MBECL,20110817,133.9,137.0,130.6,131.3,7269,4588
MBLINFRA,20110817,140.0,140.0,121.6,122.55,24854,18098
MCDHOLDING,20110817,65.5,65.5,62.25,64.1,4190,2838
MCDOWELL-N,20110817,965.0,971.85,948.5,956.75,120375,59774
MCLEODRUSS,20110817,216.1,233.9,216.1,228.15,500202,283437
MEGASOFT,20110817,15.8,16.25,15.4,15.95,4873,2081
MEGH,20110817,10.15,10.35,9.9,9.95,109128,95692
MELSTAR,20110817,7.4,8.1,7.4,8.0,60,35
MERCK,20110817,635.0,645.0,635.0,636.7,2320,1652
MHRIL,20110817,362.6,363.95,357.0,358.5,3394,2689
MIC,20110817,12.4,12.6,11.8,11.95,137003,90561
MICROSEC,20110817,27.5,27.5,25.05,25.05,71839,58551
MICROTECH,20110817,111.5,115.2,107.0,109.05,19748,15010
MINDAIND,20110817,184.0,193.0,180.2,190.8,515,329
MINDTREE,20110817,357.0,365.0,350.1,358.15,38953,20123
MIRCELECTR,20110817,18.95,18.95,18.0,18.2,72490,48618
MIRZAINT,20110817,18.0,18.2,17.4,17.65,61311,39712
MLL,20110817,25.9,26.4,23.8,24.35,1703992,573744
MMFL,20110817,108.0,109.0,103.15,104.95,18191,17910
MMFSL,20110817,83.2,87.0,82.6,82.6,23871,14094
MMTC,20110817,751.05,754.05,725.0,726.5,12103,7124
MOIL,20110817,307.55,312.35,305.5,310.3,105283,51530
MONNETISPA,20110817,486.55,495.0,482.3,486.8,28686,22517
MONSANTO,20110817,1860.0,1879.0,1823.05,1837.45,2775,1452
MORARJETEX,20110817,12.15,13.2,12.15,12.75,1328,1078
MOREPENLAB,20110817,3.95,3.95,3.75,3.8,124749,74250
MOSERBAER,20110817,25.2,26.3,24.0,24.25,1051061,263827
MOTHERSUMI,20110817,226.1,228.0,215.2,219.7,104957,85514
MOTILALOFS,20110817,89.0,89.0,81.35,82.15,2990,1879
MOTOGENFIN,20110817,42.65,42.65,39.0,40.0,1813,1600
MPHASIS,20110817,395.05,403.9,380.0,383.85,168212,34581
MRF,20110817,6828.0,6950.0,6650.0,6742.75,8552,1405
MRO-TEK,20110817,11.5,12.0,11.3,11.6,3978,3346
MRPL,20110817,65.5,67.8,62.35,66.7,1038411,374648
MSPL,20110817,45.1,47.0,44.55,46.15,9943,6633
MTNL,20110817,38.45,38.75,36.5,37.25,974041,222421
MUDRA,20110817,23.85,24.8,23.1,23.85,6930,4633
MUKANDENGG,20110817,29.4,29.4,27.5,27.65,5983,5452
MUKANDLTD,20110817,36.85,37.0,34.5,35.05,10967,9643
MUKTAARTS,20110817,39.0,39.8,35.45,36.85,4492,3114
MUNDRAPORT,20110817,139.4,141.3,136.05,138.6,666711,345757
MUNJALAU,20110817,163.0,164.8,158.0,158.5,12034,8093
MUNJALSHOW,20110817,63.4,64.2,61.1,61.85,21792,17387
MURUDCERA,20110817,17.2,17.2,16.0,16.0,4293,3783
MUTHOOTFIN,20110817,183.2,187.5,177.5,179.5,264162,176562
MVL,20110817,25.1,25.1,24.45,24.85,228096,201830
MVLIND,20110817,12.75,13.0,11.1,12.5,3817,2183
MYSOREBANK,20110817,550.1,569.9,550.1,557.3,1473,869
N100,20110817,96.0,98.85,91.0,93.97,1166,776
NAGARFERT,20110817,28.65,28.7,27.0,27.25,1889689,619836
NAGREEKCAP,20110817,23.1,25.9,23.1,24.1,1842,649
NAGREEKEXP,20110817,17.1,18.6,17.1,18.0,779,550
NAHARCAP,20110817,50.3,52.0,50.3,51.2,832,753
NAHARINDUS,20110817,40.1,44.0,40.1,42.6,1686,1133
NAHARPOLY,20110817,23.5,26.0,23.25,24.45,473,473
NAHARSPING,20110817,59.0,59.0,54.0,55.85,17241,11599
NANDAN,20110817,2.5,2.55,2.45,2.5,212670,192168
NATCOPHARM,20110817,259.5,262.8,254.05,260.1,15295,10039
NATIONALUM,20110817,62.0,63.0,61.0,61.4,165135,74490
NATNLSTEEL,20110817,14.55,14.8,14.3,14.4,12606,8683
NAUKRI,20110817,730.0,730.0,696.0,702.45,523,301
NAVINFLUOR,20110817,320.0,334.0,320.0,322.5,15381,4224
NAVNETPUBL,20110817,61.15,62.7,59.5,62.0,129168,96041
NBVENTURES,20110817,203.9,204.25,197.15,201.4,14402,11941
NCC,20110817,54.15,57.4,53.5,56.4,682997,196812
NCLIND,20110817,37.4,37.7,36.25,36.3,23506,15206
NDTV,20110817,50.75,50.75,48.0,48.75,49003,25797
NECLIFE,20110817,20.0,20.25,19.8,19.9,59414,52123
NEHAINT,20110817,119.95,124.7,114.1,120.5,209446,50411
NELCAST,20110817,103.5,103.5,97.0,101.8,11250,7233
NELCO,20110817,58.25,59.3,56.3,57.05,25285,12443
NEPCMICON,20110817,4.0,4.2,3.8,3.95,54564,39094
NESCO,20110817,615.0,626.0,602.1,604.9,66243,22726
NESTLEIND,20110817,4164.05,4198.0,4131.0,4145.75,9355,5618
NET4,20110817,126.0,130.0,123.6,129.3,37069,4795
NETWORK18,20110817,95.0,100.95,92.2,94.05,98809,90661
NETWORK18,20110817,95.0,100.95,92.2,94.05,100,100
NETWORK18,20110817,104.0,104.0,104.0,104.0,98809,90661
NETWORK18,20110817,104.0,104.0,104.0,104.0,100,100
NEULANDLAB,20110817,93.1,93.1,90.0,90.0,31,30
NEXTMEDIA,20110817,5.0,5.3,4.9,5.1,25780,14892
NEYVELILIG,20110817,85.1,85.9,84.1,84.9,68894,26136
NFL,20110817,83.9,83.9,80.25,80.8,175316,39555
NHPC,20110817,24.8,25.0,24.6,24.75,2615767,1483154
NIFTYBEES,20110817,517.25,524.7,515.01,518.38,81681,30873
NIITLTD,20110817,46.95,48.1,45.6,47.5,112980,81421
NIITTECH,20110817,199.0,205.3,196.25,197.4,220406,37005
NILKAMAL,20110817,252.95,258.0,246.0,249.55,3733,3233
NIPPOBATRY,20110817,387.5,392.0,387.0,390.0,80,70
NISSAN,20110817,2.25,2.3,2.15,2.25,122888,72939
NITCO,20110817,53.0,54.2,50.4,51.15,19493,12583
NITESHEST,20110817,20.6,20.6,19.25,19.75,69096,49486
NITINFIRE,20110817,107.4,117.95,101.6,113.6,1054661,184929
NITINSPIN,20110817,7.0,7.0,6.45,6.55,17248,16689
NMDC,20110817,232.15,233.0,219.2,220.35,261231,138489
NOCIL,20110817,15.65,16.3,15.15,15.95,141098,62948
NOIDATOLL,20110817,21.95,22.35,21.4,21.6,313577,148298
NOL,20110817,38.6,40.95,38.6,40.0,1061,1050
NORBTEAEXP,20110817,4.95,5.25,4.9,5.15,2062,1922
NORTHGATE,20110817,11.6,11.85,11.1,11.25,26530,21349
NOVOPANIND,20110817,42.0,42.85,38.35,42.0,6056,3451
NRBBEARING,20110817,43.7,44.65,43.7,44.5,1747,1451
NRC,20110817,4.55,4.95,4.5,4.6,4515,4330
NSIL,20110817,687.0,690.0,646.3,653.45,283,248
NTPC,20110817,174.15,178.5,174.0,175.35,2061472,1345044
NUCHEM,20110817,3.05,3.3,3.05,3.15,4320,4245
NUCLEUS,20110817,66.0,68.5,65.0,66.0,7194,4766
NUMERICPW,20110817,217.0,218.0,210.05,210.9,1559,1145
NUTEK,20110817,3.35,3.7,3.35,3.5,903764,612671
OBEROIRLTY,20110817,226.0,229.8,223.65,225.5,352782,351361
OCL,20110817,95.0,95.0,93.05,93.9,5933,3565
OFSS,20110817,1900.0,1925.0,1825.15,1865.45,64943,37493
OIL,20110817,1320.0,1334.85,1311.5,1319.55,74795,61366
OILCOUNTUB,20110817,68.0,69.0,67.05,68.4,82395,81899
OISL,20110817,51.3,53.9,51.0,51.35,13017,9816
OMAXAUTO,20110817,36.65,37.95,36.65,37.05,5084,4050
OMAXE,20110817,127.0,128.0,123.9,125.15,50846,24406
OMKARCHEM,20110817,57.3,58.95,55.55,58.3,27191,10120
OMMETALS,20110817,28.4,28.4,25.8,25.95,2567,1717
OMNITECH,20110817,127.5,137.0,127.5,134.0,10333,5732
ONGC,20110817,273.0,282.15,273.0,277.15,2448012,1327479
ONMOBILE,20110817,65.05,67.4,62.9,65.7,428353,182360
ONWARDTEC,20110817,34.3,34.3,32.45,32.55,3504,2675
OPTOCIRCUI,20110817,277.05,286.9,277.05,281.05,157100,68003
ORBITCORP,20110817,36.05,40.3,35.85,37.95,579491,254074
ORCHIDCHEM,20110817,202.0,212.6,198.9,202.6,3343293,761568
ORIENTABRA,20110817,29.05,30.0,29.0,29.7,18836,14530
ORIENTALTL,20110817,7.9,7.9,7.85,7.85,500,500
ORIENTBANK,20110817,324.9,324.9,312.2,316.7,388997,156566
ORIENTCERA,20110817,49.55,52.0,49.55,51.7,149,149
ORIENTHOT,20110817,28.0,28.5,27.75,27.8,5634,4679
ORIENTLTD,20110817,74.0,75.35,74.0,75.35,29,13
ORIENTPPR,20110817,58.0,59.0,57.8,58.25,89619,78328
ORISSAMINE,20110817,45699.95,45800.0,43515.0,43851.6,1402,573
OUDHSUG,20110817,25.85,25.85,24.1,25.15,12903,6356
PAEL,20110817,22.5,22.7,20.65,22.5,11646,10946
PAGEIND,20110817,2650.0,2694.95,2600.0,2646.5,12355,3225
PANACEABIO,20110817,175.0,181.95,171.75,179.95,77803,47876
PANCARBON,20110817,133.3,138.0,133.3,136.3,464,32
PANORAMUNI,20110817,9.05,9.45,8.8,8.9,29173,20902
PANTALOONR,20110817,293.05,300.6,282.1,288.15,739624,299418
PAPERPROD,20110817,84.7,85.0,78.5,80.25,48691,25260
PARABDRUGS,20110817,34.0,34.95,31.8,32.15,20178,14223
PARACABLES,20110817,3.0,3.1,2.7,2.7,46978,37590
PARAL,20110817,245.5,248.95,235.0,242.95,2989,1373
PARAPRINT,20110817,27.8,28.0,26.5,26.75,178322,143659
PARASPETRO,20110817,0.5,0.55,0.45,0.55,133364,36003
PAREKHPLAT,20110817,3.6,3.6,3.4,3.55,890,890
PARSVNATH,20110817,45.1,45.6,37.0,45.4,535900,385609
PATELENG,20110817,105.0,105.0,99.6,102.5,613630,128110
PATINTLOG,20110817,28.0,28.5,26.0,27.9,8271,7802
PATNI,20110817,273.2,277.9,261.6,265.55,177550,46439
PATSPINLTD,20110817,12.05,13.0,12.05,12.95,1042,1041
PBAINFRA,20110817,47.4,48.0,44.2,44.9,10116,6339
PDUMJEIND,20110817,21.55,22.0,21.25,22.0,46,38
PDUMJEPULP,20110817,19.5,20.1,18.05,18.95,6300,5950
PEACOCKIND,20110817,2.55,2.95,2.55,2.75,965,957
PENIND,20110817,37.1,38.7,37.1,38.05,7685,6710
PENINLAND,20110817,45.9,45.9,44.0,44.2,11798,6592
PEPL,20110817,3.25,3.25,2.95,3.1,7,3
PERIATEA,20110817,130.3,147.0,130.3,140.0,93,90
PERSISTENT,20110817,302.55,315.2,300.0,310.2,24727,20453
PETRONENGG,20110817,375.05,375.05,371.05,372.55,3517,3123
PETRONET,20110817,165.05,169.95,164.0,168.75,2264929,1072837
PFC,20110817,167.8,170.8,157.55,159.3,3249417,1612028
PFIZER,20110817,1433.0,1433.0,1388.0,1394.45,3851,2820
PFOCUS,20110817,65.6,66.65,62.0,63.9,846300,325291
PFS,20110817,18.0,18.15,17.5,18.0,164098,130201
PGHH,20110817,1985.0,1985.0,1950.0,1950.7,820,559
PHILIPCARB,20110817,135.1,138.9,134.1,134.85,27563,18949
PHOENIXLTD,20110817,216.0,216.0,210.05,214.05,1677,954
PIDILITIND,20110817,168.55,170.4,167.15,168.15,64568,56524
PIIND,20110817,600.0,600.0,520.0,542.55,164206,156431
PIONDIST,20110817,59.0,59.0,48.25,51.0,3566,3539
PIONEEREMB,20110817,12.65,13.7,12.65,13.7,101,101
PIPAVAVYD,20110817,67.05,69.0,65.1,66.2,7128260,4444708
PIRGLASS,20110817,136.0,139.1,133.2,135.5,19075,11016
PIRHEALTH,20110817,382.65,382.7,371.0,373.4,75123,39336
PIRLIFE,20110817,91.0,91.0,89.0,89.5,113426,108872
PITTILAM,20110817,39.7,40.65,39.2,39.8,3836,3390
PLASTIBLEN,20110817,196.5,196.5,189.05,191.35,689,484
PLETHICO,20110817,379.2,379.2,373.25,375.25,93928,20959
PNB,20110817,1074.0,1079.15,1029.0,1043.35,479208,314673
PNBGILTS,20110817,24.3,24.5,24.0,24.05,55745,54374
PNC,20110817,13.5,13.75,13.5,13.75,990,990
POCHIRAJU,20110817,13.35,13.65,12.85,13.2,7062,4853
POLARIND,20110817,4.35,4.65,4.3,4.45,12201,9539
POLARIS,20110817,124.15,134.45,124.15,133.35,1836804,808356
POLYPLEX,20110817,191.2,193.3,184.5,188.95,54407,24562
PONDYOXIDE,20110817,30.25,32.0,30.25,31.1,7981,7221
PONNIERODE,20110817,84.0,84.0,82.0,83.0,1325,1313
POWERGRID,20110817,102.7,104.7,102.7,103.15,4179890,2636001
PPAP,20110817,94.0,97.75,85.6,95.9,11235,9692
PRADIP,20110817,77.05,77.1,71.5,73.95,2517,1640
PRAENG,20110817,8.55,8.75,8.2,8.3,65791,42561
PRAJIND,20110817,71.3,73.25,70.6,71.8,848384,322332
PRAKASH,20110817,47.5,57.8,47.5,55.5,55793,26309
PRAKASHSTL,20110817,130.9,135.5,126.55,130.45,74737,41629
PRATIBHA,20110817,44.3,44.7,42.0,42.9,154633,112580
PRECOT,20110817,109.25,115.45,102.35,107.9,329,74
PRECWIRE,20110817,97.0,98.1,93.5,94.75,4237,3269
PREMIER,20110817,76.2,80.0,76.2,79.45,3955,2569
PRESTIGE,20110817,107.85,108.0,101.5,103.25,59209,44759
PRETAILDVR,20110817,190.0,190.0,172.0,174.6,768,220
PRICOL,20110817,18.8,18.8,16.5,16.65,13977,11427
PRIMESECU,20110817,18.55,20.25,18.4,18.7,16224,13574
PRISMCEM,20110817,42.9,43.2,42.5,42.5,41325,31139
PRITHVI,20110817,21.0,21.75,20.1,20.6,12476,8587
PRITHVISOF,20110817,14.55,14.55,14.25,14.4,345,345
PROVOGUE,20110817,29.8,29.8,28.05,28.95,142740,96673
PSB,20110817,85.0,85.8,82.5,82.8,33517,19227
PSL,20110817,62.85,63.15,61.25,61.6,36277,19107
PSUBNKBEES,20110817,364.3,368.0,360.05,362.38,2467,440
PTC,20110817,74.95,74.95,70.5,70.9,1039463,590144
PTL,20110817,26.25,27.0,25.05,26.55,4635,4622
PUNJABCHEM,20110817,77.0,77.0,69.0,69.5,482,302
PUNJLLOYD,20110817,56.0,58.5,55.1,57.55,5419913,718983
PURVA,20110817,64.9,65.5,61.5,62.3,13883,8874
PVP,20110817,7.25,7.25,6.5,6.55,31436,18571
PVR,20110817,115.9,115.9,108.65,111.3,24076,15567
QGOLDHALF,20110817,1261.15,1275.0,1261.15,1274.35,1828,1352
QNIFTY,20110817,515.0,516.2,513.0,513.0,237,217
QUINTEGRA,20110817,3.0,3.05,3.0,3.0,18057,18057
RADAAN,20110817,2.25,2.4,2.25,2.25,20722,19958
RADICO,20110817,130.75,130.75,128.15,129.85,15789,8856
RAINBOWPAP,20110817,59.0,59.0,57.05,58.15,209923,121145
RAINCOM,20110817,32.25,33.0,31.55,32.35,171086,107091
RAJESHEXPO,20110817,108.9,109.25,103.3,108.05,325995,84924
RAJOIL,20110817,21.65,22.9,20.8,21.1,98287,47791
RAJPALAYAM,20110817,206.0,220.0,203.0,205.35,1464,1082
RAJRAYON,20110817,10.25,10.25,9.4,10.0,4881,4400
RAJSREESUG,20110817,32.0,41.0,32.0,39.7,6972,5157
RAJTV,20110817,43.45,46.05,43.15,45.35,16199,13208
RAJVIR,20110817,110.0,114.0,105.0,107.1,174,170
RALLIS,20110817,169.85,170.95,161.0,163.35,165573,80962
RAMANEWS,20110817,12.6,13.0,11.65,11.8,17886,14777
RAMCOIND,20110817,43.1,43.5,42.25,42.25,8929,7295
RAMCOSYS,20110817,65.1,66.05,63.0,64.75,8020,5408
RAMKY,20110817,274.8,286.9,273.1,284.5,9562,5286
RAMSARUP,20110817,11.6,11.6,9.75,9.95,58512,41087
RANASUG,20110817,4.25,4.3,4.0,4.05,459175,183906
RANBAXY,20110817,473.0,482.15,470.25,479.9,443154,194060
RANEENGINE,20110817,208.1,220.0,208.1,216.65,5,5
RANEHOLDIN,20110817,218.3,220.0,209.95,213.65,1087,794
RANKLIN,20110817,12.55,12.55,12.55,12.55,7578,7566
RATNAMANI,20110817,103.5,105.0,98.4,99.0,5053,3696
RAYMOND,20110817,353.0,358.5,342.05,349.6,284632,52570
RBL,20110817,109.0,114.0,109.0,112.3,3107,3096
RBN,20110817,84.0,86.5,82.0,82.15,209385,133670
RCF,20110817,82.0,82.5,78.0,79.4,1030113,120837
RCOM,20110817,78.3,79.0,74.2,75.3,12788027,4269356
RECLTD,20110817,187.0,189.0,180.1,183.05,1991623,1155109
REDINGTON,20110817,95.8,96.0,90.55,92.6,111009,81261
REFEX,20110817,15.85,16.0,15.4,16.0,15712,12422
REIAGROLTD,20110817,26.5,26.6,25.6,25.85,418950,326749
REISIXTEN,20110817,29.5,32.8,27.3,27.85,14950,7341
RELAXO,20110817,285.0,285.0,275.0,276.2,602,448
RELBANK,20110817,980.0,980.0,937.5,955.21,100,93
RELCAPITAL,20110817,411.25,423.15,404.5,413.15,1936667,141769
RELDUALGPA,20110817,9.3,9.55,9.25,9.55,2307,2306
RELGOLD,20110817,2493.0,2494.75,2477.5,2491.65,6197,3902
RELGRNIFTY,20110817,482.0,500.79,481.1,486.68,45,24
RELIANCE,20110817,760.5,774.4,751.0,755.0,3096352,1332358
RELIGARE,20110817,444.1,447.85,440.0,440.2,3441,2515
RELIGAREGO,20110817,2600.0,2625.0,2600.0,2615.95,225,176
RELINFRA,20110817,456.8,457.8,440.0,452.15,1144747,185062
RELMEDIA,20110817,92.45,93.85,88.8,89.4,329258,84206
RENUKA,20110817,58.0,59.25,55.1,58.35,8547563,2432958
REPRO,20110817,143.0,150.0,143.0,145.7,8166,3632
RESPONIND,20110817,109.0,109.0,105.8,107.0,13117,1975
RESURGERE,20110817,0.4,0.4,0.3,0.35,3816961,3400843
RICOAUTO,20110817,11.9,11.9,11.05,11.5,161173,117677
RIIL,20110817,415.2,422.9,392.95,398.05,100235,27224
RKDL,20110817,18.0,18.0,17.15,17.35,13891,8920
RKFORGE,20110817,99.5,105.0,99.5,100.15,307,200
RMCL,20110817,5.6,5.8,5.2,5.25,118557,110619
RML,20110817,121.95,121.95,117.15,117.15,10,5
ROHITFERRO,20110817,30.7,31.5,29.65,30.2,63908,40926
ROHLTD,20110817,56.5,56.5,53.3,56.0,2377,1380
ROLTA,20110817,101.1,104.7,99.0,102.85,402204,157040
ROMAN,20110817,21.05,22.75,20.9,21.05,1910,1179
RPGLIFE,20110817,79.0,79.0,77.0,78.45,5434,4635
RPOWER,20110817,86.0,88.0,84.8,85.55,2944233,1027312
RPPINFRA,20110817,71.0,73.0,68.2,69.5,11146,1344
RSSOFTWARE,20110817,44.45,46.0,43.35,45.4,4985,3802
RSWM,20110817,98.5,98.5,86.1,87.35,16827,12770
RSYSTEMS,20110817,107.0,107.5,100.0,103.55,2350,1709
RUBYMILLS,20110817,950.1,962.0,920.0,928.8,533,394
RUCHINFRA,20110817,16.0,16.5,14.8,15.35,18640,15774
RUCHIRA,20110817,9.15,9.25,8.25,8.45,5950,5550
RUCHISOYA,20110817,90.1,94.9,90.0,93.7,201904,36810
RUSHIL,20110817,121.0,126.0,117.5,119.5,1348227,404405
SABTN,20110817,50.0,52.0,50.0,50.1,1622,1522
SADBHAV,20110817,145.0,145.0,140.05,141.15,6339,4767
SAGCEM,20110817,135.2,140.5,135.0,135.0,1645,140
SAHPETRO,20110817,32.25,33.5,31.0,32.75,6475,4457
SAIL,20110817,106.0,108.0,105.25,106.55,1767271,496445
SAKHTISUG,20110817,29.3,30.15,27.7,28.4,79831,34446
SAKSOFT,20110817,77.5,81.6,75.7,80.95,8976,8854
SAKUMA,20110817,13.3,13.95,13.2,13.3,12090,11143
SALONACOT,20110817,16.5,16.5,14.25,14.25,120,120
SALORAINTL,20110817,26.9,29.0,26.25,26.3,485,410
SALSTEEL,20110817,5.6,5.8,5.2,5.3,33558,25604
SAMBANDAM,20110817,75.0,78.45,75.0,77.3,566,565
SAMBHAAV,20110817,1.3,1.5,1.3,1.35,2278,2275
SANDESH,20110817,273.75,273.75,266.1,266.1,204,200
SANGAMIND,20110817,32.0,32.5,31.25,31.95,2646,1716
SANGHIIND,20110817,17.45,17.45,16.6,16.65,2313,2306
SANGHIPOLY,20110817,1.4,1.4,1.4,1.4,7,7
SANGHVIFOR,20110817,25.5,26.65,25.2,25.95,8680,6919
SANGHVIMOV,20110817,125.9,127.9,121.0,121.45,8986,5535
SANWARIA,20110817,16.55,17.75,16.3,17.75,52045,34999
SARDAEN,20110817,168.25,171.5,151.25,155.65,18008,11292
SAREGAMA,20110817,64.0,66.6,63.0,63.25,14850,6530
SARLAPOLY,20110817,110.0,110.0,109.15,109.15,133,132
SASKEN,20110817,99.1,101.0,96.55,98.55,29343,15702
SATHAISPAT,20110817,40.25,42.3,40.0,40.35,13874,11617
SATYAMCOMP,20110817,73.8,75.0,70.85,71.25,3439271,1371876
SAVERA,20110817,36.0,39.45,36.0,36.15,3361,2575
SBBJ,20110817,440.0,441.85,425.0,426.95,6662,3454
SBIGETS,20110817,2595.0,2618.0,2586.05,2614.2,7028,4357
SBIN,20110817,2205.0,2233.4,2163.15,2170.25,1887455,482619
SBIN,20110817,2205.0,2233.4,2163.15,2170.25,5,5
SBIN,20110817,2205.0,2233.4,2163.15,2170.25,117,116
SBIN,20110817,2205.0,2233.4,2163.15,2170.25,385,384
SBIN,20110817,10225.0,10299.95,10225.0,10299.95,1887455,482619
SBIN,20110817,10225.0,10299.95,10225.0,10299.95,5,5
SBIN,20110817,10225.0,10299.95,10225.0,10299.95,117,116
SBIN,20110817,10225.0,10299.95,10225.0,10299.95,385,384
SBIN,20110817,10432.0,10470.0,10432.0,10470.0,1887455,482619
SBIN,20110817,10432.0,10470.0,10432.0,10470.0,5,5
SBIN,20110817,10432.0,10470.0,10432.0,10470.0,117,116
SBIN,20110817,10432.0,10470.0,10432.0,10470.0,385,384
SBIN,20110817,10760.0,10770.0,10750.0,10750.68,1887455,482619
SBIN,20110817,10760.0,10770.0,10750.0,10750.68,5,5
SBIN,20110817,10760.0,10770.0,10750.0,10750.68,117,116
SBIN,20110817,10760.0,10770.0,10750.0,10750.68,385,384
SBT,20110817,642.5,647.0,633.0,641.25,2816,1767
SCI,20110817,87.0,87.9,82.6,83.15,469985,249065
SEAMECLTD,20110817,99.0,100.5,96.4,96.85,5227,3462
SEINVEST,20110817,10.3,10.6,10.1,10.1,133461,80066
SELAN,20110817,303.8,303.8,282.1,286.2,53299,25873
SELMCL,20110817,11.8,11.95,10.65,11.15,652025,391225
SENTINEL,20110817,14.0,14.0,12.65,12.9,11427,10085
SERVALL,20110817,6.7,6.75,6.5,6.6,26184,17255
SESAGOA,20110817,228.25,234.45,227.15,231.8,1523675,359960
SESHAPAPER,20110817,210.0,210.0,198.0,205.3,102,74
SGJHL,20110817,143.0,143.5,135.0,137.15,31429,19491
SGL,20110817,4.5,4.5,4.5,4.5,415,415
SHAHALLOYS,20110817,11.0,11.0,10.15,10.6,413,402
SHANTIGEAR,20110817,42.0,43.2,41.5,42.9,64516,51769
SHARIABEES,20110817,111.7,112.7,111.0,111.0,80,80
SHARRESLTD,20110817,49.0,50.9,49.0,49.0,35141,35138
SHASUNPHAR,20110817,70.5,70.95,65.15,68.9,29067,16110
SHILPAMED,20110817,217.0,217.0,199.0,200.55,11022,9902
SHILPI,20110817,13.4,13.5,13.0,13.0,44961,34095
SHIV-VANI,20110817,198.95,198.95,170.05,174.65,22574,15467
SHIVAMAUTO,20110817,102.05,103.0,98.7,100.2,242,228
SHIVTEX,20110817,23.6,25.0,23.6,23.8,1314,775
SHLAKSHMI,20110817,81.1,82.0,77.5,79.25,65461,14726
SHOPERSTOP,20110817,387.0,393.8,379.0,391.05,28492,7917
SHPRE,20110817,4.5,4.75,4.05,4.6,4894,1890
SHREEASHTA,20110817,4.0,4.1,3.95,4.0,2347128,1223125
SHREECEM,20110817,1625.0,1664.3,1625.0,1651.3,10025,8090
SHREERAMA,20110817,5.35,5.35,4.8,4.8,5878,5478
SHRENUJ,20110817,50.1,56.8,50.1,56.1,102979,51851
SHREYAS,20110817,29.0,29.1,27.65,28.1,1145,941
SHRIRAMCIT,20110817,550.0,550.0,536.4,544.6,2375,2144
SHRIRAMEPC,20110817,126.0,128.0,124.7,126.6,2239,1516
SHYAMTEL,20110817,38.8,38.8,37.0,38.3,9725,6936
SICAGEN,20110817,20.2,20.2,18.5,18.65,18739,13829
SICAL,20110817,80.0,80.35,79.5,79.65,428411,424179
SIEMENS,20110817,861.0,894.0,861.0,872.85,108133,45245
SILINV,20110817,88.1,88.1,84.45,86.65,250,250
SIMBHSUGAR,20110817,41.0,41.0,39.0,40.75,27384,17422
SIMPLEX,20110817,88.0,88.0,75.2,77.6,4780,3779
SIMPLEXINF,20110817,280.0,285.0,270.25,272.15,2068,1382
SINTEX,20110817,146.0,147.0,137.1,138.2,2072794,927144
SIRPAPER,20110817,46.5,48.0,44.65,44.95,1214,953
SITASHREE,20110817,8.0,8.0,7.25,7.4,19526,18451
SIYSIL,20110817,345.0,345.0,328.4,329.2,661,414
SJVN,20110817,22.0,22.2,22.0,22.05,691389,639504
SKFINDIA,20110817,657.0,664.85,652.15,655.55,14589,7857
SKMEGGPROD,20110817,7.4,7.5,6.85,7.0,6840,5383
SKSMICRO,20110817,301.85,311.05,301.85,301.85,20998,15213
SKUMARSYNF,20110817,49.0,51.1,45.8,47.15,4354322,1241178
SMARTLINK,20110817,41.5,43.0,40.95,42.0,13565,12304
SMLISUZU,20110817,358.75,359.1,351.0,353.6,931,505
SMOBILITY,20110817,98.25,100.7,96.2,99.45,22325,19259
SMPL,20110817,6.65,7.4,6.35,6.9,534332,360650
SMSPHARMA,20110817,165.0,183.4,163.0,166.7,382,337
SOBHA,20110817,230.45,237.4,225.1,229.65,183126,108574
SOFTTECHGR,20110817,6.05,6.05,4.75,5.05,76,50
SOLARINDS,20110817,735.0,750.05,725.0,748.55,2149,1669
SOMANYCERA,20110817,46.0,46.85,44.75,46.1,4027,2901
SOMATEX,20110817,6.05,6.5,6.0,6.45,28045,11951
SONASTEER,20110817,15.05,15.35,14.55,15.05,82359,61244
SONATSOFTW,20110817,33.45,33.95,30.1,31.7,307320,82795
SOTL,20110817,622.1,645.0,610.0,614.05,5297,3386
SOUISPAT,20110817,7.3,7.3,6.9,6.9,60019,49962
SOUTHBANK,20110817,22.0,22.1,21.6,21.9,1507194,918429
SPANCO,20110817,122.0,125.9,109.5,123.85,56065,3962
SPARC,20110817,72.2,73.5,68.45,72.2,176262,116055
SPECTACLE,20110817,14.15,15.0,14.1,14.1,5736,4500
SPENTEX,20110817,10.5,11.0,10.0,10.95,9807,8378
SPIC,20110817,28.05,28.4,26.45,27.2,906733,412441
SPLIL,20110817,3.1,3.75,3.05,3.25,10748,3191
SPMLINFRA,20110817,142.0,142.0,130.0,131.25,8850,6535
SPYL,20110817,27.2,28.5,25.4,27.05,2382,1762
SREINFRA,20110817,36.95,37.85,36.75,37.1,678643,357048
SRF,20110817,296.35,303.0,296.35,299.9,27446,18476
SRGINFOTEC,20110817,0.45,0.55,0.45,0.45,15010,7875
SRHHLINDST,20110817,3.6,4.45,3.6,4.4,19971,13109
SRHHYPOLTD,20110817,38.0,40.0,38.0,38.5,1237,879
SRICHAMUND,20110817,36.75,38.6,36.75,36.75,353,353
SRTRANSFIN,20110817,608.0,621.45,599.05,618.9,357261,192686
SRTRANSFIN,20110817,608.0,621.45,599.05,618.9,440,40
SRTRANSFIN,20110817,608.0,621.45,599.05,618.9,78,78
SRTRANSFIN,20110817,608.0,621.45,599.05,618.9,166,166
SRTRANSFIN,20110817,608.0,621.45,599.05,618.9,51,51
SRTRANSFIN,20110817,608.0,621.45,599.05,618.9,219,124
SRTRANSFIN,20110817,608.0,621.45,599.05,618.9,360,360
SRTRANSFIN,20110817,608.0,621.45,599.05,618.9,2,2
SRTRANSFIN,20110817,608.0,621.45,599.05,618.9,72,72
SRTRANSFIN,20110817,608.0,621.45,599.05,618.9,12,12
SRTRANSFIN,20110817,608.0,621.45,599.05,618.9,434,402
SRTRANSFIN,20110817,608.0,621.45,599.05,618.9,8137,7987
SRTRANSFIN,20110817,608.0,621.45,599.05,618.9,14,14
SRTRANSFIN,20110817,608.0,621.45,599.05,618.9,152,152
SRTRANSFIN,20110817,1020.05,1035.0,1020.05,1026.91,357261,192686
SRTRANSFIN,20110817,1020.05,1035.0,1020.05,1026.91,440,40
SRTRANSFIN,20110817,1020.05,1035.0,1020.05,1026.91,78,78
SRTRANSFIN,20110817,1020.05,1035.0,1020.05,1026.91,166,166
SRTRANSFIN,20110817,1020.05,1035.0,1020.05,1026.91,51,51
SRTRANSFIN,20110817,1020.05,1035.0,1020.05,1026.91,219,124
SRTRANSFIN,20110817,1020.05,1035.0,1020.05,1026.91,360,360
SRTRANSFIN,20110817,1020.05,1035.0,1020.05,1026.91,2,2
SRTRANSFIN,20110817,1020.05,1035.0,1020.05,1026.91,72,72
SRTRANSFIN,20110817,1020.05,1035.0,1020.05,1026.91,12,12
SRTRANSFIN,20110817,1020.05,1035.0,1020.05,1026.91,434,402
SRTRANSFIN,20110817,1020.05,1035.0,1020.05,1026.91,8137,7987
SRTRANSFIN,20110817,1020.05,1035.0,1020.05,1026.91,14,14
SRTRANSFIN,20110817,1020.05,1035.0,1020.05,1026.91,152,152
SRTRANSFIN,20110817,1025.0,1025.0,1020.0,1020.0,357261,192686
SRTRANSFIN,20110817,1025.0,1025.0,1020.0,1020.0,440,40
SRTRANSFIN,20110817,1025.0,1025.0,1020.0,1020.0,78,78
SRTRANSFIN,20110817,1025.0,1025.0,1020.0,1020.0,166,166
SRTRANSFIN,20110817,1025.0,1025.0,1020.0,1020.0,51,51
SRTRANSFIN,20110817,1025.0,1025.0,1020.0,1020.0,219,124
SRTRANSFIN,20110817,1025.0,1025.0,1020.0,1020.0,360,360
SRTRANSFIN,20110817,1025.0,1025.0,1020.0,1020.0,2,2
SRTRANSFIN,20110817,1025.0,1025.0,1020.0,1020.0,72,72
SRTRANSFIN,20110817,1025.0,1025.0,1020.0,1020.0,12,12
SRTRANSFIN,20110817,1025.0,1025.0,1020.0,1020.0,434,402
SRTRANSFIN,20110817,1025.0,1025.0,1020.0,1020.0,8137,7987
SRTRANSFIN,20110817,1025.0,1025.0,1020.0,1020.0,14,14
SRTRANSFIN,20110817,1025.0,1025.0,1020.0,1020.0,152,152
SRTRANSFIN,20110817,1212.25,1216.6,1212.25,1215.6,357261,192686
SRTRANSFIN,20110817,1212.25,1216.6,1212.25,1215.6,440,40
SRTRANSFIN,20110817,1212.25,1216.6,1212.25,1215.6,78,78
SRTRANSFIN,20110817,1212.25,1216.6,1212.25,1215.6,166,166
SRTRANSFIN,20110817,1212.25,1216.6,1212.25,1215.6,51,51
SRTRANSFIN,20110817,1212.25,1216.6,1212.25,1215.6,219,124
SRTRANSFIN,20110817,1212.25,1216.6,1212.25,1215.6,360,360
SRTRANSFIN,20110817,1212.25,1216.6,1212.25,1215.6,2,2
SRTRANSFIN,20110817,1212.25,1216.6,1212.25,1215.6,72,72
SRTRANSFIN,20110817,1212.25,1216.6,1212.25,1215.6,12,12
SRTRANSFIN,20110817,1212.25,1216.6,1212.25,1215.6,434,402
SRTRANSFIN,20110817,1212.25,1216.6,1212.25,1215.6,8137,7987
SRTRANSFIN,20110817,1212.25,1216.6,1212.25,1215.6,14,14
SRTRANSFIN,20110817,1212.25,1216.6,1212.25,1215.6,152,152
SRTRANSFIN,20110817,1062.79,1062.79,1015.0,1015.0,357261,192686
SRTRANSFIN,20110817,1062.79,1062.79,1015.0,1015.0,440,40
SRTRANSFIN,20110817,1062.79,1062.79,1015.0,1015.0,78,78
SRTRANSFIN,20110817,1062.79,1062.79,1015.0,1015.0,166,166
SRTRANSFIN,20110817,1062.79,1062.79,1015.0,1015.0,51,51
SRTRANSFIN,20110817,1062.79,1062.79,1015.0,1015.0,219,124
SRTRANSFIN,20110817,1062.79,1062.79,1015.0,1015.0,360,360
SRTRANSFIN,20110817,1062.79,1062.79,1015.0,1015.0,2,2
SRTRANSFIN,20110817,1062.79,1062.79,1015.0,1015.0,72,72
SRTRANSFIN,20110817,1062.79,1062.79,1015.0,1015.0,12,12
SRTRANSFIN,20110817,1062.79,1062.79,1015.0,1015.0,434,402
SRTRANSFIN,20110817,1062.79,1062.79,1015.0,1015.0,8137,7987
SRTRANSFIN,20110817,1062.79,1062.79,1015.0,1015.0,14,14
SRTRANSFIN,20110817,1062.79,1062.79,1015.0,1015.0,152,152
SRTRANSFIN,20110817,1015.0,1023.0,1005.0,1021.26,357261,192686
SRTRANSFIN,20110817,1015.0,1023.0,1005.0,1021.26,440,40
SRTRANSFIN,20110817,1015.0,1023.0,1005.0,1021.26,78,78
SRTRANSFIN,20110817,1015.0,1023.0,1005.0,1021.26,166,166
SRTRANSFIN,20110817,1015.0,1023.0,1005.0,1021.26,51,51
SRTRANSFIN,20110817,1015.0,1023.0,1005.0,1021.26,219,124
SRTRANSFIN,20110817,1015.0,1023.0,1005.0,1021.26,360,360
SRTRANSFIN,20110817,1015.0,1023.0,1005.0,1021.26,2,2
SRTRANSFIN,20110817,1015.0,1023.0,1005.0,1021.26,72,72
SRTRANSFIN,20110817,1015.0,1023.0,1005.0,1021.26,12,12
SRTRANSFIN,20110817,1015.0,1023.0,1005.0,1021.26,434,402
SRTRANSFIN,20110817,1015.0,1023.0,1005.0,1021.26,8137,7987
SRTRANSFIN,20110817,1015.0,1023.0,1005.0,1021.26,14,14
SRTRANSFIN,20110817,1015.0,1023.0,1005.0,1021.26,152,152
SRTRANSFIN,20110817,992.0,992.0,985.1,985.1,357261,192686
SRTRANSFIN,20110817,992.0,992.0,985.1,985.1,440,40
SRTRANSFIN,20110817,992.0,992.0,985.1,985.1,78,78
SRTRANSFIN,20110817,992.0,992.0,985.1,985.1,166,166
SRTRANSFIN,20110817,992.0,992.0,985.1,985.1,51,51
SRTRANSFIN,20110817,992.0,992.0,985.1,985.1,219,124
SRTRANSFIN,20110817,992.0,992.0,985.1,985.1,360,360
SRTRANSFIN,20110817,992.0,992.0,985.1,985.1,2,2
SRTRANSFIN,20110817,992.0,992.0,985.1,985.1,72,72
SRTRANSFIN,20110817,992.0,992.0,985.1,985.1,12,12
SRTRANSFIN,20110817,992.0,992.0,985.1,985.1,434,402
SRTRANSFIN,20110817,992.0,992.0,985.1,985.1,8137,7987
SRTRANSFIN,20110817,992.0,992.0,985.1,985.1,14,14
SRTRANSFIN,20110817,992.0,992.0,985.1,985.1,152,152
SRTRANSFIN,20110817,993.5,993.5,993.5,993.5,357261,192686
SRTRANSFIN,20110817,993.5,993.5,993.5,993.5,440,40
SRTRANSFIN,20110817,993.5,993.5,993.5,993.5,78,78
SRTRANSFIN,20110817,993.5,993.5,993.5,993.5,166,166
SRTRANSFIN,20110817,993.5,993.5,993.5,993.5,51,51
SRTRANSFIN,20110817,993.5,993.5,993.5,993.5,219,124
SRTRANSFIN,20110817,993.5,993.5,993.5,993.5,360,360
SRTRANSFIN,20110817,993.5,993.5,993.5,993.5,2,2
SRTRANSFIN,20110817,993.5,993.5,993.5,993.5,72,72
SRTRANSFIN,20110817,993.5,993.5,993.5,993.5,12,12
SRTRANSFIN,20110817,993.5,993.5,993.5,993.5,434,402
SRTRANSFIN,20110817,993.5,993.5,993.5,993.5,8137,7987
SRTRANSFIN,20110817,993.5,993.5,993.5,993.5,14,14
SRTRANSFIN,20110817,993.5,993.5,993.5,993.5,152,152
SRTRANSFIN,20110817,995.0,999.5,995.0,999.5,357261,192686
SRTRANSFIN,20110817,995.0,999.5,995.0,999.5,440,40
SRTRANSFIN,20110817,995.0,999.5,995.0,999.5,78,78
SRTRANSFIN,20110817,995.0,999.5,995.0,999.5,166,166
SRTRANSFIN,20110817,995.0,999.5,995.0,999.5,51,51
SRTRANSFIN,20110817,995.0,999.5,995.0,999.5,219,124
SRTRANSFIN,20110817,995.0,999.5,995.0,999.5,360,360
SRTRANSFIN,20110817,995.0,999.5,995.0,999.5,2,2
SRTRANSFIN,20110817,995.0,999.5,995.0,999.5,72,72
SRTRANSFIN,20110817,995.0,999.5,995.0,999.5,12,12
SRTRANSFIN,20110817,995.0,999.5,995.0,999.5,434,402
SRTRANSFIN,20110817,995.0,999.5,995.0,999.5,8137,7987
SRTRANSFIN,20110817,995.0,999.5,995.0,999.5,14,14
SRTRANSFIN,20110817,995.0,999.5,995.0,999.5,152,152
SRTRANSFIN,20110817,994.94,994.94,994.94,994.94,357261,192686
SRTRANSFIN,20110817,994.94,994.94,994.94,994.94,440,40
SRTRANSFIN,20110817,994.94,994.94,994.94,994.94,78,78
SRTRANSFIN,20110817,994.94,994.94,994.94,994.94,166,166
SRTRANSFIN,20110817,994.94,994.94,994.94,994.94,51,51
SRTRANSFIN,20110817,994.94,994.94,994.94,994.94,219,124
SRTRANSFIN,20110817,994.94,994.94,994.94,994.94,360,360
SRTRANSFIN,20110817,994.94,994.94,994.94,994.94,2,2
SRTRANSFIN,20110817,994.94,994.94,994.94,994.94,72,72
SRTRANSFIN,20110817,994.94,994.94,994.94,994.94,12,12
SRTRANSFIN,20110817,994.94,994.94,994.94,994.94,434,402
SRTRANSFIN,20110817,994.94,994.94,994.94,994.94,8137,7987
SRTRANSFIN,20110817,994.94,994.94,994.94,994.94,14,14
SRTRANSFIN,20110817,994.94,994.94,994.94,994.94,152,152
SRTRANSFIN,20110817,1083.0,1086.8,1081.25,1081.9,357261,192686
SRTRANSFIN,20110817,1083.0,1086.8,1081.25,1081.9,440,40
SRTRANSFIN,20110817,1083.0,1086.8,1081.25,1081.9,78,78
SRTRANSFIN,20110817,1083.0,1086.8,1081.25,1081.9,166,166
SRTRANSFIN,20110817,1083.0,1086.8,1081.25,1081.9,51,51
SRTRANSFIN,20110817,1083.0,1086.8,1081.25,1081.9,219,124
SRTRANSFIN,20110817,1083.0,1086.8,1081.25,1081.9,360,360
SRTRANSFIN,20110817,1083.0,1086.8,1081.25,1081.9,2,2
SRTRANSFIN,20110817,1083.0,1086.8,1081.25,1081.9,72,72
SRTRANSFIN,20110817,1083.0,1086.8,1081.25,1081.9,12,12
SRTRANSFIN,20110817,1083.0,1086.8,1081.25,1081.9,434,402
SRTRANSFIN,20110817,1083.0,1086.8,1081.25,1081.9,8137,7987
SRTRANSFIN,20110817,1083.0,1086.8,1081.25,1081.9,14,14
SRTRANSFIN,20110817,1083.0,1086.8,1081.25,1081.9,152,152
SRTRANSFIN,20110817,1032.0,1032.0,1027.0,1030.69,357261,192686
SRTRANSFIN,20110817,1032.0,1032.0,1027.0,1030.69,440,40
SRTRANSFIN,20110817,1032.0,1032.0,1027.0,1030.69,78,78
SRTRANSFIN,20110817,1032.0,1032.0,1027.0,1030.69,166,166
SRTRANSFIN,20110817,1032.0,1032.0,1027.0,1030.69,51,51
SRTRANSFIN,20110817,1032.0,1032.0,1027.0,1030.69,219,124
SRTRANSFIN,20110817,1032.0,1032.0,1027.0,1030.69,360,360
SRTRANSFIN,20110817,1032.0,1032.0,1027.0,1030.69,2,2
SRTRANSFIN,20110817,1032.0,1032.0,1027.0,1030.69,72,72
SRTRANSFIN,20110817,1032.0,1032.0,1027.0,1030.69,12,12
SRTRANSFIN,20110817,1032.0,1032.0,1027.0,1030.69,434,402
SRTRANSFIN,20110817,1032.0,1032.0,1027.0,1030.69,8137,7987
SRTRANSFIN,20110817,1032.0,1032.0,1027.0,1030.69,14,14
SRTRANSFIN,20110817,1032.0,1032.0,1027.0,1030.69,152,152
SRTRANSFIN,20110817,1012.0,1012.0,1012.0,1012.0,357261,192686
SRTRANSFIN,20110817,1012.0,1012.0,1012.0,1012.0,440,40
SRTRANSFIN,20110817,1012.0,1012.0,1012.0,1012.0,78,78
SRTRANSFIN,20110817,1012.0,1012.0,1012.0,1012.0,166,166
SRTRANSFIN,20110817,1012.0,1012.0,1012.0,1012.0,51,51
SRTRANSFIN,20110817,1012.0,1012.0,1012.0,1012.0,219,124
SRTRANSFIN,20110817,1012.0,1012.0,1012.0,1012.0,360,360
SRTRANSFIN,20110817,1012.0,1012.0,1012.0,1012.0,2,2
SRTRANSFIN,20110817,1012.0,1012.0,1012.0,1012.0,72,72
SRTRANSFIN,20110817,1012.0,1012.0,1012.0,1012.0,12,12
SRTRANSFIN,20110817,1012.0,1012.0,1012.0,1012.0,434,402
SRTRANSFIN,20110817,1012.0,1012.0,1012.0,1012.0,8137,7987
SRTRANSFIN,20110817,1012.0,1012.0,1012.0,1012.0,14,14
SRTRANSFIN,20110817,1012.0,1012.0,1012.0,1012.0,152,152
SRTRANSFIN,20110817,1004.0,1005.0,1000.0,1000.64,357261,192686
SRTRANSFIN,20110817,1004.0,1005.0,1000.0,1000.64,440,40
SRTRANSFIN,20110817,1004.0,1005.0,1000.0,1000.64,78,78
SRTRANSFIN,20110817,1004.0,1005.0,1000.0,1000.64,166,166
SRTRANSFIN,20110817,1004.0,1005.0,1000.0,1000.64,51,51
SRTRANSFIN,20110817,1004.0,1005.0,1000.0,1000.64,219,124
SRTRANSFIN,20110817,1004.0,1005.0,1000.0,1000.64,360,360
SRTRANSFIN,20110817,1004.0,1005.0,1000.0,1000.64,2,2
SRTRANSFIN,20110817,1004.0,1005.0,1000.0,1000.64,72,72
SRTRANSFIN,20110817,1004.0,1005.0,1000.0,1000.64,12,12
SRTRANSFIN,20110817,1004.0,1005.0,1000.0,1000.64,434,402
SRTRANSFIN,20110817,1004.0,1005.0,1000.0,1000.64,8137,7987
SRTRANSFIN,20110817,1004.0,1005.0,1000.0,1000.64,14,14
SRTRANSFIN,20110817,1004.0,1005.0,1000.0,1000.64,152,152
SSWL,20110817,269.95,280.1,262.0,271.7,9509,4880
STAN,20110817,83.9,83.9,79.5,80.95,99428,93572
STAR,20110817,304.45,306.5,290.05,301.05,185614,131204
STARPAPER,20110817,18.55,18.95,18.0,18.1,3682,2042
STCINDIA,20110817,163.0,163.5,155.1,157.15,55550,13820
STER,20110817,132.6,135.5,131.3,134.55,2747897,995771
STERLINBIO,20110817,64.55,66.2,63.6,65.15,264850,205883
STERTOOLS,20110817,110.0,116.95,108.15,108.4,206,190
STRTECH,20110817,38.75,39.7,37.25,38.35,531246,198543
SUBEX,20110817,45.85,46.25,43.5,44.1,589823,246135
SUDAR,20110817,94.3,96.0,90.15,91.3,33611,21148
SUDARSCHEM,20110817,702.6,702.6,702.6,702.6,220,102
SUJANATOW,20110817,20.4,23.9,20.0,23.65,4936332,2512186
SUJANAUNI,20110817,4.5,4.8,4.4,4.45,44224,26831
SUMEETINDS,20110817,28.0,28.0,26.95,27.05,50457,31506
SUMMITSEC,20110817,75.0,78.5,73.25,73.5,272,212
SUNCLAYTON,20110817,138.8,142.95,138.8,141.15,4526,3443
SUNDARAM,20110817,42.9,42.9,42.25,42.6,55210,50605
SUNDARMFIN,20110817,535.5,538.75,529.85,532.95,34798,31736
SUNDRMBRAK,20110817,158.5,161.35,156.3,158.9,1129,1059
SUNDRMFAST,20110817,61.0,64.3,59.8,63.55,196210,126355
SUNFLAG,20110817,28.4,28.4,27.6,28.05,64894,52186
SUNILHITEC,20110817,87.8,88.65,83.35,83.9,32319,13219
SUNPHARMA,20110817,471.0,491.0,471.0,483.95,904545,535087
SUNTECK,20110817,270.0,273.0,264.9,269.75,4264,3350
SUNTV,20110817,300.5,305.25,297.65,303.6,462640,319836
SUPER,20110817,185.2,185.2,185.15,185.15,357,357
SUPERSPIN,20110817,9.6,10.0,9.0,9.65,34154,28109
SUPPETRO,20110817,72.25,73.0,71.9,72.5,86881,79020
SUPRAJIT,20110817,18.3,18.9,18.15,18.7,16212,14105
SUPREMEIND,20110817,214.5,217.0,210.5,212.25,231374,171232
SUPREMEINF,20110817,265.4,265.4,246.6,249.0,17228,13302
SURAJDIAMN,20110817,43.3,44.6,41.0,42.55,20392,13420
SURANACORP,20110817,89.6,89.6,89.0,89.25,18,6
SURANAIND,20110817,405.0,408.0,404.0,407.4,3709,3708
SURANAT&P,20110817,14.0,15.0,14.0,14.8,730,318
SURANAVEL,20110817,30.55,37.4,30.55,36.55,712,600
SURYAJYOTI,20110817,23.0,24.5,22.1,22.95,1576,898
SURYALAXMI,20110817,57.05,58.5,54.5,57.85,12510,7864
SURYAPHARM,20110817,16.55,18.0,16.45,16.95,142807,91714
SURYAROSNI,20110817,64.0,66.55,63.0,66.05,28008,14863
SUTLEJTEX,20110817,163.1,171.9,163.1,167.2,1561,1044
SUVEN,20110817,17.8,18.0,16.75,17.2,50137,35244
SUZLON,20110817,38.1,38.85,36.75,37.1,23375271,4978129
SWARAJENG,20110817,457.0,461.0,446.4,449.4,2133,960
SYMPHONY,20110817,1183.0,1206.9,1140.0,1184.3,129,62
SYNCOM,20110817,17.0,17.05,15.6,15.9,8905,5327
SYNDIBANK,20110817,108.25,109.9,104.6,105.25,373864,96835
TAINWALCHM,20110817,29.75,31.25,28.55,28.55,9568,9353
TAJGVK,20110817,89.0,90.5,88.0,89.9,18366,14244
TAKE,20110817,34.25,34.9,31.75,34.0,207088,179912
TALBROAUTO,20110817,48.0,51.0,48.0,49.65,2450,1381
TALWALKARS,20110817,200.8,203.95,191.1,193.45,123536,45767
TANFACIND,20110817,24.05,24.05,24.05,24.05,100,100
TANLA,20110817,10.5,10.85,10.0,10.1,202812,137614
TANTIACONS,20110817,52.0,55.0,47.2,48.45,8720,7316
TARAPUR,20110817,17.0,18.45,17.0,18.1,8966,7285
TATACAP,20110817,105000.0,105000.0,105000.0,105000.0,1,1
TATACAP,20110817,105000.0,105000.0,105000.0,105000.0,19,1
TATACAP,20110817,105000.0,105000.0,105000.0,105000.0,1128,817
TATACAP,20110817,105000.0,105000.0,105000.0,105000.0,3425,3325
TATACAP,20110817,1026.0,1065.0,1026.0,1062.01,1,1
TATACAP,20110817,1026.0,1065.0,1026.0,1062.01,19,1
TATACAP,20110817,1026.0,1065.0,1026.0,1062.01,1128,817
TATACAP,20110817,1026.0,1065.0,1026.0,1062.01,3425,3325
TATACAP,20110817,1080.0,1096.0,1079.0,1092.18,1,1
TATACAP,20110817,1080.0,1096.0,1079.0,1092.18,19,1
TATACAP,20110817,1080.0,1096.0,1079.0,1092.18,1128,817
TATACAP,20110817,1080.0,1096.0,1079.0,1092.18,3425,3325
TATACAP,20110817,1332.5,1341.7,1332.5,1340.99,1,1
TATACAP,20110817,1332.5,1341.7,1332.5,1340.99,19,1
TATACAP,20110817,1332.5,1341.7,1332.5,1340.99,1128,817
TATACAP,20110817,1332.5,1341.7,1332.5,1340.99,3425,3325
TATACHEM,20110817,357.05,360.5,352.0,355.3,311951,162364
TATACOFFEE,20110817,734.8,750.95,725.5,732.25,307845,64207
TATACOFFEE,20110817,734.8,750.95,725.5,732.25,12,12
TATACOFFEE,20110817,100.01,100.01,100.01,100.01,307845,64207
TATACOFFEE,20110817,100.01,100.01,100.01,100.01,12,12
TATACOMM,20110817,202.7,207.35,200.1,201.4,107428,29105
TATAELXSI,20110817,198.2,200.2,193.2,196.6,29918,11618
TATAGLOBAL,20110817,98.1,98.75,94.3,95.35,1847715,804934
TATAINVEST,20110817,454.85,456.0,450.0,452.8,3107,2548
TATAMETALI,20110817,74.5,76.05,73.4,74.5,17701,7337
TATAMOTORS,20110817,799.0,800.15,772.1,778.85,2541175,1019290
TATAMTRDVR,20110817,436.2,438.0,418.25,423.65,465012,288883
TATAPOWER,20110817,1072.0,1085.0,1059.05,1073.45,623653,442637
TATASPONGE,20110817,309.55,310.5,301.3,304.9,5961,3272
TATASTEEL,20110817,470.25,474.7,460.55,472.9,3977809,1499869
TCI,20110817,84.0,84.0,77.1,79.85,36036,19217
TCIDEVELOP,20110817,170.15,185.0,169.95,170.15,1023,918
TCS,20110817,974.5,1009.4,970.0,999.9,2278946,1339029
TECHM,20110817,728.3,738.65,709.0,716.0,247003,99313
TECHNO,20110817,232.0,232.0,222.0,223.95,1652,851
TECHNOFAB,20110817,139.0,139.0,126.2,133.9,7731,4642
TECPRO,20110817,280.0,280.0,261.9,269.45,22428,17194
TELEDATAIT,20110817,0.35,0.35,0.3,0.3,380868,305965
TELEMARINE,20110817,0.65,0.7,0.6,0.65,38107,26987
TEXMACOLTD,20110817,31.5,31.85,29.9,30.95,72066,47775
TEXMOPIPES,20110817,45.9,46.3,42.9,43.5,135888,19693
TEXRAIL,20110817,76.25,82.0,76.25,79.95,17832,10582
TFCILTD,20110817,29.35,29.5,28.85,28.95,27978,19644
TFL,20110817,14.7,14.7,14.7,14.7,1233,1233
THANGAMAYL,20110817,143.3,156.95,143.3,149.15,48279,32434
THEMISMED,20110817,139.8,139.8,129.0,134.25,370,20
THERMAX,20110817,510.0,518.0,502.0,508.15,46493,30824
THINKSOFT,20110817,37.95,38.0,35.75,36.0,19796,10340
THIRUSUGAR,20110817,93.0,104.0,85.0,90.0,283,104
THOMASCOOK,20110817,43.2,44.45,43.1,43.25,56688,37378
TI,20110817,39.9,41.3,39.4,40.2,198389,55343
TIDEWATER,20110817,6899.0,6899.9,6740.0,6756.95,960,599
TIIL,20110817,39.05,39.05,37.1,37.9,2335,2084
TIL,20110817,412.15,426.95,396.0,400.0,7528,5831
TIMBOR,20110817,37.5,38.0,35.75,35.8,19378,13554
TIMESGTY,20110817,33.0,33.0,32.5,32.5,52,50
TIMETECHNO,20110817,67.85,68.7,67.5,68.5,70318,43753
TIMKEN,20110817,219.7,220.0,209.6,210.7,73464,33494
TINPLATE,20110817,48.05,48.9,47.4,47.8,32344,18374
TIPSINDLTD,20110817,27.0,27.0,24.1,24.85,2994,1993
TIRUMALCHM,20110817,75.3,79.35,73.55,75.5,1305,735
TITAN,20110817,209.05,212.8,208.25,210.4,1631191,486634
TNPETRO,20110817,16.0,16.4,15.85,15.9,51776,39836
TNPL,20110817,103.4,105.0,102.6,103.2,14896,10138
TODAYS,20110817,5.05,5.4,5.0,5.15,5625,2391
TOKYOPLAST,20110817,15.4,15.4,15.2,15.3,2450,2125
TORNTPHARM,20110817,625.0,625.0,613.95,617.05,2948,1510
TORNTPOWER,20110817,215.05,216.55,207.0,212.75,37765,23841
TRENT,20110817,1205.0,1220.95,1180.5,1209.2,8544,5743
TRENT,20110817,1205.0,1220.95,1180.5,1209.2,300,300
TRENT,20110817,1205.0,1220.95,1180.5,1209.2,300,300
TRENT,20110817,1165.0,1165.0,1160.0,1160.0,8544,5743
TRENT,20110817,1165.0,1165.0,1160.0,1160.0,300,300
TRENT,20110817,1165.0,1165.0,1160.0,1160.0,300,300
TRENT,20110817,1096.0,1100.0,1080.05,1080.05,8544,5743
TRENT,20110817,1096.0,1100.0,1080.05,1080.05,300,300
TRENT,20110817,1096.0,1100.0,1080.05,1080.05,300,300
TRF,20110817,359.7,368.0,345.15,355.5,22728,6785
TRICOM,20110817,13.4,13.7,13.0,13.25,66761,64693
TRIDENT,20110817,11.05,11.8,11.05,11.5,43465,29344
TRIGYN,20110817,14.0,14.35,13.35,13.8,9996,5688
TRIL,20110817,240.4,242.55,235.05,235.5,2822,1842
TRIVENI,20110817,27.9,28.4,26.2,26.45,336410,179951
TTKHEALTH,20110817,497.35,498.0,465.0,467.55,97831,24194
TTKPRESTIG,20110817,3010.0,3048.8,2902.3,2959.8,104574,5358
TTL,20110817,24.8,25.55,24.8,25.0,17556,15635
TTML,20110817,18.5,18.6,17.55,17.8,2477085,710287
TUBEINVEST,20110817,141.75,142.8,135.0,136.0,32305,18651
TULIP,20110817,145.1,147.9,141.1,145.1,77172,33216
TULSI,20110817,13.3,13.3,12.5,12.65,62981,36973
TULSYAN,20110817,39.0,42.9,39.0,42.8,519,443
TV18BRDCST,20110817,52.0,52.5,47.5,49.1,245477,191186
TVSELECT,20110817,20.4,20.7,19.55,20.2,7082,5432
TVSMOTOR,20110817,52.9,52.9,50.5,51.95,799605,249985
TVSSRICHAK,20110817,365.0,367.85,348.0,360.15,664,381
TVTODAY,20110817,58.0,58.5,54.8,55.9,33378,22536
TWILITAKA,20110817,40.15,42.0,39.5,40.05,17222,7255
TWL,20110817,391.0,393.15,386.1,387.25,6469,2326
UBENGG,20110817,58.1,58.5,54.5,55.3,13223,6489
UBHOLDINGS,20110817,120.4,125.5,118.0,124.65,54541,24558
UBL,20110817,442.1,448.9,430.1,437.65,71363,47037
UCALFUEL,20110817,70.1,73.9,70.1,71.8,6992,3834
UCOBANK,20110817,74.05,74.6,71.0,71.45,1205828,342223
UFLEX,20110817,184.0,184.0,175.1,176.5,253886,78401
UGARSUGAR,20110817,13.95,14.2,13.0,13.45,12811,9418
ULTRACEMCO,20110817,1016.5,1025.0,998.0,1010.6,261990,222932
UMESLTD,20110817,19.0,20.0,18.5,19.8,4297,3213
UNICHEMLAB,20110817,145.1,147.0,142.85,143.45,7034,5304
UNIENTER,20110817,29.5,31.9,29.0,30.9,15589,7547
UNIONBANK,20110817,265.95,269.0,259.4,265.75,413786,174093
UNIPHOS,20110817,151.9,152.0,143.85,147.6,1023983,566739
UNIPLY,20110817,11.5,12.45,11.5,11.6,363,216
UNITECH,20110817,28.0,28.0,26.5,27.6,22777806,4353907
UNITEDBNK,20110817,85.5,86.8,81.1,82.15,63539,45680
UNITY,20110817,50.25,51.6,48.5,49.15,87494,55153
UNIVCABLES,20110817,51.0,53.95,50.2,51.0,5264,4652
UPERGANGES,20110817,43.5,47.6,42.6,46.05,3201,2056
USHAMART,20110817,35.85,36.0,32.8,33.05,460919,363681
USHERAGRO,20110817,127.3,129.0,121.0,122.95,204345,86037
UTTAMSTL,20110817,80.15,81.75,78.0,78.15,41151,27949
UTTAMSUGAR,20110817,32.0,33.0,28.7,29.05,22591,13099
UTVSOF,20110817,951.1,956.6,945.05,947.55,68151,47126
VADILALIND,20110817,140.75,140.75,133.6,133.6,774,683
VAIBHAVGEM,20110817,42.7,42.7,37.5,37.85,6045,3896
VAKRANSOFT,20110817,400.05,402.8,399.0,399.95,26344,22294
VALECHAENG,20110817,79.8,81.6,71.9,74.55,86387,19591
VALUEIND,20110817,17.0,18.0,17.0,17.7,3796,2772
VARDHACRLC,20110817,8.9,9.25,8.8,8.85,40369,37144
VARDMNPOLY,20110817,100.3,102.0,97.0,99.45,93240,48956
VARUN,20110817,234.1,243.9,228.05,242.5,122777,23106
VARUNSHIP,20110817,20.5,20.6,19.5,19.75,92854,68563
VASCONEQ,20110817,52.3,52.3,50.1,51.5,23832,19247
VENKEYS,20110817,480.2,482.4,461.65,465.2,18749,7467
VENUSREM,20110817,222.8,227.8,215.5,216.6,5989,4053
VESUVIUS,20110817,367.2,371.0,360.25,364.65,1606,1272
VGUARD,20110817,215.3,216.8,205.1,207.8,65398,32454
VHL,20110817,380.0,412.05,380.0,412.05,37,36
VICEROY,20110817,29.3,29.3,26.8,27.45,26979,14285
VIDEOIND,20110817,180.05,181.75,177.55,178.9,389819,332882
VIJAYABANK,20110817,59.25,60.5,58.45,58.9,1251549,206365
VIJSHAN,20110817,15.0,16.1,14.85,15.9,1618,1162
VIKASHMET,20110817,10.9,10.9,10.05,10.4,37129,21087
VINATIORGA,20110817,69.35,70.5,68.0,69.35,13275,9937
VINDHYATEL,20110817,147.0,150.0,142.7,143.95,3569,3068
VINYLINDIA,20110817,10.0,10.6,10.0,10.15,656,617
VIPIND,20110817,793.0,850.0,760.0,840.6,1406071,205706
VIPUL,20110817,10.15,10.9,10.15,10.5,2703,2118
VISAKAIND,20110817,89.0,90.0,87.15,89.2,3969,3411
VISASTEEL,20110817,57.8,57.8,57.25,57.45,57182,55975
VISESHINFO,20110817,7.0,7.0,6.3,6.6,3243,3054
VISHALRET,20110817,28.0,28.65,26.65,26.95,163694,34506
VISUINTL,20110817,2.05,2.15,2.0,2.05,8883,7708
VIVIMEDLAB,20110817,277.0,279.7,262.4,265.55,22929,11685
VLSFINANCE,20110817,10.25,10.9,9.8,10.1,16602,12641
VOLTAMP,20110817,485.0,499.95,485.0,492.6,128867,115242
VOLTAS,20110817,132.1,133.45,128.0,130.35,988136,418945
VSTIND,20110817,1219.0,1224.8,1188.0,1200.3,8601,3551
VSTTILLERS,20110817,506.5,510.0,506.5,507.45,4451,4323
VTL,20110817,178.0,183.1,173.0,179.75,20390,12654
VTXIND,20110817,13.0,14.45,12.0,12.45,11556,10964
WABAG,20110817,494.4,494.4,456.0,463.35,2890,1362
WABCO-TVS,20110817,1315.0,1330.0,1295.0,1298.55,804,674
WALCHANNAG,20110817,97.9,99.8,95.2,95.75,23861,6825
WANBURY,20110817,25.45,26.4,25.1,25.4,7721,6284
WEBELSOLAR,20110817,48.3,51.15,47.35,48.25,18684,15463
WEIZFOREX,20110817,79.9,83.5,79.9,80.85,560,427
WEIZMANIND,20110817,9.0,9.35,9.0,9.0,2165,2139
WELCORP,20110817,135.7,140.15,133.0,137.8,529221,222348
WELGLOB,20110817,50.0,54.3,49.8,50.35,3171,2059
WELINV,20110817,48.35,53.95,48.3,53.95,60,59
WELPROJ,20110817,48.1,51.7,47.3,48.6,21034,5498
WELSPUNIND,20110817,31.5,32.55,29.5,30.0,81506,59816
WENDT,20110817,1744.95,1745.0,1662.0,1672.0,248,143
WHEELS,20110817,260.0,268.0,260.0,260.1,303,302
WHIRLPOOL,20110817,209.5,213.9,200.0,206.6,54359,32530
WIPRO,20110817,338.0,352.25,338.0,344.3,1644316,860228
WOCKPHARMA,20110817,401.9,408.2,382.0,385.85,277044,73456
WSI,20110817,17.0,17.9,16.3,16.4,2422,2003
WSTCSTPAPR,20110817,79.0,79.8,75.5,78.65,27128,23104
WWIL,20110817,7.0,7.0,6.7,6.8,747887,276855
WYETH,20110817,1000.05,1018.0,1000.0,1006.15,21633,21408
XLENERGY,20110817,7.1,7.7,7.0,7.1,23141,14978
XPROINDIA,20110817,53.2,54.0,52.7,52.85,4557,3259
YESBANK,20110817,293.5,300.45,287.75,289.55,1834930,665701
ZANDUREALT,20110817,1845.0,1848.9,1774.5,1783.75,742,376
ZEEL,20110817,122.5,124.1,121.6,123.95,2117876,1780883
ZEELEARN,20110817,18.8,19.65,18.65,18.8,198066,89012
ZEENEWS,20110817,13.0,13.1,12.75,13.0,508398,351274
ZENITHBIR,20110817,5.15,5.25,4.95,5.0,115806,70435
ZENITHCOMP,20110817,13.8,14.2,13.55,13.9,4363,2538
ZENITHINFO,20110817,190.0,207.7,190.0,203.05,1470,524
ZENSARTECH,20110817,135.2,139.95,135.2,137.35,7958,4890
ZICOM,20110817,35.55,37.0,34.75,35.2,18085,10973
ZODIACLOTH,20110817,332.1,379.85,332.1,351.1,140,87
ZODJRDMKJ,20110817,21.85,26.0,21.85,25.6,360,270
ZUARIAGRO,20110817,680.0,682.0,665.6,679.1,12866,8641
ZYDUSWELL,20110817,597.1,610.9,595.2,601.45,7972,3385
ZYLOG,20110817,399.7,401.95,395.0,398.7,46614,15559
