SYMBOL,TIMESTAMP,OPEN,HIGH,LOW,CLOSE,VOLUME,DELIVERY
20MICRONS,20210316,37.8,38.75,37.45,38.4,76451,53789
21STCENMGM,20210316,13.5,13.5,13.5,13.5,101,101
3IINFOTECH,20210316,9.1,9.15,8.45,8.45,25390015,10786726
3MINDIA,20210316,27719.9,28640.1,27630.0,28029.3,9375,5080
3PLAND,20210316,9.4,9.6,9.05,9.2,3409,2079
5PAISA,20210316,276.3,288.7,274.45,284.1,35611,20393
622GS2035,20210316,96.0,96.0,96.0,96.0,1018,1018
63MOONS,20210316,79.2,81.85,77.0,78.45,59732,34020
68GS2060,20210316,102.48,107.0,97.5,107.0,18871,18636
772GS2049,20210316,116.5,116.5,114.0,114.0,180,180
A2ZINFRA,20210316,4.15,4.15,3.95,4.0,285654,235567
AAATECH,20210316,42.0,42.05,42.0,42.05,6000,3000
AARON,20210316,59.05,64.0,59.05,62.15,1565,1116
AARTIDRUGS,20210316,685.0,709.0,685.0,689.65,953414,223057
AARTIIND,20210316,1278.9,1300.9,1268.3,1288.3,162087,69513
AARTISURF,20210316,1009.0,1009.0,977.1,980.3,8138,5139
AARVEEDEN,20210316,18.45,18.45,17.25,17.75,5472,4159
AARVI,20210316,56.95,56.95,53.05,53.65,6997,6130
AAVAS,20210316,2225.0,2262.1,2183.5,2251.35,60706,36939
ABAN,20210316,39.75,39.75,37.25,37.65,117574,83308
ABB,20210316,1454.0,1469.0,1425.95,1442.05,87214,27319
ABBOTINDIA,20210316,14530.0,14800.0,14300.0,14771.8,11455,5391
ABCAPITAL,20210316,128.8,132.7,126.95,128.35,4777558,869013
ABFRL,20210316,217.25,218.0,210.75,212.85,1783266,1123975
ABFRLPP1,20210316,181.0,184.0,181.0,182.3,47075,37978
ABMINTLTD,20210316,61.3,61.35,58.25,58.25,1022,907
ABSLBANETF,20210316,349.53,367.0,345.25,346.34,361,154
ABSLNN50ET,20210316,369.25,369.25,350.01,353.69,153,73
ABSLRIF6RG,20210316,7.76,8.5,7.75,8.43,41014,41000
ACC,20210316,1771.1,1789.75,1760.9,1766.15,530988,89369
ACCELYA,20210316,896.05,904.0,882.95,890.5,3463,2084
ACCURACY,20210316,54.95,55.0,53.55,54.85,49511,42726
ACE,20210316,173.2,174.3,168.35,170.55,291294,168624
ACRYSIL,20210316,345.05,361.0,340.0,346.6,53995,30701
ADANIENT,20210316,900.7,904.4,888.05,897.8,2555026,322814
ADANIGREEN,20210316,1209.9,1244.4,1206.3,1219.8,648757,345423
ADANIPORTS,20210316,731.4,735.7,714.25,717.35,14979009,2382011
ADANIPOWER,20210316,81.5,83.25,80.0,83.1,33636791,11617023
ADANITRANS,20210316,782.3,792.8,762.0,780.3,469636,193706
ADFFOODS,20210316,900.0,915.0,883.0,890.1,35372,9837
ADHUNIKIND,20210316,21.45,21.45,20.55,20.8,12291,7313
ADORWELD,20210316,325.8,327.4,317.4,324.75,25122,15684
ADSL,20210316,42.9,46.65,42.5,46.65,644109,336354
ADVANIHOTR,20210316,62.45,62.75,59.75,59.85,25432,18694
ADVENZYMES,20210316,370.0,375.0,362.35,364.5,256574,118401
AEGISCHEM,20210316,290.0,295.2,285.6,287.95,304902,169839
AFFLE,20210316,5925.5,6005.0,5892.0,5949.75,55300,39566
AGCNET,20210316,986.05,1009.0,986.05,1000.85,3898,3153
AGRITECH,20210316,33.7,35.7,32.7,35.55,10319,7767
AGROPHOS,20210316,12.1,12.6,12.0,12.1,15409,12656
AHLADA,20210316,104.8,104.8,99.45,100.85,5946,5493
AHLEAST,20210316,164.9,169.05,160.4,162.9,1145,621
AHLUCONT,20210316,310.0,311.5,298.05,303.05,23561,10541
AHLWEST,20210316,226.95,230.7,221.5,224.8,3597,2325
AIAENG,20210316,1920.0,1920.0,1881.0,1900.75,26869,18006
AIRAN,20210316,15.5,15.75,15.3,15.7,161837,157818
AIROLAM,20210316,29.75,29.75,29.75,29.75,3000,3000
AISL,20210316,36.45,36.45,34.6,35.1,26400,1200
AJANTPHARM,20210316,1832.0,1832.0,1785.0,1793.75,52304,20171
AJMERA,20210316,125.6,128.4,125.25,126.1,44616,17648
AJOONI,20210316,31.0,31.7,31.0,31.5,53328,44440
AKASH,20210316,204.5,220.0,199.45,217.95,108729,46779
AKG,20210316,108.0,112.7,102.0,110.8,603544,186883
AKSHARCHEM,20210316,247.9,252.65,240.05,244.7,55641,40857
AKSHOPTFBR,20210316,6.4,6.65,6.3,6.3,153627,117950
AKZOINDIA,20210316,2328.95,2415.0,2318.55,2402.6,48586,25326
ALANKIT,20210316,16.0,16.15,15.9,15.9,51116,39589
ALBERTDAVD,20210316,397.65,400.0,395.1,396.55,4602,3015
ALEMBICLTD,20210316,98.9,100.65,98.9,99.65,161274,72007
ALICON,20210316,449.5,450.3,440.95,443.15,764,481
ALKALI,20210316,52.8,52.8,50.5,50.9,12958,8811
ALKEM,20210316,2686.0,2702.3,2645.95,2657.5,86396,35720
ALKYLAMINE,20210316,5260.0,5295.0,5201.55,5226.6,18090,7504
ALLCARGO,20210316,133.95,135.5,132.1,132.5,193888,96746
ALLSEC,20210316,323.65,329.85,323.0,324.9,2966,1517
ALMONDZ,20210316,30.6,31.0,30.5,31.0,30170,22353
ALOKINDS,20210316,21.25,21.65,20.9,21.4,9347244,5266035
ALPA,20210316,38.6,39.75,38.0,38.25,24371,17906
ALPHAGEO,20210316,205.0,208.75,201.15,206.05,9030,6376
AMARAJABAT,20210316,894.05,901.7,889.55,891.55,505528,164267
AMBANIORG,20210316,45.65,49.9,45.65,49.9,4000,0
AMBER,20210316,3460.0,3483.95,3414.3,3435.2,41311,21143
AMBIKCO,20210316,991.45,1059.0,989.95,1047.7,90845,44138
AMBUJACEM,20210316,284.9,290.0,284.25,285.55,7122222,3103880
AMJLAND,20210316,25.25,25.85,24.7,24.9,17077,12097
AMRUTANJAN,20210316,528.75,536.9,526.0,527.55,29126,16319
ANANTRAJ,20210316,56.0,57.35,54.75,57.0,802640,451102
ANDHRACEMT,20210316,6.35,6.35,6.25,6.35,432702,340004
ANDHRAPAP,20210316,246.5,254.55,243.3,245.15,77209,28270
ANDHRSUGAR,20210316,315.0,316.9,311.0,312.1,31632,18577
ANGELBRKG,20210316,329.6,331.55,327.05,328.3,183789,159015
ANIKINDS,20210316,17.5,17.5,16.7,17.0,13548,10813
ANKITMETAL,20210316,1.2,1.2,1.1,1.15,84098,80580
ANSALAPI,20210316,7.4,7.7,7.3,7.3,82846,72393
ANSALHSG,20210316,6.25,6.25,5.9,5.95,33629,25360
ANUP,20210316,631.5,636.0,622.4,630.65,20966,14010
APARINDS,20210316,463.65,488.35,455.0,477.85,148461,62166
APCL,20210316,215.0,220.45,212.0,214.25,29881,16073
APCOTEXIND,20210316,177.5,194.4,176.0,189.55,659036,277298
APEX,20210316,241.0,243.4,237.05,238.15,36308,16159
APLAPOLLO,20210316,1131.0,1134.05,1050.1,1107.55,560864,273457
APLLTD,20210316,912.5,930.0,906.65,923.55,189831,93033
APOLLO,20210316,109.1,109.95,108.05,108.85,60546,34056
APOLLOHOSP,20210316,3002.0,3080.0,2990.8,3073.25,1081398,292831
APOLLOPIPE,20210316,892.65,933.85,885.0,894.1,105596,38948
APOLLOTYRE,20210316,235.65,236.8,230.6,232.3,5851407,869179
APOLSINHOT,20210316,576.6,576.6,552.25,554.7,435,281
APTECHT,20210316,210.0,219.0,208.0,209.7,268470,63833
ARCHIES,20210316,11.7,11.85,11.4,11.55,98020,87994
ARENTERP,20210316,11.4,11.4,10.8,11.35,3674,2346
ARIES,20210316,95.95,96.3,92.4,93.5,39613,22401
ARIHANT,20210316,22.25,22.25,21.05,21.2,5587,4945
ARIHANTSUP,20210316,38.95,38.95,37.0,37.85,29731,6976
ARMANFIN,20210316,618.95,677.7,618.95,650.55,17945,12113
AROGRANITE,20210316,45.95,46.45,45.0,45.55,14293,9943
ARSSINFRA,20210316,23.05,24.3,23.05,23.6,22697,15601
ARTEMISMED,20210316,228.0,228.75,223.7,223.9,759,629
ARVIND,20210316,74.7,76.45,73.5,74.4,1112095,413193
ARVINDFASN,20210316,159.7,163.85,156.45,161.25,185270,95017
ARVSMART,20210316,100.0,103.3,98.75,100.6,85934,35998
ASAHIINDIA,20210316,326.0,326.0,315.9,318.55,16941,10792
ASAHISONG,20210316,324.0,324.0,314.0,315.25,34797,16500
ASALCBR,20210316,399.8,407.55,398.05,405.15,110442,55499
ASHAPURMIN,20210316,121.0,121.0,117.6,118.75,95515,63069
ASHIANA,20210316,127.5,150.0,125.5,143.85,1893478,329831
ASHIMASYN,20210316,17.75,18.45,16.8,18.0,526862,332970
ASHOKA,20210316,108.0,109.7,106.2,107.95,675742,208505
ASHOKLEY,20210316,121.55,123.9,120.05,123.25,12724147,2925490
ASIANHOTNR,20210316,71.85,73.2,69.5,70.05,12881,8156
ASIANPAINT,20210316,2379.2,2480.0,2375.35,2468.6,4230564,1435386
ASIANTILES,20210316,170.95,177.6,167.0,168.1,1577193,752208
ASLIND,20210316,16.0,16.0,16.0,16.0,8000,8000
ASPINWALL,20210316,187.65,188.0,181.5,187.05,3131,2376
ASTEC,20210316,1080.0,1090.0,1046.2,1082.45,28249,15797
ASTERDM,20210316,140.95,142.0,139.5,139.85,94315,50788
ASTRAL,20210316,2560.95,2561.0,2456.2,2473.3,335659,217873
ASTRAMICRO,20210316,135.65,137.0,130.1,131.15,343752,254667
ASTRAZEN,20210316,3281.0,3297.9,3171.0,3181.35,106561,44698
ASTRON,20210316,43.2,50.9,43.2,49.05,1081198,353361
ATFL,20210316,819.95,858.3,810.1,833.5,9879,5415
ATGL,20210316,755.85,755.85,742.0,747.6,1378624,1104611
ATLANTA,20210316,8.2,8.2,7.7,7.9,31737,27730
ATUL,20210316,6819.0,6830.0,6685.0,6781.0,11611,7232
ATULAUTO,20210316,192.0,194.8,189.0,191.2,47772,21967
AUBANK,20210316,1211.05,1237.65,1208.35,1230.05,1120525,240330
AURIONPRO,20210316,150.55,156.9,135.3,146.2,593049,199777
AUROPHARMA,20210316,836.0,852.85,828.3,840.95,1433585,405098
AUSOMENT,20210316,52.9,53.2,51.0,51.6,20246,11494
AUTOAXLES,20210316,1181.05,1198.45,1175.7,1184.45,5203,3321
AUTOIND,20210316,35.1,37.3,35.1,37.3,164112,154938
AVADHSUGAR,20210316,202.65,202.65,193.35,195.1,63259,32065
AVANTIFEED,20210316,476.95,479.85,470.0,470.65,220604,159846
AVTNPL,20210316,47.8,48.25,46.2,46.7,89140,55606
AWHCL,20210316,287.0,293.85,281.2,282.4,62227,34149
AXISBANK,20210316,751.0,752.0,735.95,737.75,11358574,2458273
AXISBNKETF,20210316,349.18,351.88,345.5,346.69,377,301
AXISCADES,20210316,45.35,46.85,45.35,46.05,75843,62576
AXISGOLD,20210316,39.2,39.38,39.05,39.14,129509,92073
AXISNIFTY,20210316,155.74,156.48,154.3,154.96,3039,2046
AYMSYNTEX,20210316,47.95,49.95,47.95,48.8,6523,5378
BAFNAPH,20210316,152.9,153.8,146.0,153.8,63566,48667
BAGFILMS,20210316,2.5,2.55,2.45,2.45,327924,268761
BAJAJ-AUTO,20210316,3673.15,3690.0,3635.0,3654.45,858553,445137
BAJAJCON,20210316,261.0,274.5,258.25,271.65,1327696,549372
BAJAJELEC,20210316,1009.95,1014.75,980.1,994.65,97835,44657
BAJAJFINSV,20210316,9725.0,9785.65,9585.0,9613.3,370587,81902
BAJAJHIND,20210316,7.25,7.25,6.85,6.9,4582995,2790904
BAJAJHLDNG,20210316,3500.05,3588.0,3480.7,3502.85,26082,11147
BAJFINANCE,20210316,5488.45,5507.0,5420.0,5455.95,1561305,218360
BALAJITELE,20210316,62.0,62.9,60.55,62.25,290279,169750
BALAMINES,20210316,1755.0,1760.0,1710.0,1716.4,56516,24306
BALAXI,20210316,592.65,599.2,570.0,576.65,827,504
BALKRISIND,20210316,1634.95,1655.0,1620.3,1639.1,431079,115771
BALMLAWRIE,20210316,146.8,149.6,143.8,144.2,795634,235089
BALPHARMA,20210316,63.3,64.3,60.15,60.9,225701,129128
BALRAMCHIN,20210316,211.0,214.15,201.0,203.2,1488062,582582
BANARBEADS,20210316,55.45,56.8,55.45,55.95,8509,4058
BANARISUG,20210316,1791.05,1799.1,1720.0,1741.15,1929,892
BANCOINDIA,20210316,162.2,162.8,156.0,158.2,264847,130286
BANDHANBNK,20210316,343.75,345.0,334.5,339.5,5227735,1210860
BANG,20210316,29.65,29.65,28.35,28.75,3645,2847
BANKA,20210316,70.65,70.7,68.55,69.95,7633,6215
BANKBARODA,20210316,79.5,79.95,76.4,78.85,65198270,16094953
BANKBEES,20210316,357.0,357.0,349.2,350.02,1255725,243371
BANKINDIA,20210316,74.2,74.2,71.6,71.95,3631166,1266258
BANSWRAS,20210316,119.25,121.55,118.0,118.6,9012,5840
BASF,20210316,2227.95,2260.05,2190.0,2213.05,16271,6604
BASML,20210316,61.05,66.95,59.9,66.45,227192,126834
BATAINDIA,20210316,1499.6,1527.9,1484.0,1487.65,502157,122246
BAYERCROP,20210316,5113.7,5148.85,5060.0,5084.1,12013,7315
BBL,20210316,1150.0,1273.25,1133.3,1185.0,77709,25270
BBTC,20210316,1170.0,1198.55,1170.0,1178.45,48569,18584
BBTCL,20210316,68.0,68.0,68.0,68.0,3000,3000
BCG,20210316,9.45,9.45,9.2,9.45,2816320,1717889
BCLIND,20210316,117.0,117.6,113.05,113.25,27683,12295
BCONCEPTS,20210316,26.0,27.25,26.0,27.25,6000,6000
BCP,20210316,3.85,3.85,3.7,3.8,1198656,934462
BDL,20210316,359.95,363.85,357.1,360.1,259399,170136
BEARDSELL,20210316,10.45,10.45,9.7,9.95,27281,24252
BECTORFOOD,20210316,375.0,381.85,373.65,375.25,331543,99408
BEDMUTHA,20210316,24.15,24.15,23.15,24.0,1485,1054
BEL,20210316,137.5,138.55,135.5,137.85,9757790,2166386
BEML,20210316,1360.2,1423.9,1350.0,1377.5,1471057,154049
BEPL,20210316,163.0,166.2,158.65,162.25,1806644,725757
BERGEPAINT,20210316,719.0,735.95,719.0,727.55,1144122,226073
BESTAGRO,20210316,369.85,390.0,369.85,386.65,2186,1493
BFINVEST,20210316,310.4,312.85,309.25,310.35,19606,12006
BFUTILITIE,20210316,279.8,280.45,273.05,275.7,115001,46155
BGRENERGY,20210316,52.0,53.45,49.05,49.35,337359,194622
BHAGERIA,20210316,164.0,192.5,163.5,177.3,905694,285575
BHAGYAPROP,20210316,29.45,29.45,28.65,28.85,4306,3769
BHARATFORG,20210316,616.5,621.2,609.0,611.0,1206829,269284
BHARATGEAR,20210316,82.85,84.7,81.7,81.9,19547,10962
BHARATRAS,20210316,9710.0,9787.45,9650.0,9683.7,1182,684
BHARTIARTL,20210316,524.0,533.75,524.0,529.3,13007824,4684129
BHEL,20210316,55.8,56.2,53.5,53.9,67218075,15457715
BIGBLOC,20210316,91.6,91.6,91.6,91.6,8452,8432
BIL,20210316,152.0,153.3,149.95,151.0,18273,17735
BINDALAGRO,20210316,17.55,17.85,17.0,17.25,53317,28368
BIOCON,20210316,396.0,396.0,389.3,391.7,2743146,1237064
BIRET,20210316,235.0,236.95,233.59,234.34,245600,202600
BIRLACABLE,20210316,68.0,74.1,68.0,72.25,1649369,544652
BIRLACORPN,20210316,853.6,858.2,842.05,850.45,84696,44787
BIRLAMONEY,20210316,44.9,46.35,44.9,45.2,224729,67783
BIRLATYRE,20210316,27.2,27.55,26.85,26.95,317864,225719
BKMINDST,20210316,1.1,1.2,1.1,1.1,134979,78271
BLISSGVS,20210316,120.0,123.15,103.85,103.85,5445632,2112925
BLS,20210316,108.6,111.95,107.8,108.5,162318,58802
BLUEDART,20210316,5507.65,5524.6,5353.0,5476.3,18530,5590
BLUESTARCO,20210316,929.0,937.4,891.05,895.55,77873,35290
BODALCHEM,20210316,108.0,109.7,97.2,98.55,7823502,2476846
BOMDYEING,20210316,79.6,80.85,78.3,79.05,1819022,345753
BOROLTD,20210316,181.7,181.85,176.55,177.2,81125,45758
BORORENEW,20210316,276.1,282.7,272.1,273.25,335810,191022
BOSCHLTD,20210316,15044.0,15062.8,14701.0,14818.5,29407,7558
BPCL,20210316,464.55,465.6,452.05,453.85,15391437,8684412
BPL,20210316,27.3,27.3,26.0,26.05,89028,58847
BRFL,20210316,7.25,7.7,7.25,7.55,381160,270582
BRIGADE,20210316,288.0,288.0,276.0,279.05,364064,275818
BRIGHT,20210316,12.25,13.1,12.25,12.6,21000,15000
BRITANNIA,20210316,3462.6,3500.0,3456.05,3489.1,383099,224199
BRITANNIA,20210316,3462.6,3500.0,3456.05,3489.1,12211,11910
BRITANNIA,20210316,32.01,32.15,32.0,32.04,383099,224199
BRITANNIA,20210316,32.01,32.15,32.0,32.04,12211,11910
BRNL,20210316,32.9,33.0,32.35,32.45,56471,45285
BROOKS,20210316,55.95,57.5,55.95,56.85,8721,4874
BSE,20210316,578.8,578.95,570.0,571.15,340450,182589
BSELINFRA,20210316,0.95,1.05,0.95,1.0,7557,5930
BSL,20210316,38.35,38.55,36.7,37.25,23821,18307
BSLGOLDETF,20210316,4154.95,4240.0,4106.05,4128.85,501,296
BSLNIFTY,20210316,162.31,166.41,162.31,164.37,228,96
BSOFT,20210316,248.6,256.75,248.0,254.3,2821551,937140
BTML,20210316,79.7,79.7,73.05,73.05,2400,1200
BURGERKING,20210316,138.95,140.7,137.35,138.25,1504849,827430
BUTTERFLY,20210316,560.0,600.0,552.05,582.95,357959,246215
BYKE,20210316,22.0,22.75,20.55,22.1,81059,36388
CADILAHC,20210316,440.75,442.85,434.8,439.95,1230143,403582
CALSOFT,20210316,9.1,9.25,8.7,9.15,110182,94315
CAMLINFINE,20210316,135.0,144.0,133.0,139.4,575594,218725
CAMS,20210316,1870.0,1887.1,1855.0,1867.85,115601,101982
CANBK,20210316,159.0,159.9,154.25,157.55,15486161,1194223
CANFINHOME,20210316,576.55,596.9,563.6,566.7,693433,261487
CANTABIL,20210316,383.55,384.6,370.55,374.1,111877,18161
CAPACITE,20210316,207.85,223.45,207.85,212.5,331825,132817
CAPLIPOINT,20210316,452.15,458.45,450.1,452.55,97414,59656
CARBORUNIV,20210316,523.0,523.0,504.9,513.4,87690,49100
CAREERP,20210316,140.85,143.0,140.1,141.15,13232,8920
CARERATING,20210316,456.3,457.75,448.0,449.3,99700,69695
CASTROLIND,20210316,127.3,129.25,126.6,127.25,744082,372353
CCHHL,20210316,4.75,4.85,4.6,4.7,57034,36057
CCL,20210316,250.8,256.8,248.15,254.4,96858,45379
CDSL,20210316,608.0,647.0,603.0,633.4,2558617,765976
CEATLTD,20210316,1604.75,1629.95,1574.55,1579.35,220762,91805
CENTENKA,20210316,266.0,273.95,263.1,270.25,151391,88960
CENTEXT,20210316,4.65,4.65,4.4,4.55,73472,51447
CENTRALBK,20210316,19.3,19.3,18.45,18.8,6487800,2758392
CENTRUM,20210316,28.75,29.3,28.05,28.35,3387902,1578592
CENTUM,20210316,422.1,432.95,422.1,425.9,4833,2079
CENTURYPLY,20210316,316.05,319.75,312.0,317.15,68381,34358
CENTURYTEX,20210316,496.5,509.5,493.8,498.9,389591,93441
CERA,20210316,4015.45,4050.0,3980.2,4045.75,5170,2778
CEREBRAINT,20210316,56.75,57.0,54.35,54.95,4488834,3472597
CESC,20210316,621.1,623.3,616.05,617.9,163796,93924
CGCL,20210316,355.7,358.9,346.15,351.5,69940,7539
CGPOWER,20210316,61.0,63.3,60.7,62.95,3227599,2709488
CHALET,20210316,170.75,171.15,167.05,167.7,136285,54398
CHAMBLFERT,20210316,239.5,240.15,232.8,235.0,815686,494803
CHEMBOND,20210316,204.35,207.25,198.45,203.4,27449,14771
CHEMCON,20210316,433.5,456.0,428.95,446.9,806196,267975
CHEMFAB,20210316,127.2,127.8,126.1,126.7,3070,2607
CHENNPETRO,20210316,107.9,110.9,107.05,109.9,663874,163759
CHOLAFIN,20210316,537.95,544.35,530.2,540.65,3577095,484019
CHOLAHLDNG,20210316,607.5,612.0,587.7,600.5,96742,26251
CIGNITITEC,20210316,339.5,346.0,333.5,334.6,43686,24787
CINELINE,20210316,37.8,38.0,37.05,37.3,36611,26076
CINEVISTA,20210316,6.25,6.4,5.9,6.1,11633,9247
CIPLA,20210316,805.1,808.5,787.0,792.3,3671229,1354897
CLEDUCATE,20210316,95.2,95.45,90.75,90.75,338926,145583
CLNINDIA,20210316,394.0,397.55,385.2,389.75,35433,21328
CMMIPL,20210316,4.1,4.1,4.1,4.1,15000,12000
COALINDIA,20210316,147.0,148.05,144.6,145.7,11857531,5170520
COCHINSHIP,20210316,376.5,378.35,371.2,372.6,132168,55452
COFORGE,20210316,2840.0,3015.25,2825.0,2993.55,1308579,167696
COLPAL,20210316,1598.6,1619.85,1595.15,1613.35,345773,178382
COMPINFO,20210316,18.5,18.75,17.85,18.0,242109,183890
COMPUSOFT,20210316,9.25,9.4,8.9,9.05,91696,66383
CONCOR,20210316,565.0,566.0,554.0,557.15,1898170,594558
CONFIPET,20210316,45.6,45.65,43.15,43.55,1271636,761697
CONSOFINVT,20210316,61.0,63.0,56.35,57.9,28488,18226
CONTROLPR,20210316,230.0,231.95,228.1,230.1,11946,7940
CORALFINAC,20210316,22.75,23.5,21.5,22.95,18541,7749
CORDSCABLE,20210316,44.85,45.85,43.25,43.6,62949,35746
COROMANDEL,20210316,774.8,781.0,768.4,779.2,288256,135644
COSMOFILMS,20210316,684.0,688.5,650.6,654.5,108050,53411
CPSEETF,20210316,23.91,24.1,23.11,23.95,1756504,1308763
CREATIVE,20210316,108.45,108.5,103.35,105.5,11479,5138
CREATIVEYE,20210316,2.8,2.8,2.8,2.8,249,249
CREDITACC,20210316,713.0,718.5,708.25,716.6,238817,179838
CREST,20210316,90.35,94.0,88.55,91.2,6774,3425
CRISIL,20210316,1913.8,1935.0,1907.0,1921.4,67177,60399
CROMPTON,20210316,403.95,406.5,388.2,398.85,1328340,719624
CSBBANK,20210316,260.8,262.55,254.05,255.3,343044,244929
CTE,20210316,32.85,32.85,30.55,31.2,7735,5435
CUB,20210316,171.45,172.8,169.5,170.2,1004833,369408
CUBEXTUB,20210316,21.55,21.6,20.15,20.2,7969,5032
CUMMINSIND,20210316,868.8,875.7,852.05,859.35,1122074,182502
CUPID,20210316,234.8,238.0,225.0,229.4,78551,39004
CYBERTECH,20210316,130.1,141.45,130.1,137.45,538743,229345
CYIENT,20210316,670.45,708.35,670.0,702.05,1497001,456422
DAAWAT,20210316,59.8,61.9,58.3,60.7,2909969,824949
DABUR,20210316,526.1,530.75,525.15,529.1,1684209,991841
DALBHARAT,20210316,1472.35,1570.0,1470.9,1523.15,583491,351037
DALMIASUG,20210316,171.9,171.9,165.75,166.3,140764,77213
DAMODARIND,20210316,29.85,31.55,28.5,29.15,49186,37839
DANGEE,20210316,130.85,132.5,130.0,130.7,20612,6713
DATAMATICS,20210316,112.9,126.25,112.9,124.5,2139751,674730
DBCORP,20210316,94.0,98.6,94.0,97.7,208691,88876
DBL,20210316,642.5,658.0,632.1,638.45,134111,39593
DBSTOCKBRO,20210316,9.2,9.35,8.4,8.5,9253,1355
DCAL,20210316,124.35,128.65,122.7,123.5,275579,151417
DCBBANK,20210316,114.9,115.15,113.25,114.0,876579,302682
DCI,20210316,46.75,46.75,46.75,46.75,21000,21000
DCM,20210316,26.15,27.0,26.05,26.3,19290,13076
DCMSHRIRAM,20210316,518.1,548.05,518.1,543.5,69546,41676
DCW,20210316,29.5,29.9,28.6,29.0,1868174,601146
DECCANCE,20210316,426.05,426.55,415.0,417.55,24043,13156
DEEPAKFERT,20210316,235.0,238.0,223.4,233.6,1786305,504853
DEEPAKNTR,20210316,1559.9,1599.0,1530.0,1570.9,651515,138445
DEEPENR,20210316,39.9,40.35,39.55,39.6,24324,16497
DELTACORP,20210316,196.85,197.85,185.0,186.45,4542704,1432086
DELTAMAGNT,20210316,32.3,33.5,31.15,32.6,18290,12381
DEN,20210316,60.45,60.45,59.4,59.8,739131,396700
DENORA,20210316,269.3,270.15,260.4,263.45,9956,6404
DEVIT,20210316,111.75,126.9,111.75,126.9,3000,0
DFMFOODS,20210316,386.8,391.45,382.05,385.75,18465,12812
DGCONTENT,20210316,9.0,9.0,8.35,8.55,18749,13541
DHAMPURSUG,20210316,192.4,192.4,186.1,186.55,254793,89552
DHANBANK,20210316,16.2,17.55,15.9,16.8,12693776,4161389
DHANI,20210316,262.2,299.5,251.6,291.85,9002665,4325527
DHANILOANS,20210316,998.0,999.0,988.05,994.0,305,300
DHANILOANS,20210316,998.0,999.0,988.05,994.0,232,222
DHANILOANS,20210316,998.0,999.0,988.05,994.0,60,60
DHANILOANS,20210316,998.0,999.0,988.05,994.0,30,30
DHANILOANS,20210316,998.0,999.0,988.05,994.0,15,15
DHANILOANS,20210316,998.0,999.0,988.05,994.0,250,250
DHANILOANS,20210316,998.0,999.0,988.05,994.0,345,345
DHANILOANS,20210316,998.0,999.0,988.05,994.0,40,40
DHANILOANS,20210316,1192.5,1215.0,1192.5,1215.0,305,300
DHANILOANS,20210316,1192.5,1215.0,1192.5,1215.0,232,222
DHANILOANS,20210316,1192.5,1215.0,1192.5,1215.0,60,60
DHANILOANS,20210316,1192.5,1215.0,1192.5,1215.0,30,30
DHANILOANS,20210316,1192.5,1215.0,1192.5,1215.0,15,15
DHANILOANS,20210316,1192.5,1215.0,1192.5,1215.0,250,250
DHANILOANS,20210316,1192.5,1215.0,1192.5,1215.0,345,345
DHANILOANS,20210316,1192.5,1215.0,1192.5,1215.0,40,40
DHANILOANS,20210316,990.1,990.1,988.0,988.0,305,300
DHANILOANS,20210316,990.1,990.1,988.0,988.0,232,222
DHANILOANS,20210316,990.1,990.1,988.0,988.0,60,60
DHANILOANS,20210316,990.1,990.1,988.0,988.0,30,30
DHANILOANS,20210316,990.1,990.1,988.0,988.0,15,15
DHANILOANS,20210316,990.1,990.1,988.0,988.0,250,250
DHANILOANS,20210316,990.1,990.1,988.0,988.0,345,345
DHANILOANS,20210316,990.1,990.1,988.0,988.0,40,40
DHANILOANS,20210316,980.0,980.0,980.0,980.0,305,300
DHANILOANS,20210316,980.0,980.0,980.0,980.0,232,222
DHANILOANS,20210316,980.0,980.0,980.0,980.0,60,60
DHANILOANS,20210316,980.0,980.0,980.0,980.0,30,30
DHANILOANS,20210316,980.0,980.0,980.0,980.0,15,15
DHANILOANS,20210316,980.0,980.0,980.0,980.0,250,250
DHANILOANS,20210316,980.0,980.0,980.0,980.0,345,345
DHANILOANS,20210316,980.0,980.0,980.0,980.0,40,40
DHANILOANS,20210316,999.0,999.0,999.0,999.0,305,300
DHANILOANS,20210316,999.0,999.0,999.0,999.0,232,222
DHANILOANS,20210316,999.0,999.0,999.0,999.0,60,60
DHANILOANS,20210316,999.0,999.0,999.0,999.0,30,30
DHANILOANS,20210316,999.0,999.0,999.0,999.0,15,15
DHANILOANS,20210316,999.0,999.0,999.0,999.0,250,250
DHANILOANS,20210316,999.0,999.0,999.0,999.0,345,345
DHANILOANS,20210316,999.0,999.0,999.0,999.0,40,40
DHANILOANS,20210316,951.0,960.0,951.0,960.0,305,300
DHANILOANS,20210316,951.0,960.0,951.0,960.0,232,222
DHANILOANS,20210316,951.0,960.0,951.0,960.0,60,60
DHANILOANS,20210316,951.0,960.0,951.0,960.0,30,30
DHANILOANS,20210316,951.0,960.0,951.0,960.0,15,15
DHANILOANS,20210316,951.0,960.0,951.0,960.0,250,250
DHANILOANS,20210316,951.0,960.0,951.0,960.0,345,345
DHANILOANS,20210316,951.0,960.0,951.0,960.0,40,40
DHANILOANS,20210316,1045.0,1055.0,1035.2,1050.1,305,300
DHANILOANS,20210316,1045.0,1055.0,1035.2,1050.1,232,222
DHANILOANS,20210316,1045.0,1055.0,1035.2,1050.1,60,60
DHANILOANS,20210316,1045.0,1055.0,1035.2,1050.1,30,30
DHANILOANS,20210316,1045.0,1055.0,1035.2,1050.1,15,15
DHANILOANS,20210316,1045.0,1055.0,1035.2,1050.1,250,250
DHANILOANS,20210316,1045.0,1055.0,1035.2,1050.1,345,345
DHANILOANS,20210316,1045.0,1055.0,1035.2,1050.1,40,40
DHANILOANS,20210316,955.0,955.0,955.0,955.0,305,300
DHANILOANS,20210316,955.0,955.0,955.0,955.0,232,222
DHANILOANS,20210316,955.0,955.0,955.0,955.0,60,60
DHANILOANS,20210316,955.0,955.0,955.0,955.0,30,30
DHANILOANS,20210316,955.0,955.0,955.0,955.0,15,15
DHANILOANS,20210316,955.0,955.0,955.0,955.0,250,250
DHANILOANS,20210316,955.0,955.0,955.0,955.0,345,345
DHANILOANS,20210316,955.0,955.0,955.0,955.0,40,40
DHANIPP,20210316,154.7,178.25,143.6,173.3,242744,123423
DHANUKA,20210316,717.35,740.0,715.1,727.3,83082,30119
DHARSUGAR,20210316,7.15,7.35,6.8,7.2,21320,16137
DHFL,20210316,19.05,19.2,18.3,18.3,1692686,1262851
DHFL,20210316,19.05,19.2,18.3,18.3,225,205
DHFL,20210316,19.05,19.2,18.3,18.3,330,320
DHFL,20210316,19.05,19.2,18.3,18.3,328,328
DHFL,20210316,19.05,19.2,18.3,18.3,15,5
DHFL,20210316,19.05,19.2,18.3,18.3,31,31
DHFL,20210316,19.05,19.2,18.3,18.3,900,900
DHFL,20210316,19.05,19.2,18.3,18.3,570,519
DHFL,20210316,19.05,19.2,18.3,18.3,661,451
DHFL,20210316,19.05,19.2,18.3,18.3,87,86
DHFL,20210316,19.05,19.2,18.3,18.3,4681,2999
DHFL,20210316,331.01,355.0,331.0,355.0,1692686,1262851
DHFL,20210316,331.01,355.0,331.0,355.0,225,205
DHFL,20210316,331.01,355.0,331.0,355.0,330,320
DHFL,20210316,331.01,355.0,331.0,355.0,328,328
DHFL,20210316,331.01,355.0,331.0,355.0,15,5
DHFL,20210316,331.01,355.0,331.0,355.0,31,31
DHFL,20210316,331.01,355.0,331.0,355.0,900,900
DHFL,20210316,331.01,355.0,331.0,355.0,570,519
DHFL,20210316,331.01,355.0,331.0,355.0,661,451
DHFL,20210316,331.01,355.0,331.0,355.0,87,86
DHFL,20210316,331.01,355.0,331.0,355.0,4681,2999
DHFL,20210316,323.01,340.0,323.01,340.0,1692686,1262851
DHFL,20210316,323.01,340.0,323.01,340.0,225,205
DHFL,20210316,323.01,340.0,323.01,340.0,330,320
DHFL,20210316,323.01,340.0,323.01,340.0,328,328
DHFL,20210316,323.01,340.0,323.01,340.0,15,5
DHFL,20210316,323.01,340.0,323.01,340.0,31,31
DHFL,20210316,323.01,340.0,323.01,340.0,900,900
DHFL,20210316,323.01,340.0,323.01,340.0,570,519
DHFL,20210316,323.01,340.0,323.01,340.0,661,451
DHFL,20210316,323.01,340.0,323.01,340.0,87,86
DHFL,20210316,323.01,340.0,323.01,340.0,4681,2999
DHFL,20210316,351.0,351.0,351.0,351.0,1692686,1262851
DHFL,20210316,351.0,351.0,351.0,351.0,225,205
DHFL,20210316,351.0,351.0,351.0,351.0,330,320
DHFL,20210316,351.0,351.0,351.0,351.0,328,328
DHFL,20210316,351.0,351.0,351.0,351.0,15,5
DHFL,20210316,351.0,351.0,351.0,351.0,31,31
DHFL,20210316,351.0,351.0,351.0,351.0,900,900
DHFL,20210316,351.0,351.0,351.0,351.0,570,519
DHFL,20210316,351.0,351.0,351.0,351.0,661,451
DHFL,20210316,351.0,351.0,351.0,351.0,87,86
DHFL,20210316,351.0,351.0,351.0,351.0,4681,2999
DHFL,20210316,450.0,450.0,418.0,418.0,1692686,1262851
DHFL,20210316,450.0,450.0,418.0,418.0,225,205
DHFL,20210316,450.0,450.0,418.0,418.0,330,320
DHFL,20210316,450.0,450.0,418.0,418.0,328,328
DHFL,20210316,450.0,450.0,418.0,418.0,15,5
DHFL,20210316,450.0,450.0,418.0,418.0,31,31
DHFL,20210316,450.0,450.0,418.0,418.0,900,900
DHFL,20210316,450.0,450.0,418.0,418.0,570,519
DHFL,20210316,450.0,450.0,418.0,418.0,661,451
DHFL,20210316,450.0,450.0,418.0,418.0,87,86
DHFL,20210316,450.0,450.0,418.0,418.0,4681,2999
DHFL,20210316,360.0,360.0,360.0,360.0,1692686,1262851
DHFL,20210316,360.0,360.0,360.0,360.0,225,205
DHFL,20210316,360.0,360.0,360.0,360.0,330,320
DHFL,20210316,360.0,360.0,360.0,360.0,328,328
DHFL,20210316,360.0,360.0,360.0,360.0,15,5
DHFL,20210316,360.0,360.0,360.0,360.0,31,31
DHFL,20210316,360.0,360.0,360.0,360.0,900,900
DHFL,20210316,360.0,360.0,360.0,360.0,570,519
DHFL,20210316,360.0,360.0,360.0,360.0,661,451
DHFL,20210316,360.0,360.0,360.0,360.0,87,86
DHFL,20210316,360.0,360.0,360.0,360.0,4681,2999
DHFL,20210316,350.0,350.0,345.01,345.53,1692686,1262851
DHFL,20210316,350.0,350.0,345.01,345.53,225,205
DHFL,20210316,350.0,350.0,345.01,345.53,330,320
DHFL,20210316,350.0,350.0,345.01,345.53,328,328
DHFL,20210316,350.0,350.0,345.01,345.53,15,5
DHFL,20210316,350.0,350.0,345.01,345.53,31,31
DHFL,20210316,350.0,350.0,345.01,345.53,900,900
DHFL,20210316,350.0,350.0,345.01,345.53,570,519
DHFL,20210316,350.0,350.0,345.01,345.53,661,451
DHFL,20210316,350.0,350.0,345.01,345.53,87,86
DHFL,20210316,350.0,350.0,345.01,345.53,4681,2999
DHFL,20210316,340.0,364.0,320.01,364.0,1692686,1262851
DHFL,20210316,340.0,364.0,320.01,364.0,225,205
DHFL,20210316,340.0,364.0,320.01,364.0,330,320
DHFL,20210316,340.0,364.0,320.01,364.0,328,328
DHFL,20210316,340.0,364.0,320.01,364.0,15,5
DHFL,20210316,340.0,364.0,320.01,364.0,31,31
DHFL,20210316,340.0,364.0,320.01,364.0,900,900
DHFL,20210316,340.0,364.0,320.01,364.0,570,519
DHFL,20210316,340.0,364.0,320.01,364.0,661,451
DHFL,20210316,340.0,364.0,320.01,364.0,87,86
DHFL,20210316,340.0,364.0,320.01,364.0,4681,2999
DHFL,20210316,321.0,340.0,321.0,340.0,1692686,1262851
DHFL,20210316,321.0,340.0,321.0,340.0,225,205
DHFL,20210316,321.0,340.0,321.0,340.0,330,320
DHFL,20210316,321.0,340.0,321.0,340.0,328,328
DHFL,20210316,321.0,340.0,321.0,340.0,15,5
DHFL,20210316,321.0,340.0,321.0,340.0,31,31
DHFL,20210316,321.0,340.0,321.0,340.0,900,900
DHFL,20210316,321.0,340.0,321.0,340.0,570,519
DHFL,20210316,321.0,340.0,321.0,340.0,661,451
DHFL,20210316,321.0,340.0,321.0,340.0,87,86
DHFL,20210316,321.0,340.0,321.0,340.0,4681,2999
DHFL,20210316,345.0,361.88,340.0,361.86,1692686,1262851
DHFL,20210316,345.0,361.88,340.0,361.86,225,205
DHFL,20210316,345.0,361.88,340.0,361.86,330,320
DHFL,20210316,345.0,361.88,340.0,361.86,328,328
DHFL,20210316,345.0,361.88,340.0,361.86,15,5
DHFL,20210316,345.0,361.88,340.0,361.86,31,31
DHFL,20210316,345.0,361.88,340.0,361.86,900,900
DHFL,20210316,345.0,361.88,340.0,361.86,570,519
DHFL,20210316,345.0,361.88,340.0,361.86,661,451
DHFL,20210316,345.0,361.88,340.0,361.86,87,86
DHFL,20210316,345.0,361.88,340.0,361.86,4681,2999
DHFL,20210316,320.01,342.0,319.95,340.01,1692686,1262851
DHFL,20210316,320.01,342.0,319.95,340.01,225,205
DHFL,20210316,320.01,342.0,319.95,340.01,330,320
DHFL,20210316,320.01,342.0,319.95,340.01,328,328
DHFL,20210316,320.01,342.0,319.95,340.01,15,5
DHFL,20210316,320.01,342.0,319.95,340.01,31,31
DHFL,20210316,320.01,342.0,319.95,340.01,900,900
DHFL,20210316,320.01,342.0,319.95,340.01,570,519
DHFL,20210316,320.01,342.0,319.95,340.01,661,451
DHFL,20210316,320.01,342.0,319.95,340.01,87,86
DHFL,20210316,320.01,342.0,319.95,340.01,4681,2999
DHUNINV,20210316,282.0,282.0,274.0,276.25,3349,2256
DIAMONDYD,20210316,658.35,661.45,636.0,649.4,6307,2742
DICIND,20210316,406.8,406.8,400.0,401.35,5579,3890
DISHTV,20210316,10.95,11.05,10.75,10.8,2558134,1543489
DIVISLAB,20210316,3429.9,3436.0,3361.05,3378.25,793917,457380
DIXON,20210316,21149.0,21179.6,20600.0,20724.65,40824,18201
DLF,20210316,305.8,306.75,301.6,304.2,5444765,675743
DLINKINDIA,20210316,111.1,113.3,109.2,109.8,279200,73154
DMART,20210316,3117.0,3166.0,3050.0,3071.0,298799,122757
DNAMEDIA,20210316,0.75,0.85,0.75,0.85,426532,389448
DOLAT,20210316,56.9,58.7,56.6,57.05,491380,90587
DOLLAR,20210316,255.0,263.3,255.0,255.75,77763,30460
DONEAR,20210316,34.5,36.8,34.0,35.1,74910,25231
DPABHUSHAN,20210316,122.9,122.9,116.6,117.5,7177,5372
DPSCLTD,20210316,13.0,13.3,12.95,13.3,25410,20794
DPWIRES,20210316,117.0,117.7,112.0,113.5,2640,1912
DREDGECORP,20210316,386.75,393.0,380.0,381.05,105018,30019
DRREDDY,20210316,4380.1,4466.7,4365.0,4449.7,935727,348578
DSML,20210316,7.0,7.0,7.0,7.0,6000,6000
DSSL,20210316,70.0,76.6,68.4,75.25,137862,55116
DTIL,20210316,277.9,277.9,270.0,271.45,4720,2984
DUCON,20210316,5.5,5.8,5.45,5.6,61440,56410
DVL,20210316,101.35,103.05,98.5,98.9,29461,19401
DWARKESH,20210316,33.3,34.7,33.1,33.35,1420866,409766
DYNAMATECH,20210316,930.95,934.95,904.45,919.35,5413,3393
DYNPRO,20210316,490.0,495.0,484.75,486.75,26115,17768
E2E,20210316,41.0,41.0,41.0,41.0,2000,2000
EBANK,20210316,3603.0,3929.3,3602.3,3713.0,21,14
EBBETF0423,20210316,1108.6,1109.1,1108.01,1108.01,5455,5251
EBBETF0425,20210316,1014.53,1016.0,1009.5,1013.28,152890,150540
EBBETF0430,20210316,1111.98,1111.98,1107.01,1109.48,6446,4870
EBBETF0431,20210316,995.16,998.0,995.16,997.25,12720,12232
EBIXFOREX,20210316,498.85,500.45,480.0,488.3,1609,1079
ECLERX,20210316,979.0,1015.0,967.05,990.85,74972,30206
ECLFINANCE,20210316,1227.0,1260.0,1225.05,1225.92,51,51
ECLFINANCE,20210316,1227.0,1260.0,1225.05,1225.92,98,52
ECLFINANCE,20210316,1227.0,1260.0,1225.05,1225.92,234,234
ECLFINANCE,20210316,1227.0,1260.0,1225.05,1225.92,20,20
ECLFINANCE,20210316,1227.0,1260.0,1225.05,1225.92,530,530
ECLFINANCE,20210316,1227.0,1260.0,1225.05,1225.92,78,78
ECLFINANCE,20210316,1227.0,1260.0,1225.05,1225.92,1313,1139
ECLFINANCE,20210316,1227.0,1260.0,1225.05,1225.92,197,135
ECLFINANCE,20210316,1227.0,1260.0,1225.05,1225.92,17,11
ECLFINANCE,20210316,1036.0,1050.0,1036.0,1044.5,51,51
ECLFINANCE,20210316,1036.0,1050.0,1036.0,1044.5,98,52
ECLFINANCE,20210316,1036.0,1050.0,1036.0,1044.5,234,234
ECLFINANCE,20210316,1036.0,1050.0,1036.0,1044.5,20,20
ECLFINANCE,20210316,1036.0,1050.0,1036.0,1044.5,530,530
ECLFINANCE,20210316,1036.0,1050.0,1036.0,1044.5,78,78
ECLFINANCE,20210316,1036.0,1050.0,1036.0,1044.5,1313,1139
ECLFINANCE,20210316,1036.0,1050.0,1036.0,1044.5,197,135
ECLFINANCE,20210316,1036.0,1050.0,1036.0,1044.5,17,11
ECLFINANCE,20210316,945.0,945.05,944.95,944.95,51,51
ECLFINANCE,20210316,945.0,945.05,944.95,944.95,98,52
ECLFINANCE,20210316,945.0,945.05,944.95,944.95,234,234
ECLFINANCE,20210316,945.0,945.05,944.95,944.95,20,20
ECLFINANCE,20210316,945.0,945.05,944.95,944.95,530,530
ECLFINANCE,20210316,945.0,945.05,944.95,944.95,78,78
ECLFINANCE,20210316,945.0,945.05,944.95,944.95,1313,1139
ECLFINANCE,20210316,945.0,945.05,944.95,944.95,197,135
ECLFINANCE,20210316,945.0,945.05,944.95,944.95,17,11
ECLFINANCE,20210316,926.0,926.0,926.0,926.0,51,51
ECLFINANCE,20210316,926.0,926.0,926.0,926.0,98,52
ECLFINANCE,20210316,926.0,926.0,926.0,926.0,234,234
ECLFINANCE,20210316,926.0,926.0,926.0,926.0,20,20
ECLFINANCE,20210316,926.0,926.0,926.0,926.0,530,530
ECLFINANCE,20210316,926.0,926.0,926.0,926.0,78,78
ECLFINANCE,20210316,926.0,926.0,926.0,926.0,1313,1139
ECLFINANCE,20210316,926.0,926.0,926.0,926.0,197,135
ECLFINANCE,20210316,926.0,926.0,926.0,926.0,17,11
ECLFINANCE,20210316,989.01,1006.0,989.01,1006.0,51,51
ECLFINANCE,20210316,989.01,1006.0,989.01,1006.0,98,52
ECLFINANCE,20210316,989.01,1006.0,989.01,1006.0,234,234
ECLFINANCE,20210316,989.01,1006.0,989.01,1006.0,20,20
ECLFINANCE,20210316,989.01,1006.0,989.01,1006.0,530,530
ECLFINANCE,20210316,989.01,1006.0,989.01,1006.0,78,78
ECLFINANCE,20210316,989.01,1006.0,989.01,1006.0,1313,1139
ECLFINANCE,20210316,989.01,1006.0,989.01,1006.0,197,135
ECLFINANCE,20210316,989.01,1006.0,989.01,1006.0,17,11
ECLFINANCE,20210316,1200.0,1240.0,1195.0,1240.0,51,51
ECLFINANCE,20210316,1200.0,1240.0,1195.0,1240.0,98,52
ECLFINANCE,20210316,1200.0,1240.0,1195.0,1240.0,234,234
ECLFINANCE,20210316,1200.0,1240.0,1195.0,1240.0,20,20
ECLFINANCE,20210316,1200.0,1240.0,1195.0,1240.0,530,530
ECLFINANCE,20210316,1200.0,1240.0,1195.0,1240.0,78,78
ECLFINANCE,20210316,1200.0,1240.0,1195.0,1240.0,1313,1139
ECLFINANCE,20210316,1200.0,1240.0,1195.0,1240.0,197,135
ECLFINANCE,20210316,1200.0,1240.0,1195.0,1240.0,17,11
ECLFINANCE,20210316,975.0,975.0,954.0,973.0,51,51
ECLFINANCE,20210316,975.0,975.0,954.0,973.0,98,52
ECLFINANCE,20210316,975.0,975.0,954.0,973.0,234,234
ECLFINANCE,20210316,975.0,975.0,954.0,973.0,20,20
ECLFINANCE,20210316,975.0,975.0,954.0,973.0,530,530
ECLFINANCE,20210316,975.0,975.0,954.0,973.0,78,78
ECLFINANCE,20210316,975.0,975.0,954.0,973.0,1313,1139
ECLFINANCE,20210316,975.0,975.0,954.0,973.0,197,135
ECLFINANCE,20210316,975.0,975.0,954.0,973.0,17,11
ECLFINANCE,20210316,980.05,990.01,975.5,990.0,51,51
ECLFINANCE,20210316,980.05,990.01,975.5,990.0,98,52
ECLFINANCE,20210316,980.05,990.01,975.5,990.0,234,234
ECLFINANCE,20210316,980.05,990.01,975.5,990.0,20,20
ECLFINANCE,20210316,980.05,990.01,975.5,990.0,530,530
ECLFINANCE,20210316,980.05,990.01,975.5,990.0,78,78
ECLFINANCE,20210316,980.05,990.01,975.5,990.0,1313,1139
ECLFINANCE,20210316,980.05,990.01,975.5,990.0,197,135
ECLFINANCE,20210316,980.05,990.01,975.5,990.0,17,11
ECLFINANCE,20210316,958.51,979.99,958.51,979.99,51,51
ECLFINANCE,20210316,958.51,979.99,958.51,979.99,98,52
ECLFINANCE,20210316,958.51,979.99,958.51,979.99,234,234
ECLFINANCE,20210316,958.51,979.99,958.51,979.99,20,20
ECLFINANCE,20210316,958.51,979.99,958.51,979.99,530,530
ECLFINANCE,20210316,958.51,979.99,958.51,979.99,78,78
ECLFINANCE,20210316,958.51,979.99,958.51,979.99,1313,1139
ECLFINANCE,20210316,958.51,979.99,958.51,979.99,197,135
ECLFINANCE,20210316,958.51,979.99,958.51,979.99,17,11
EDELWEISS,20210316,86.1,91.8,86.0,88.75,8493074,3702567
EHFLNCD,20210316,948.8,949.0,945.0,945.88,536,536
EICHERMOT,20210316,2652.45,2683.65,2626.0,2661.05,654829,189443
EIDPARRY,20210316,344.0,349.3,342.1,345.7,96728,51461
EIFFL,20210316,88.55,88.55,88.45,88.5,2400,2400
EIHAHOTELS,20210316,270.75,274.0,267.3,268.1,3481,2513
EIHOTEL,20210316,102.6,104.6,102.25,102.95,651051,266066
EIMCOELECO,20210316,363.7,368.1,345.45,347.1,3275,2420
EKC,20210316,76.9,83.8,76.5,79.65,1651423,631244
ELECON,20210316,65.45,69.5,65.15,68.85,1074657,472198
ELECTCAST,20210316,26.4,26.4,24.9,25.2,967248,679255
ELECTHERM,20210316,116.4,118.45,110.3,113.6,19915,10637
ELGIEQUIP,20210316,197.7,198.95,192.0,193.85,89014,42781
ELGIRUBCO,20210316,30.45,30.7,29.05,30.25,49893,33015
EMAMILTD,20210316,491.7,495.0,483.25,488.45,344559,246266
EMAMIPAP,20210316,100.1,116.8,100.1,116.8,442968,153239
EMAMIREAL,20210316,49.9,50.5,48.8,49.85,40727,27249
EMBASSY,20210316,337.5,343.0,336.3,341.57,1108400,882400
EMKAY,20210316,75.4,76.95,73.3,75.1,54501,25844
EMMBI,20210316,80.05,80.05,78.65,79.75,20529,17705
EMOFSR1RGG,20210316,14.21,14.3,14.21,14.23,53212,53212
ENDURANCE,20210316,1423.35,1423.35,1386.35,1397.75,95667,79367
ENGINERSIN,20210316,82.5,82.75,80.5,80.8,2273028,1028029
ENIL,20210316,178.0,178.85,170.5,173.85,67599,38546
EPL,20210316,229.05,234.0,226.6,230.75,885752,588493
EQ30,20210316,430.04,430.04,409.0,428.48,525,256
EQUITAS,20210316,91.95,93.0,89.0,89.85,1174073,486426
EQUITASBNK,20210316,59.1,59.8,56.25,58.4,771489,402734
ERFLNCDI,20210316,879.0,879.0,879.0,879.0,1,1
ERIS,20210316,621.95,645.25,611.55,619.15,525248,309432
EROSMEDIA,20210316,29.3,29.3,28.4,28.85,145558,96383
ESABINDIA,20210316,1875.35,1917.4,1862.0,1873.25,13596,1457
ESCORTS,20210316,1358.3,1371.3,1336.8,1350.95,505511,76484
ESSARSHPNG,20210316,9.3,9.3,8.9,9.0,80293,56556
ESTER,20210316,126.05,129.4,121.55,124.0,850137,358554
EUROTEXIND,20210316,8.65,8.65,8.65,8.65,31,31
EVEREADY,20210316,282.0,290.0,280.0,281.0,143425,59931
EVERESTIND,20210316,319.6,321.7,310.45,311.4,40140,22679
EXCEL,20210316,2.85,2.85,2.65,2.7,43481,26337
EXCELINDUS,20210316,876.5,910.0,862.1,884.5,29540,14238
EXIDEIND,20210316,200.35,202.15,197.0,197.6,3585583,1814366
EXPLEOSOL,20210316,508.9,551.0,501.0,540.65,88655,49703
FACT,20210316,118.5,121.8,115.1,117.2,561184,131265
FAIRCHEMOR,20210316,626.2,664.95,626.2,656.65,24590,16326
FCL,20210316,63.0,64.3,60.8,61.25,417859,292292
FCONSUMER,20210316,7.75,7.8,7.6,7.65,1786274,1109736
FDC,20210316,289.05,292.05,282.0,284.85,122454,73333
FEDERALBNK,20210316,84.1,84.85,82.5,83.6,19001810,4264808
FEL,20210316,10.35,10.35,10.05,10.1,570383,425139
FELDVR,20210316,13.5,13.7,13.25,13.45,25983,19624
FELIX,20210316,45.0,45.0,45.0,45.0,8000,8000
FIEMIND,20210316,598.0,620.0,598.0,603.2,17768,9512
FILATEX,20210316,70.0,71.0,68.0,68.35,456709,255772
FINCABLES,20210316,398.0,403.85,396.3,398.55,92593,53601
FINEORG,20210316,2331.0,2348.8,2291.05,2302.2,19561,11648
FINPIPE,20210316,635.9,643.7,626.65,629.55,56167,32000
FLFL,20210316,76.9,77.45,76.5,76.75,95854,75665
FLUOROCHEM,20210316,614.85,614.85,593.15,598.55,28652,18730
FMGOETZE,20210316,302.0,306.95,302.0,303.95,14315,13380
FMNL,20210316,17.6,17.6,16.7,16.9,56227,37330
FOCUS,20210316,23.15,23.15,23.15,23.15,3000,3000
FORCEMOT,20210316,1297.2,1301.25,1276.0,1284.2,14447,6507
FORTIS,20210316,188.65,206.3,186.95,194.05,17999272,4285508
FOSECOIND,20210316,1230.0,1230.0,1204.0,1215.6,653,465
FRETAIL,20210316,67.05,67.85,66.5,66.55,1991127,1202342
FSC,20210316,90.45,90.5,88.2,89.35,41390,23983
FSL,20210316,105.8,120.3,105.2,116.15,28312281,7910440
G5,20210316,47.0,47.03,46.96,47.03,279,125
GABRIEL,20210316,117.0,117.4,115.3,115.9,301420,184063
GAEL,20210316,136.75,140.35,134.95,138.0,178211,91322
GAIL,20210316,144.0,145.65,141.95,143.25,15228739,3190497
GAL,20210316,2.25,2.3,2.1,2.3,111125,57442
GALAXYSURF,20210316,2398.0,2429.0,2328.55,2352.0,17125,5374
GALLANTT,20210316,46.15,49.0,45.4,47.25,33892,18740
GALLISPAT,20210316,39.7,39.7,37.3,38.95,14633,7767
GAMMNINFRA,20210316,0.85,0.85,0.75,0.75,1407856,798993
GANDHITUBE,20210316,276.2,278.1,269.85,273.4,3953,1257
GANECOS,20210316,615.0,621.9,612.0,615.35,13189,8261
GANESHHOUC,20210316,52.2,52.25,49.75,50.15,19301,10497
GANGAFORGE,20210316,38.9,39.15,38.9,39.05,24000,16000
GANGESSECU,20210316,65.95,65.95,52.0,63.65,5483,3477
GARFIBRES,20210316,2465.0,2488.25,2399.95,2407.45,32240,17949
GATI,20210316,105.0,107.7,103.05,106.05,1187564,286127
GAYAPROJ,20210316,35.35,35.9,34.0,34.1,348527,260903
GBGLOBAL,20210316,7.5,7.55,7.05,7.3,5233,2773
GDL,20210316,185.7,185.8,182.7,183.3,146976,112664
GEECEE,20210316,102.25,105.5,101.9,105.0,15874,11439
GEEKAYWIRE,20210316,81.6,81.6,77.0,80.0,11272,10603
GENCON,20210316,53.05,53.05,52.0,52.05,17975,17056
GENUSPAPER,20210316,8.0,8.25,7.9,8.15,747022,513899
GENUSPOWER,20210316,58.95,58.95,54.5,54.8,802379,419028
GEOJITFSL,20210316,56.1,57.45,55.25,55.5,430715,249605
GEPIL,20210316,284.3,294.0,282.25,284.15,189759,56675
GESHIP,20210316,324.9,339.9,324.9,333.9,506087,261793
GET&D,20210316,129.1,131.8,126.0,126.85,142286,36946
GFLLIMITED,20210316,86.8,87.8,84.45,85.15,151013,112903
GHCL,20210316,239.5,242.85,235.5,236.05,121669,48437
GICHSGFIN,20210316,130.25,133.65,129.1,131.1,350786,96533
GICRE,20210316,209.25,230.15,208.9,225.75,4470500,1285483
GILLANDERS,20210316,46.85,48.4,45.2,46.25,22109,18674
GILLETTE,20210316,5669.0,5669.0,5571.1,5600.0,15182,12863
GINNIFILA,20210316,20.4,20.4,19.7,19.85,71900,44769
GIPCL,20210316,81.3,83.1,80.05,81.9,446226,241192
GIRIRAJ,20210316,71.65,71.65,71.65,71.65,1200,1200
GISOLUTION,20210316,2.85,2.85,2.75,2.85,8389,7889
GKWLIMITED,20210316,504.15,525.0,504.15,517.5,2360,742
GLAND,20210316,2545.0,2783.85,2532.2,2717.0,800623,299254
GLAXO,20210316,1420.0,1445.0,1420.0,1425.3,28436,15803
GLENMARK,20210316,474.2,478.5,469.2,476.75,1150225,336850
GLFL,20210316,2.75,2.85,2.65,2.75,16744,15994
GLOBAL,20210316,48.0,48.0,45.1,45.5,5661,4988
GLOBUSSPR,20210316,336.4,341.95,327.0,328.3,84939,28187
GMBREW,20210316,418.0,418.5,409.85,413.95,9167,5511
GMDCLTD,20210316,59.35,59.9,58.2,58.55,881318,349402
GMMPFAUDLR,20210316,4270.0,4310.0,4200.0,4219.8,28150,15187
GMRINFRA,20210316,27.15,27.4,26.45,26.7,10754284,2479159
GNA,20210316,383.05,387.55,376.1,380.0,69065,42413
GNFC,20210316,310.0,320.9,308.0,312.7,1112409,369040
GOACARBON,20210316,320.3,320.9,314.0,316.3,20209,9512
GOCLCORP,20210316,229.7,233.75,226.35,231.85,3552,2575
GODFRYPHLP,20210316,903.85,903.85,893.8,895.65,32477,20675
GODHA,20210316,53.35,53.35,48.8,52.65,2988,2247
GODREJAGRO,20210316,482.0,485.0,479.0,483.75,134565,98351
GODREJCP,20210316,680.0,682.8,674.7,680.65,738129,382651
GODREJIND,20210316,508.0,521.0,501.95,507.1,919583,210274
GODREJPROP,20210316,1365.0,1444.3,1365.0,1421.3,450993,73827
GOKEX,20210316,82.85,86.7,82.2,84.95,917487,446844
GOKUL,20210316,20.0,20.0,18.8,19.4,75503,43266
GOKULAGRO,20210316,22.3,23.6,22.3,23.1,207288,130176
GOLDBEES,20210316,40.4,40.4,38.97,39.03,6773209,4131204
GOLDENTOBC,20210316,46.0,46.5,43.5,43.85,13533,8613
GOLDIAM,20210316,347.0,348.65,335.4,337.75,37812,20221
GOLDSHARE,20210316,4059.7,4068.95,4035.0,4048.45,3091,2048
GOODLUCK,20210316,70.95,71.15,67.0,68.75,210456,75957
GOODYEAR,20210316,952.3,959.75,935.1,937.55,10237,6862
GPIL,20210316,650.0,664.0,612.7,623.6,358613,124996
GPPL,20210316,99.15,106.45,99.15,100.5,1268250,572817
GPTINFRA,20210316,41.5,41.75,38.7,39.45,52190,38070
GRANULES,20210316,336.0,340.0,330.45,331.2,1981170,672378
GRAPHITE,20210316,519.6,521.2,506.0,511.7,801944,268231
GRASIM,20210316,1380.1,1397.75,1375.9,1384.5,1176583,421770
GRAVITA,20210316,101.9,103.7,99.55,100.25,111488,54763
GREAVESCOT,20210316,139.45,139.6,134.0,135.45,974526,554642
GREENLAM,20210316,935.0,996.0,930.0,935.15,5074,3175
GREENPANEL,20210316,177.8,184.7,172.2,183.6,1147247,791173
GREENPLY,20210316,189.7,189.7,180.35,181.85,206667,139080
GRINDWELL,20210316,910.0,927.25,905.05,913.35,21278,10963
GROBTEA,20210316,957.0,999.0,945.2,964.85,2315,336
GRPLTD,20210316,831.65,872.0,821.75,859.05,3983,1262
GRSE,20210316,206.5,209.7,201.25,202.6,128244,58829
GSCLCEMENT,20210316,36.4,37.0,35.7,35.9,150667,88220
GSFC,20210316,92.6,93.8,90.65,91.25,1944183,643234
GSPL,20210316,278.75,278.75,272.0,273.45,905635,665680
GSS,20210316,57.1,60.5,56.3,59.1,507114,200250
GTL,20210316,6.65,6.65,6.35,6.5,114046,82016
GTLINFRA,20210316,0.9,0.95,0.85,0.85,43828305,33284546
GTNTEX,20210316,5.9,5.9,5.9,5.9,100,100
GTPL,20210316,121.6,121.6,117.3,118.15,92603,61169
GUFICBIO,20210316,112.8,112.8,110.0,110.8,60705,31650
GUJALKALI,20210316,349.9,366.0,347.5,356.05,272654,80566
GUJAPOLLO,20210316,212.3,214.05,205.1,208.3,4918,2773
GUJGASLTD,20210316,512.7,540.75,508.0,535.55,1579937,524655
GULFOILLUB,20210316,740.65,747.9,726.55,743.15,7591,3626
GULFPETRO,20210316,42.4,42.4,40.05,40.6,37631,23272
GULPOLY,20210316,97.55,99.9,97.1,97.95,200787,57883
HAL,20210316,1020.5,1080.0,1020.5,1071.4,536623,159514
HAPPSTMNDS,20210316,537.3,577.5,530.15,562.5,5965512,1221627
HARITASEAT,20210316,747.05,775.45,742.0,759.95,15343,6882
HARRMALAYA,20210316,162.2,171.2,160.1,162.1,848749,181293
HATHWAY,20210316,31.0,31.45,30.75,31.1,439912,178949
HATSUN,20210316,765.1,774.8,756.0,760.55,19479,10011
HAVELLS,20210316,1100.0,1106.25,1076.5,1088.45,2538380,1120316
HBANKETF,20210316,361.68,361.68,346.0,347.37,4731,3306
HBLPOWER,20210316,38.55,38.55,37.65,38.05,256194,138869
HCC,20210316,8.9,9.1,8.65,8.7,4904706,3807221
HCG,20210316,175.0,182.4,173.0,177.7,608984,173167
HCL-INSYS,20210316,10.0,10.7,9.7,9.7,2499722,1652138
HCLTECH,20210316,993.0,1018.8,990.45,1007.25,8094575,3657490
HDFC,20210316,2556.5,2562.65,2503.0,2510.4,2446483,1368255
HDFC,20210316,2556.5,2562.65,2503.0,2510.4,15600,9000
HDFC,20210316,819.0,820.0,810.0,812.5,2446483,1368255
HDFC,20210316,819.0,820.0,810.0,812.5,15600,9000
HDFCAMC,20210316,3004.05,3029.95,2965.25,2974.35,153523,75724
HDFCBANK,20210316,1530.9,1540.4,1510.0,1512.15,6861183,3106338
HDFCLIFE,20210316,707.7,710.6,700.0,703.05,1619213,596515
HDFCMFGETF,20210316,40.39,40.39,40.01,40.12,965369,594909
HDFCNIFETF,20210316,158.72,159.25,157.09,157.55,9328,8349
HDFCSENETF,20210316,532.1,542.95,532.1,542.59,2449,1745
HEG,20210316,1636.45,1641.45,1585.15,1602.7,354374,97458
HEIDELBERG,20210316,225.0,225.9,221.6,223.9,226588,175560
HEOFRG1126,20210316,10.55,11.0,10.47,10.47,16191,16191
HERANBA,20210316,714.8,724.8,695.35,699.85,525679,145542
HERCULES,20210316,123.95,125.2,122.0,122.55,34069,16829
HERITGFOOD,20210316,336.0,337.85,332.2,333.25,84184,58774
HEROMOTOCO,20210316,3298.95,3300.0,3248.0,3255.05,523881,179074
HESTERBIO,20210316,1770.35,1791.95,1735.65,1749.35,2459,1536
HFCL,20210316,28.1,28.7,27.85,28.0,3518186,1664994
HGINFRA,20210316,283.95,293.0,278.8,283.2,142456,37370
HGS,20210316,1178.15,1217.0,1176.95,1207.45,35100,25558
HIKAL,20210316,155.45,157.2,153.5,153.8,169770,89403
HIL,20210316,3135.0,3139.9,3060.0,3103.0,8759,4817
HILTON,20210316,11.0,11.0,10.35,10.55,39897,24562
HIMATSEIDE,20210316,163.6,163.6,158.0,158.45,103856,49232
HINDALCO,20210316,336.0,336.75,326.3,333.9,13294567,5591518
HINDCOMPOS,20210316,304.8,304.8,290.2,293.6,7201,2263
HINDCOPPER,20210316,135.25,136.75,131.05,131.7,1791515,649853
HINDNATGLS,20210316,27.9,32.8,26.9,32.8,2843322,1608715
HINDOILEXP,20210316,106.9,114.3,104.4,110.25,914470,370829
HINDPETRO,20210316,243.8,245.65,240.65,241.65,6302419,2461793
HINDUNILVR,20210316,2221.35,2247.5,2214.3,2244.05,2633605,1960819
HINDZINC,20210316,300.75,308.85,297.5,303.7,504158,143693
HIRECT,20210316,136.1,137.9,135.0,135.4,17173,13013
HISARMETAL,20210316,110.0,113.7,105.0,106.25,23835,12320
HITECH,20210316,355.8,383.35,355.0,371.45,145473,66505
HITECHCORP,20210316,136.95,136.95,133.5,133.75,6220,4662
HITECHGEAR,20210316,190.0,190.0,183.65,187.15,6533,1540
HLEGLAS,20210316,2621.0,2689.95,2563.35,2563.35,11726,6865
HLVLTD,20210316,6.9,7.05,6.6,6.7,208724,121899
HMVL,20210316,69.1,70.8,68.75,68.9,16986,11194
HNDFDS,20210316,2105.0,2211.05,2105.0,2211.05,13078,8874
HNGSNGBEES,20210316,352.7,354.87,350.0,351.87,210,200
HOMEFIRST,20210316,504.1,515.0,496.0,497.9,174018,65638
HONAUT,20210316,48993.0,49484.95,48400.0,48797.8,13402,7543
HONDAPOWER,20210316,1053.8,1071.95,1005.0,1052.3,30521,15505
HOTELRUGBY,20210316,1.25,1.25,1.25,1.25,25,25
HOVS,20210316,45.65,45.65,43.0,43.25,15310,12218
HPL,20210316,60.8,64.7,56.75,58.9,3805644,1366711
HSCL,20210316,45.45,46.45,44.8,45.05,5234306,1748256
HSIL,20210316,164.55,175.8,164.55,171.7,189772,89068
HTMEDIA,20210316,24.6,25.0,24.2,24.8,108864,57194
HUDCO,20210316,50.0,50.3,48.8,48.95,1752194,658273
HUDCO,20210316,50.0,50.3,48.8,48.95,24835,16798
HUDCO,20210316,50.0,50.3,48.8,48.95,2403,1904
HUDCO,20210316,50.0,50.3,48.8,48.95,341,340
HUDCO,20210316,50.0,50.3,48.8,48.95,649,649
HUDCO,20210316,50.0,50.3,48.8,48.95,141,68
HUDCO,20210316,50.0,50.3,48.8,48.95,226,225
HUDCO,20210316,50.0,50.3,48.8,48.95,242,242
HUDCO,20210316,50.0,50.3,48.8,48.95,1238,1232
HUDCO,20210316,1192.0,1192.5,1171.0,1182.06,1752194,658273
HUDCO,20210316,1192.0,1192.5,1171.0,1182.06,24835,16798
HUDCO,20210316,1192.0,1192.5,1171.0,1182.06,2403,1904
HUDCO,20210316,1192.0,1192.5,1171.0,1182.06,341,340
HUDCO,20210316,1192.0,1192.5,1171.0,1182.06,649,649
HUDCO,20210316,1192.0,1192.5,1171.0,1182.06,141,68
HUDCO,20210316,1192.0,1192.5,1171.0,1182.06,226,225
HUDCO,20210316,1192.0,1192.5,1171.0,1182.06,242,242
HUDCO,20210316,1192.0,1192.5,1171.0,1182.06,1238,1232
HUDCO,20210316,1032.11,1039.7,1032.11,1036.61,1752194,658273
HUDCO,20210316,1032.11,1039.7,1032.11,1036.61,24835,16798
HUDCO,20210316,1032.11,1039.7,1032.11,1036.61,2403,1904
HUDCO,20210316,1032.11,1039.7,1032.11,1036.61,341,340
HUDCO,20210316,1032.11,1039.7,1032.11,1036.61,649,649
HUDCO,20210316,1032.11,1039.7,1032.11,1036.61,141,68
HUDCO,20210316,1032.11,1039.7,1032.11,1036.61,226,225
HUDCO,20210316,1032.11,1039.7,1032.11,1036.61,242,242
HUDCO,20210316,1032.11,1039.7,1032.11,1036.61,1238,1232
HUDCO,20210316,1120.99,1120.99,1050.4,1050.4,1752194,658273
HUDCO,20210316,1120.99,1120.99,1050.4,1050.4,24835,16798
HUDCO,20210316,1120.99,1120.99,1050.4,1050.4,2403,1904
HUDCO,20210316,1120.99,1120.99,1050.4,1050.4,341,340
HUDCO,20210316,1120.99,1120.99,1050.4,1050.4,649,649
HUDCO,20210316,1120.99,1120.99,1050.4,1050.4,141,68
HUDCO,20210316,1120.99,1120.99,1050.4,1050.4,226,225
HUDCO,20210316,1120.99,1120.99,1050.4,1050.4,242,242
HUDCO,20210316,1120.99,1120.99,1050.4,1050.4,1238,1232
HUDCO,20210316,1167.0,1167.0,1161.5,1161.5,1752194,658273
HUDCO,20210316,1167.0,1167.0,1161.5,1161.5,24835,16798
HUDCO,20210316,1167.0,1167.0,1161.5,1161.5,2403,1904
HUDCO,20210316,1167.0,1167.0,1161.5,1161.5,341,340
HUDCO,20210316,1167.0,1167.0,1161.5,1161.5,649,649
HUDCO,20210316,1167.0,1167.0,1161.5,1161.5,141,68
HUDCO,20210316,1167.0,1167.0,1161.5,1161.5,226,225
HUDCO,20210316,1167.0,1167.0,1161.5,1161.5,242,242
HUDCO,20210316,1167.0,1167.0,1161.5,1161.5,1238,1232
HUDCO,20210316,1215.0,1219.95,1210.01,1219.95,1752194,658273
HUDCO,20210316,1215.0,1219.95,1210.01,1219.95,24835,16798
HUDCO,20210316,1215.0,1219.95,1210.01,1219.95,2403,1904
HUDCO,20210316,1215.0,1219.95,1210.01,1219.95,341,340
HUDCO,20210316,1215.0,1219.95,1210.01,1219.95,649,649
HUDCO,20210316,1215.0,1219.95,1210.01,1219.95,141,68
HUDCO,20210316,1215.0,1219.95,1210.01,1219.95,226,225
HUDCO,20210316,1215.0,1219.95,1210.01,1219.95,242,242
HUDCO,20210316,1215.0,1219.95,1210.01,1219.95,1238,1232
HUDCO,20210316,1231.05,1233.85,1230.16,1233.85,1752194,658273
HUDCO,20210316,1231.05,1233.85,1230.16,1233.85,24835,16798
HUDCO,20210316,1231.05,1233.85,1230.16,1233.85,2403,1904
HUDCO,20210316,1231.05,1233.85,1230.16,1233.85,341,340
HUDCO,20210316,1231.05,1233.85,1230.16,1233.85,649,649
HUDCO,20210316,1231.05,1233.85,1230.16,1233.85,141,68
HUDCO,20210316,1231.05,1233.85,1230.16,1233.85,226,225
HUDCO,20210316,1231.05,1233.85,1230.16,1233.85,242,242
HUDCO,20210316,1231.05,1233.85,1230.16,1233.85,1238,1232
HUDCO,20210316,1276.0,1278.0,1273.0,1275.5,1752194,658273
HUDCO,20210316,1276.0,1278.0,1273.0,1275.5,24835,16798
HUDCO,20210316,1276.0,1278.0,1273.0,1275.5,2403,1904
HUDCO,20210316,1276.0,1278.0,1273.0,1275.5,341,340
HUDCO,20210316,1276.0,1278.0,1273.0,1275.5,649,649
HUDCO,20210316,1276.0,1278.0,1273.0,1275.5,141,68
HUDCO,20210316,1276.0,1278.0,1273.0,1275.5,226,225
HUDCO,20210316,1276.0,1278.0,1273.0,1275.5,242,242
HUDCO,20210316,1276.0,1278.0,1273.0,1275.5,1238,1232
HUDCO,20210316,1419.99,1420.0,1416.0,1416.39,1752194,658273
HUDCO,20210316,1419.99,1420.0,1416.0,1416.39,24835,16798
HUDCO,20210316,1419.99,1420.0,1416.0,1416.39,2403,1904
HUDCO,20210316,1419.99,1420.0,1416.0,1416.39,341,340
HUDCO,20210316,1419.99,1420.0,1416.0,1416.39,649,649
HUDCO,20210316,1419.99,1420.0,1416.0,1416.39,141,68
HUDCO,20210316,1419.99,1420.0,1416.0,1416.39,226,225
HUDCO,20210316,1419.99,1420.0,1416.0,1416.39,242,242
HUDCO,20210316,1419.99,1420.0,1416.0,1416.39,1238,1232
HUHTAMAKI,20210316,284.9,288.0,278.3,284.9,280955,125336
IBMFNIFTY,20210316,152.1,155.6,152.1,152.55,295,139
IBREALEST,20210316,101.0,106.1,98.55,99.55,16124659,8038425
IBUCCREDIT,20210316,910.0,910.0,910.0,910.0,100,100
IBUCCREDIT,20210316,910.0,910.0,910.0,910.0,10,10
IBUCCREDIT,20210316,875.01,875.01,875.0,875.0,100,100
IBUCCREDIT,20210316,875.01,875.01,875.0,875.0,10,10
IBULHSGFIN,20210316,219.5,226.0,218.4,222.55,17944645,2892906
IBULHSGFIN,20210316,219.5,226.0,218.4,222.55,40,40
IBULHSGFIN,20210316,219.5,226.0,218.4,222.55,119,119
IBULHSGFIN,20210316,219.5,226.0,218.4,222.55,15,15
IBULHSGFIN,20210316,914.0,914.0,910.0,910.0,17944645,2892906
IBULHSGFIN,20210316,914.0,914.0,910.0,910.0,40,40
IBULHSGFIN,20210316,914.0,914.0,910.0,910.0,119,119
IBULHSGFIN,20210316,914.0,914.0,910.0,910.0,15,15
IBULHSGFIN,20210316,890.0,892.5,890.0,892.5,17944645,2892906
IBULHSGFIN,20210316,890.0,892.5,890.0,892.5,40,40
IBULHSGFIN,20210316,890.0,892.5,890.0,892.5,119,119
IBULHSGFIN,20210316,890.0,892.5,890.0,892.5,15,15
IBULHSGFIN,20210316,900.0,900.0,900.0,900.0,17944645,2892906
IBULHSGFIN,20210316,900.0,900.0,900.0,900.0,40,40
IBULHSGFIN,20210316,900.0,900.0,900.0,900.0,119,119
IBULHSGFIN,20210316,900.0,900.0,900.0,900.0,15,15
ICEMAKE,20210316,73.0,73.0,70.1,70.9,10067,5153
ICICI500,20210316,206.0,207.05,205.1,205.77,420,318
ICICIALPLV,20210316,144.8,144.8,139.35,140.24,888,473
ICICIB22,20210316,37.66,37.85,37.31,37.61,753636,371022
ICICIBANK,20210316,606.85,607.0,593.65,594.95,17925629,6845591
ICICIBANKN,20210316,359.7,359.7,345.95,346.56,1900,1513
ICICIBANKP,20210316,185.95,186.27,183.1,183.56,28172,1649
ICICIGI,20210316,1470.0,1516.7,1465.6,1493.05,682685,367963
ICICIGOLD,20210316,42.3,42.3,39.56,40.09,554413,487324
ICICILIQ,20210316,999.99,1000.0,992.95,999.99,11731,10553
ICICILOVOL,20210316,117.5,121.7,116.17,118.68,43709,42897
ICICIM150,20210316,92.9,93.49,90.65,91.84,10801,8516
ICICIMCAP,20210316,93.7,93.7,86.6,87.23,6313,3006
ICICINF100,20210316,167.7,167.8,161.01,162.46,1582,1225
ICICINIFTY,20210316,179.7,179.7,157.55,158.84,45311,22161
ICICINV20,20210316,78.5,78.9,76.42,78.19,5674,3784
ICICINXT50,20210316,36.3,36.3,34.62,35.44,118622,113734
ICICIPRULI,20210316,452.0,452.95,442.7,443.9,1879451,1022169
ICICISENSX,20210316,547.0,547.0,541.0,542.38,1146,900
ICICITECH,20210316,263.3,267.59,263.0,266.44,1995656,1967582
ICIL,20210316,124.15,125.25,120.0,121.45,255186,177310
ICRA,20210316,2799.7,2810.0,2772.0,2795.15,3072,2684
IDBI,20210316,40.6,40.8,38.25,38.65,27763537,10888409
IDBIGOLD,20210316,4130.05,4133.75,4100.0,4114.3,119,108
IDEA,20210316,10.1,10.75,10.05,10.15,183256039,39234281
IDFC,20210316,54.5,55.6,53.7,55.0,6050752,3148007
IDFCFIRSTB,20210316,65.75,65.85,63.05,63.4,31183061,8479459
IDFCFIRSTB,20210316,65.75,65.85,63.05,63.4,31,31
IDFCFIRSTB,20210316,65.75,65.85,63.05,63.4,48,44
IDFCFIRSTB,20210316,65.75,65.85,63.05,63.4,20,20
IDFCFIRSTB,20210316,5150.0,5150.0,5150.0,5150.0,31183061,8479459
IDFCFIRSTB,20210316,5150.0,5150.0,5150.0,5150.0,31,31
IDFCFIRSTB,20210316,5150.0,5150.0,5150.0,5150.0,48,44
IDFCFIRSTB,20210316,5150.0,5150.0,5150.0,5150.0,20,20
IDFCFIRSTB,20210316,11080.01,11125.0,11061.0,11096.0,31183061,8479459
IDFCFIRSTB,20210316,11080.01,11125.0,11061.0,11096.0,31,31
IDFCFIRSTB,20210316,11080.01,11125.0,11061.0,11096.0,48,44
IDFCFIRSTB,20210316,11080.01,11125.0,11061.0,11096.0,20,20
IDFCFIRSTB,20210316,10680.0,10680.0,10680.0,10680.0,31183061,8479459
IDFCFIRSTB,20210316,10680.0,10680.0,10680.0,10680.0,31,31
IDFCFIRSTB,20210316,10680.0,10680.0,10680.0,10680.0,48,44
IDFCFIRSTB,20210316,10680.0,10680.0,10680.0,10680.0,20,20
IDFNIFTYET,20210316,158.5,158.5,155.27,155.71,178,162
IEX,20210316,348.85,348.85,337.55,339.7,2270715,1185334
IFBAGRO,20210316,417.25,419.55,413.05,416.25,4253,2297
IFBIND,20210316,1134.95,1148.15,1110.0,1119.55,20313,9857
IFCI,20210316,14.5,14.7,14.25,14.25,17037608,7671874
IFCI,20210316,14.5,14.7,14.25,14.25,36,36
IFCI,20210316,14.5,14.7,14.25,14.25,1273,1273
IFCI,20210316,14.5,14.7,14.25,14.25,65,65
IFCI,20210316,14.5,14.7,14.25,14.25,982,820
IFCI,20210316,1819.0,1819.0,1819.0,1819.0,17037608,7671874
IFCI,20210316,1819.0,1819.0,1819.0,1819.0,36,36
IFCI,20210316,1819.0,1819.0,1819.0,1819.0,1273,1273
IFCI,20210316,1819.0,1819.0,1819.0,1819.0,65,65
IFCI,20210316,1819.0,1819.0,1819.0,1819.0,982,820
IFCI,20210316,1060.0,1060.0,1060.0,1060.0,17037608,7671874
IFCI,20210316,1060.0,1060.0,1060.0,1060.0,36,36
IFCI,20210316,1060.0,1060.0,1060.0,1060.0,1273,1273
IFCI,20210316,1060.0,1060.0,1060.0,1060.0,65,65
IFCI,20210316,1060.0,1060.0,1060.0,1060.0,982,820
IFCI,20210316,1610.0,1610.0,1610.0,1610.0,17037608,7671874
IFCI,20210316,1610.0,1610.0,1610.0,1610.0,36,36
IFCI,20210316,1610.0,1610.0,1610.0,1610.0,1273,1273
IFCI,20210316,1610.0,1610.0,1610.0,1610.0,65,65
IFCI,20210316,1610.0,1610.0,1610.0,1610.0,982,820
IFCI,20210316,1025.0,1050.0,1025.0,1049.05,17037608,7671874
IFCI,20210316,1025.0,1050.0,1025.0,1049.05,36,36
IFCI,20210316,1025.0,1050.0,1025.0,1049.05,1273,1273
IFCI,20210316,1025.0,1050.0,1025.0,1049.05,65,65
IFCI,20210316,1025.0,1050.0,1025.0,1049.05,982,820
IFGLEXPOR,20210316,267.0,307.05,260.4,288.95,1684954,624084
IGARASHI,20210316,314.45,323.0,312.0,313.4,192478,110349
IGL,20210316,508.15,512.9,502.05,507.6,1594560,781134
IGPL,20210316,502.8,502.8,477.0,480.8,47146,29383
IIFCL,20210316,1125.01,1200.0,1120.0,1122.2,1001,1000
IIFCL,20210316,1125.01,1200.0,1120.0,1122.2,40,40
IIFCL,20210316,1382.61,1382.61,1382.61,1382.61,1001,1000
IIFCL,20210316,1382.61,1382.61,1382.61,1382.61,40,40
IIFL,20210316,319.7,332.25,318.0,332.25,1249591,733201
IIFL,20210316,319.7,332.25,318.0,332.25,385,310
IIFL,20210316,319.7,332.25,318.0,332.25,620,620
IIFL,20210316,319.7,332.25,318.0,332.25,322,322
IIFL,20210316,319.7,332.25,318.0,332.25,5,5
IIFL,20210316,319.7,332.25,318.0,332.25,30,30
IIFL,20210316,319.7,332.25,318.0,332.25,570,570
IIFL,20210316,1182.0,1215.0,1182.0,1214.04,1249591,733201
IIFL,20210316,1182.0,1215.0,1182.0,1214.04,385,310
IIFL,20210316,1182.0,1215.0,1182.0,1214.04,620,620
IIFL,20210316,1182.0,1215.0,1182.0,1214.04,322,322
IIFL,20210316,1182.0,1215.0,1182.0,1214.04,5,5
IIFL,20210316,1182.0,1215.0,1182.0,1214.04,30,30
IIFL,20210316,1182.0,1215.0,1182.0,1214.04,570,570
IIFL,20210316,1018.0,1021.0,1018.0,1018.6,1249591,733201
IIFL,20210316,1018.0,1021.0,1018.0,1018.6,385,310
IIFL,20210316,1018.0,1021.0,1018.0,1018.6,620,620
IIFL,20210316,1018.0,1021.0,1018.0,1018.6,322,322
IIFL,20210316,1018.0,1021.0,1018.0,1018.6,5,5
IIFL,20210316,1018.0,1021.0,1018.0,1018.6,30,30
IIFL,20210316,1018.0,1021.0,1018.0,1018.6,570,570
IIFL,20210316,1020.0,1020.0,1020.0,1020.0,1249591,733201
IIFL,20210316,1020.0,1020.0,1020.0,1020.0,385,310
IIFL,20210316,1020.0,1020.0,1020.0,1020.0,620,620
IIFL,20210316,1020.0,1020.0,1020.0,1020.0,322,322
IIFL,20210316,1020.0,1020.0,1020.0,1020.0,5,5
IIFL,20210316,1020.0,1020.0,1020.0,1020.0,30,30
IIFL,20210316,1020.0,1020.0,1020.0,1020.0,570,570
IIFL,20210316,1020.0,1020.0,1020.0,1020.0,1249591,733201
IIFL,20210316,1020.0,1020.0,1020.0,1020.0,385,310
IIFL,20210316,1020.0,1020.0,1020.0,1020.0,620,620
IIFL,20210316,1020.0,1020.0,1020.0,1020.0,322,322
IIFL,20210316,1020.0,1020.0,1020.0,1020.0,5,5
IIFL,20210316,1020.0,1020.0,1020.0,1020.0,30,30
IIFL,20210316,1020.0,1020.0,1020.0,1020.0,570,570
IIFL,20210316,1024.3,1024.3,1024.3,1024.3,1249591,733201
IIFL,20210316,1024.3,1024.3,1024.3,1024.3,385,310
IIFL,20210316,1024.3,1024.3,1024.3,1024.3,620,620
IIFL,20210316,1024.3,1024.3,1024.3,1024.3,322,322
IIFL,20210316,1024.3,1024.3,1024.3,1024.3,5,5
IIFL,20210316,1024.3,1024.3,1024.3,1024.3,30,30
IIFL,20210316,1024.3,1024.3,1024.3,1024.3,570,570
IIFL,20210316,1000.0,1000.0,1000.0,1000.0,1249591,733201
IIFL,20210316,1000.0,1000.0,1000.0,1000.0,385,310
IIFL,20210316,1000.0,1000.0,1000.0,1000.0,620,620
IIFL,20210316,1000.0,1000.0,1000.0,1000.0,322,322
IIFL,20210316,1000.0,1000.0,1000.0,1000.0,5,5
IIFL,20210316,1000.0,1000.0,1000.0,1000.0,30,30
IIFL,20210316,1000.0,1000.0,1000.0,1000.0,570,570
IIFLSEC,20210316,53.3,55.65,53.15,53.8,657344,125974
IIFLWAM,20210316,1180.0,1186.85,1142.2,1161.3,7256,4500
IITL,20210316,61.45,61.45,58.4,58.95,504,440
IMFA,20210316,464.3,475.0,461.7,463.4,24661,14931
IMPAL,20210316,721.95,727.0,711.0,713.2,1786,1120
IMPEXFERRO,20210316,0.9,0.9,0.9,0.9,9711,8811
INDBANK,20210316,14.15,14.25,13.45,13.6,80163,58158
INDHOTEL,20210316,122.1,124.4,119.6,120.45,1878117,1069612
INDIACEM,20210316,169.0,172.0,167.6,170.3,2358237,400243
INDIAGLYCO,20210316,494.9,499.95,461.0,466.9,478767,189007
INDIAMART,20210316,8380.0,8468.45,8260.05,8421.85,102430,30874
INDIANB,20210316,127.0,128.0,124.0,124.6,1811574,524529
INDIANCARD,20210316,156.0,160.0,148.05,149.7,6049,2743
INDIANHUME,20210316,193.25,193.65,189.5,190.75,36729,20396
INDIGO,20210316,1646.0,1701.4,1635.1,1682.1,1126523,296598
INDIGOPNTS,20210316,2474.0,2492.85,2435.0,2443.9,71139,40685
INDIGRID,20210316,139.0,139.0,137.5,137.7,500094,489888
INDLMETER,20210316,15.65,16.25,15.65,16.1,3618,3529
INDNIPPON,20210316,384.0,396.1,374.0,390.6,23764,14350
INDOCO,20210316,299.2,299.2,286.0,287.3,96470,44940
INDORAMA,20210316,40.15,40.8,39.15,40.55,51491,40640
INDOSTAR,20210316,369.8,370.0,341.6,346.5,83687,31512
INDOTECH,20210316,97.95,101.4,97.95,100.6,10517,5049
INDRAMEDCO,20210316,53.0,55.0,52.8,53.75,298505,133522
INDSWFTLAB,20210316,90.0,90.0,84.15,86.5,359462,226888
INDUSINDBK,20210316,1045.0,1049.9,1028.0,1034.7,5161126,960663
INDUSTOWER,20210316,258.0,265.0,256.05,262.45,5451348,1772846
INEOSSTYRO,20210316,1012.9,1024.0,995.0,997.95,22313,15594
INFIBEAM,20210316,98.7,111.8,97.6,108.0,36570347,24220536
INFOBEAN,20210316,149.25,149.25,145.0,145.65,13765,9478
INFRABEES,20210316,437.8,439.54,432.5,435.52,942,703
INFY,20210316,1386.05,1406.0,1380.5,1384.0,9352771,5151968
INGERRAND,20210316,734.45,742.25,725.0,728.0,11855,6726
INNOVANA,20210316,83.0,84.4,83.0,84.4,2000,1000
INNOVATIVE,20210316,9.0,9.0,9.0,9.0,6000,6000
INOXLEISUR,20210316,320.3,333.0,320.3,331.35,640557,289198
INOXWIND,20210316,69.4,69.4,67.55,68.05,46053,33212
INSECTICID,20210316,446.05,449.0,439.9,441.2,17129,12216
INSPIRISYS,20210316,45.9,46.0,44.0,45.0,29940,18125
INTELLECT,20210316,529.0,627.0,529.0,614.9,4688811,984700
INTENTECH,20210316,34.4,34.5,33.15,33.65,46529,35481
INVENTURE,20210316,28.2,28.8,27.0,27.95,40668,34579
IOB,20210316,17.4,17.4,16.55,16.75,7674059,3184050
IOC,20210316,102.1,102.6,99.95,100.4,27527510,12246015
IOLCP,20210316,589.0,629.7,585.85,605.85,1189944,219315
IPCALAB,20210316,1919.8,1929.85,1910.8,1919.25,161538,101168
IRB,20210316,117.4,118.0,115.1,115.5,871734,317602
IRBINVIT,20210316,58.51,59.43,58.5,59.05,225000,182500
IRCON,20210316,85.3,87.7,84.8,86.65,3118280,1065768
IRCTC,20210316,1928.6,1939.7,1890.0,1904.05,2205067,538462
IREDA,20210316,1263.0,1263.0,1263.0,1263.0,10,10
IRFC,20210316,24.65,24.8,24.5,24.55,9649363,4506117
IRFC,20210316,24.65,24.8,24.5,24.55,378,377
IRFC,20210316,24.65,24.8,24.5,24.55,1225,1175
IRFC,20210316,24.65,24.8,24.5,24.55,1,1
IRFC,20210316,24.65,24.8,24.5,24.55,195,195
IRFC,20210316,24.65,24.8,24.5,24.55,2,1
IRFC,20210316,24.65,24.8,24.5,24.55,551,546
IRFC,20210316,24.65,24.8,24.5,24.55,28,28
IRFC,20210316,24.65,24.8,24.5,24.55,390,290
IRFC,20210316,24.65,24.8,24.5,24.55,4070,4020
IRFC,20210316,24.65,24.8,24.5,24.55,50,50
IRFC,20210316,1067.01,1071.0,1067.01,1070.48,9649363,4506117
IRFC,20210316,1067.01,1071.0,1067.01,1070.48,378,377
IRFC,20210316,1067.01,1071.0,1067.01,1070.48,1225,1175
IRFC,20210316,1067.01,1071.0,1067.01,1070.48,1,1
IRFC,20210316,1067.01,1071.0,1067.01,1070.48,195,195
IRFC,20210316,1067.01,1071.0,1067.01,1070.48,2,1
IRFC,20210316,1067.01,1071.0,1067.01,1070.48,551,546
IRFC,20210316,1067.01,1071.0,1067.01,1070.48,28,28
IRFC,20210316,1067.01,1071.0,1067.01,1070.48,390,290
IRFC,20210316,1067.01,1071.0,1067.01,1070.48,4070,4020
IRFC,20210316,1067.01,1071.0,1067.01,1070.48,50,50
IRFC,20210316,1210.0,1210.0,1203.0,1204.75,9649363,4506117
IRFC,20210316,1210.0,1210.0,1203.0,1204.75,378,377
IRFC,20210316,1210.0,1210.0,1203.0,1204.75,1225,1175
IRFC,20210316,1210.0,1210.0,1203.0,1204.75,1,1
IRFC,20210316,1210.0,1210.0,1203.0,1204.75,195,195
IRFC,20210316,1210.0,1210.0,1203.0,1204.75,2,1
IRFC,20210316,1210.0,1210.0,1203.0,1204.75,551,546
IRFC,20210316,1210.0,1210.0,1203.0,1204.75,28,28
IRFC,20210316,1210.0,1210.0,1203.0,1204.75,390,290
IRFC,20210316,1210.0,1210.0,1203.0,1204.75,4070,4020
IRFC,20210316,1210.0,1210.0,1203.0,1204.75,50,50
IRFC,20210316,1224.9,1224.9,1224.9,1224.9,9649363,4506117
IRFC,20210316,1224.9,1224.9,1224.9,1224.9,378,377
IRFC,20210316,1224.9,1224.9,1224.9,1224.9,1225,1175
IRFC,20210316,1224.9,1224.9,1224.9,1224.9,1,1
IRFC,20210316,1224.9,1224.9,1224.9,1224.9,195,195
IRFC,20210316,1224.9,1224.9,1224.9,1224.9,2,1
IRFC,20210316,1224.9,1224.9,1224.9,1224.9,551,546
IRFC,20210316,1224.9,1224.9,1224.9,1224.9,28,28
IRFC,20210316,1224.9,1224.9,1224.9,1224.9,390,290
IRFC,20210316,1224.9,1224.9,1224.9,1224.9,4070,4020
IRFC,20210316,1224.9,1224.9,1224.9,1224.9,50,50
IRFC,20210316,1255.0,1255.0,1253.9,1253.9,9649363,4506117
IRFC,20210316,1255.0,1255.0,1253.9,1253.9,378,377
IRFC,20210316,1255.0,1255.0,1253.9,1253.9,1225,1175
IRFC,20210316,1255.0,1255.0,1253.9,1253.9,1,1
IRFC,20210316,1255.0,1255.0,1253.9,1253.9,195,195
IRFC,20210316,1255.0,1255.0,1253.9,1253.9,2,1
IRFC,20210316,1255.0,1255.0,1253.9,1253.9,551,546
IRFC,20210316,1255.0,1255.0,1253.9,1253.9,28,28
IRFC,20210316,1255.0,1255.0,1253.9,1253.9,390,290
IRFC,20210316,1255.0,1255.0,1253.9,1253.9,4070,4020
IRFC,20210316,1255.0,1255.0,1253.9,1253.9,50,50
IRFC,20210316,1367.0,1367.0,1364.0,1364.0,9649363,4506117
IRFC,20210316,1367.0,1367.0,1364.0,1364.0,378,377
IRFC,20210316,1367.0,1367.0,1364.0,1364.0,1225,1175
IRFC,20210316,1367.0,1367.0,1364.0,1364.0,1,1
IRFC,20210316,1367.0,1367.0,1364.0,1364.0,195,195
IRFC,20210316,1367.0,1367.0,1364.0,1364.0,2,1
IRFC,20210316,1367.0,1367.0,1364.0,1364.0,551,546
IRFC,20210316,1367.0,1367.0,1364.0,1364.0,28,28
IRFC,20210316,1367.0,1367.0,1364.0,1364.0,390,290
IRFC,20210316,1367.0,1367.0,1364.0,1364.0,4070,4020
IRFC,20210316,1367.0,1367.0,1364.0,1364.0,50,50
IRFC,20210316,1414.95,1414.95,1389.99,1397.99,9649363,4506117
IRFC,20210316,1414.95,1414.95,1389.99,1397.99,378,377
IRFC,20210316,1414.95,1414.95,1389.99,1397.99,1225,1175
IRFC,20210316,1414.95,1414.95,1389.99,1397.99,1,1
IRFC,20210316,1414.95,1414.95,1389.99,1397.99,195,195
IRFC,20210316,1414.95,1414.95,1389.99,1397.99,2,1
IRFC,20210316,1414.95,1414.95,1389.99,1397.99,551,546
IRFC,20210316,1414.95,1414.95,1389.99,1397.99,28,28
IRFC,20210316,1414.95,1414.95,1389.99,1397.99,390,290
IRFC,20210316,1414.95,1414.95,1389.99,1397.99,4070,4020
IRFC,20210316,1414.95,1414.95,1389.99,1397.99,50,50
IRFC,20210316,1349.99,1349.99,1349.99,1349.99,9649363,4506117
IRFC,20210316,1349.99,1349.99,1349.99,1349.99,378,377
IRFC,20210316,1349.99,1349.99,1349.99,1349.99,1225,1175
IRFC,20210316,1349.99,1349.99,1349.99,1349.99,1,1
IRFC,20210316,1349.99,1349.99,1349.99,1349.99,195,195
IRFC,20210316,1349.99,1349.99,1349.99,1349.99,2,1
IRFC,20210316,1349.99,1349.99,1349.99,1349.99,551,546
IRFC,20210316,1349.99,1349.99,1349.99,1349.99,28,28
IRFC,20210316,1349.99,1349.99,1349.99,1349.99,390,290
IRFC,20210316,1349.99,1349.99,1349.99,1349.99,4070,4020
IRFC,20210316,1349.99,1349.99,1349.99,1349.99,50,50
IRFC,20210316,1230.1,1231.0,1226.55,1231.0,9649363,4506117
IRFC,20210316,1230.1,1231.0,1226.55,1231.0,378,377
IRFC,20210316,1230.1,1231.0,1226.55,1231.0,1225,1175
IRFC,20210316,1230.1,1231.0,1226.55,1231.0,1,1
IRFC,20210316,1230.1,1231.0,1226.55,1231.0,195,195
IRFC,20210316,1230.1,1231.0,1226.55,1231.0,2,1
IRFC,20210316,1230.1,1231.0,1226.55,1231.0,551,546
IRFC,20210316,1230.1,1231.0,1226.55,1231.0,28,28
IRFC,20210316,1230.1,1231.0,1226.55,1231.0,390,290
IRFC,20210316,1230.1,1231.0,1226.55,1231.0,4070,4020
IRFC,20210316,1230.1,1231.0,1226.55,1231.0,50,50
IRFC,20210316,1330.0,1330.1,1323.0,1323.0,9649363,4506117
IRFC,20210316,1330.0,1330.1,1323.0,1323.0,378,377
IRFC,20210316,1330.0,1330.1,1323.0,1323.0,1225,1175
IRFC,20210316,1330.0,1330.1,1323.0,1323.0,1,1
IRFC,20210316,1330.0,1330.1,1323.0,1323.0,195,195
IRFC,20210316,1330.0,1330.1,1323.0,1323.0,2,1
IRFC,20210316,1330.0,1330.1,1323.0,1323.0,551,546
IRFC,20210316,1330.0,1330.1,1323.0,1323.0,28,28
IRFC,20210316,1330.0,1330.1,1323.0,1323.0,390,290
IRFC,20210316,1330.0,1330.1,1323.0,1323.0,4070,4020
IRFC,20210316,1330.0,1330.1,1323.0,1323.0,50,50
IRFC,20210316,1119.11,1119.11,1119.11,1119.11,9649363,4506117
IRFC,20210316,1119.11,1119.11,1119.11,1119.11,378,377
IRFC,20210316,1119.11,1119.11,1119.11,1119.11,1225,1175
IRFC,20210316,1119.11,1119.11,1119.11,1119.11,1,1
IRFC,20210316,1119.11,1119.11,1119.11,1119.11,195,195
IRFC,20210316,1119.11,1119.11,1119.11,1119.11,2,1
IRFC,20210316,1119.11,1119.11,1119.11,1119.11,551,546
IRFC,20210316,1119.11,1119.11,1119.11,1119.11,28,28
IRFC,20210316,1119.11,1119.11,1119.11,1119.11,390,290
IRFC,20210316,1119.11,1119.11,1119.11,1119.11,4070,4020
IRFC,20210316,1119.11,1119.11,1119.11,1119.11,50,50
IRISDOREME,20210316,90.6,97.7,89.8,91.65,23116,15759
ISEC,20210316,414.0,422.7,411.5,414.4,424060,197693
ISFT,20210316,73.0,74.2,71.3,73.8,46184,37131
ISMTLTD,20210316,11.2,11.25,10.75,10.8,110614,97101
ITC,20210316,206.4,208.9,204.95,207.85,48763187,30295783
ITDC,20210316,424.0,432.75,406.55,411.25,563718,89206
ITDCEM,20210316,86.2,88.95,83.8,87.8,761428,298653
ITI,20210316,128.65,131.35,127.75,128.45,779543,174866
IVC,20210316,4.4,4.5,4.35,4.35,95739,64332
IVZINGOLD,20210316,4114.0,4114.0,4050.0,4063.0,181,163
IZMO,20210316,52.55,55.1,52.05,55.1,30874,18254
J&KBANK,20210316,28.75,28.8,28.3,28.35,1390113,816845
JAGRAN,20210316,58.0,60.75,57.2,60.1,1412862,669590
JAGSNPHARM,20210316,87.4,92.7,86.7,88.65,384142,47531
JAICORPLTD,20210316,96.3,97.4,94.5,95.35,1777087,228390
JALAN,20210316,3.7,3.7,3.7,3.7,9000,9000
JAMNAAUTO,20210316,72.1,74.95,71.5,72.25,1913339,737281
JASH,20210316,282.5,284.95,280.0,280.15,2430,1504
JAYAGROGN,20210316,140.4,158.0,137.4,152.4,133793,64697
JAYBARMARU,20210316,240.1,246.9,240.1,244.15,15370,7270
JAYNECOIND,20210316,12.85,12.95,12.25,12.65,789606,483065
JAYSREETEA,20210316,74.45,76.55,73.65,74.15,315462,62598
JBCHEPHARM,20210316,1215.0,1218.45,1195.25,1198.35,32319,19351
JBFIND,20210316,10.85,11.5,10.35,10.55,399304,344302
JBMA,20210316,456.6,474.8,455.55,459.75,47792,24396
JCHAC,20210316,2700.0,2749.0,2623.0,2708.85,23133,11881
JINDALPHOT,20210316,50.5,50.5,50.5,50.5,2557,2557
JINDALPOLY,20210316,925.0,927.8,868.65,868.65,116680,69298
JINDALSAW,20210316,79.95,81.2,78.3,78.75,1296411,423334
JINDALSTEL,20210316,328.0,328.9,320.0,323.55,4796079,651877
JINDRILL,20210316,98.95,100.1,95.65,99.85,48578,34223
JINDWORLD,20210316,52.3,53.0,51.05,51.9,200212,19076
JISLJALEQS,20210316,21.6,23.15,21.6,22.35,3815802,1900556
JKCEMENT,20210316,2960.0,2960.0,2841.0,2849.1,48878,23316
JKIL,20210316,196.95,198.35,192.0,194.3,59494,33868
JKLAKSHMI,20210316,425.35,431.0,420.15,425.5,116819,53725
JKPAPER,20210316,163.8,165.9,158.0,159.9,3941675,1112662
JKTYRE,20210316,122.3,122.6,118.7,119.0,2242266,1114365
JMA,20210316,34.5,34.5,32.65,33.25,1957,1500
JMCPROJECT,20210316,79.5,83.5,78.35,79.2,367743,115411
JMFINANCIL,20210316,97.6,100.7,96.35,97.6,3411607,862407
JNPT,20210316,1051.0,1100.0,1051.0,1100.0,6,5
JOCIL,20210316,157.85,159.95,154.0,154.1,10149,8109
JPASSOCIAT,20210316,8.25,8.25,7.85,7.85,9425105,6674966
JPINFRATEC,20210316,1.8,1.85,1.75,1.75,1904161,1327506
JPPOWER,20210316,2.75,2.8,2.7,2.7,14204412,5042458
JSL,20210316,70.85,71.35,69.1,69.35,526356,289099
JSLHISAR,20210316,122.0,122.0,118.5,119.25,179199,99382
JSWENERGY,20210316,85.95,88.85,84.15,85.85,8836563,2969741
JSWHL,20210316,3650.15,3740.0,3620.0,3653.05,1221,223
JSWISPL,20210316,25.7,26.05,24.9,25.05,395423,269790
JSWSTEEL,20210316,433.95,433.95,419.35,425.95,8103798,1331497
JTEKTINDIA,20210316,91.85,92.35,90.15,91.35,249093,129304
JUBLFOOD,20210316,2962.9,2994.7,2912.6,2947.65,655243,203314
JUBLINDS,20210316,203.95,206.35,198.0,199.4,35535,20768
JUBLPHARMA,20210316,759.0,767.85,752.5,759.4,94971,61616
JUMPNET,20210316,11.2,11.2,11.2,11.2,47332,47330
JUNIORBEES,20210316,372.0,372.0,355.81,362.29,26985,14612
JUSTDIAL,20210316,935.0,944.9,893.0,902.0,1160269,305346
JYOTHYLAB,20210316,147.85,148.25,146.1,146.7,101814,57795
KABRAEXTRU,20210316,174.0,179.7,165.45,170.45,285287,137757
KAJARIACER,20210316,983.35,984.0,952.6,962.2,148613,70899
KAKATCEM,20210316,181.5,186.85,177.1,177.85,11482,7499
KALPATPOWR,20210316,396.0,397.3,388.9,389.85,71962,36408
KAMATHOTEL,20210316,34.25,34.6,34.0,34.25,35541,20229
KAMDHENU,20210316,142.0,159.7,137.05,150.2,584912,227592
KANANIIND,20210316,4.8,4.8,4.5,4.7,22232,16022
KANPRPLA,20210316,157.9,157.9,147.05,148.75,18443,12878
KANSAINER,20210316,565.0,570.55,543.8,551.9,373247,249879
KARDA,20210316,113.0,118.25,111.0,112.95,397948,373164
KARURVYSYA,20210316,61.0,61.4,58.9,59.55,1607552,868099
KAUSHALYA,20210316,1.85,1.95,1.85,1.95,18515,16924
KAYA,20210316,309.65,311.0,305.7,309.35,10000,5441
KCP,20210316,82.4,84.9,80.85,83.25,783671,316379
KCPSUGIND,20210316,15.85,16.1,15.6,15.9,185649,108668
KDDL,20210316,280.75,291.95,271.35,274.05,2401,1250
KEC,20210316,459.6,472.0,454.1,459.0,393537,107215
KECL,20210316,13.95,14.25,13.5,13.85,65790,46267
KEERTI,20210316,27.3,27.9,24.9,25.0,188260,82754
KEI,20210316,494.95,524.7,487.2,516.9,487120,166083
KELLTONTEC,20210316,68.25,68.5,61.65,63.7,1703785,852414
KENNAMET,20210316,1113.35,1134.25,1100.1,1116.7,1636,1090
KESORAMIND,20210316,81.7,83.9,79.2,80.45,2235246,580789
KEYFINSERV,20210316,62.05,65.2,62.0,62.6,1471,1303
KHADIM,20210316,167.9,171.0,164.0,166.8,74289,38482
KHAICHEM,20210316,24.5,24.75,23.2,23.45,229874,129665
KHANDSE,20210316,13.3,14.3,13.0,14.2,7386,5432
KHFM,20210316,37.9,37.9,37.9,37.9,3000,3000
KICL,20210316,1587.55,1587.55,1540.0,1555.0,483,359
KILITCH,20210316,80.75,87.8,80.05,87.2,32822,19036
KINGFA,20210316,678.05,678.05,659.15,666.0,10682,2119
KIOCL,20210316,157.3,161.85,151.5,159.3,137664,36510
KIRIINDUS,20210316,482.0,484.9,467.0,468.6,103259,45643
KIRLFER,20210316,157.0,164.2,156.95,161.2,98019,54889
KIRLOSBROS,20210316,208.1,214.55,198.0,204.9,285575,113268
KIRLOSENG,20210316,162.95,177.5,162.95,175.85,810147,422063
KIRLOSIND,20210316,1240.0,1299.25,1240.0,1267.85,1847,695
KITEX,20210316,108.85,108.85,106.8,107.0,121616,76719
KKCL,20210316,945.4,961.25,930.55,953.1,4133,924
KMSUGAR,20210316,12.4,12.45,12.05,12.1,107872,74273
KNRCON,20210316,209.7,210.8,206.0,207.1,343931,179335
KOKUYOCMLN,20210316,61.9,62.95,61.4,61.85,154275,70633
KOLTEPATIL,20210316,243.1,246.3,237.5,239.35,39178,17417
KOPRAN,20210316,109.8,109.8,105.0,105.4,309776,182442
KOTAKBANK,20210316,1925.1,1941.7,1900.0,1903.2,2769224,1345123
KOTAKBKETF,20210316,376.7,376.7,348.39,351.35,259791,210018
KOTAKGOLD,20210316,393.95,394.2,391.25,393.05,83971,68005
KOTAKIT,20210316,26.9,26.9,26.03,26.31,20496,18172
KOTAKNIFTY,20210316,156.95,157.59,155.71,156.0,15025,10522
KOTAKNV20,20210316,79.99,80.0,79.0,79.05,2391,1493
KOTAKPSUBK,20210316,227.5,228.51,224.11,225.01,13115,7187
KOTARISUG,20210316,23.0,23.45,22.8,23.1,19579,13754
KOTHARIPET,20210316,27.55,27.85,26.75,27.05,31438,19240
KOTHARIPRO,20210316,70.3,70.45,69.05,69.6,3114,2196
KPITTECH,20210316,153.7,166.4,153.4,161.35,3063018,1069804
KPRMILL,20210316,1111.0,1140.0,1080.0,1092.45,57489,22831
KRBL,20210316,190.4,191.0,187.4,187.9,324130,167052
KREBSBIO,20210316,100.35,103.5,100.2,101.6,6842,5263
KRIDHANINF,20210316,4.25,4.25,4.25,4.25,30763,30763
KRISHANA,20210316,74.35,79.0,70.3,76.05,2793,1589
KSB,20210316,800.0,804.8,792.15,797.7,8274,3992
KSCL,20210316,519.9,522.0,510.45,511.75,73005,38054
KSL,20210316,317.65,321.25,317.05,318.25,51675,33659
KSOLVES,20210316,701.0,701.0,674.0,674.0,600,300
KTKBANK,20210316,66.6,66.8,65.5,65.8,1218975,326582
KUANTUM,20210316,75.95,82.0,65.25,74.9,192663,64788
L&TFH,20210316,104.0,106.2,103.05,105.7,14687728,2344664
L&TFINANCE,20210316,1015.0,1015.0,1015.0,1015.0,105,105
L&TFINANCE,20210316,1015.0,1015.0,1015.0,1015.0,518,518
L&TFINANCE,20210316,1015.0,1015.0,1015.0,1015.0,638,510
L&TFINANCE,20210316,1015.0,1015.0,1015.0,1015.0,30,25
L&TFINANCE,20210316,1015.0,1015.0,1015.0,1015.0,35,35
L&TFINANCE,20210316,1015.0,1015.0,1015.0,1015.0,1210,10
L&TFINANCE,20210316,1015.0,1015.0,1015.0,1015.0,336,336
L&TFINANCE,20210316,1015.0,1015.0,1015.0,1015.0,126,96
L&TFINANCE,20210316,1015.0,1015.0,1015.0,1015.0,10,10
L&TFINANCE,20210316,1015.0,1015.0,1015.0,1015.0,387,387
L&TFINANCE,20210316,1015.0,1015.0,1015.0,1015.0,1,1
L&TFINANCE,20210316,1085.0,1095.0,1084.99,1092.45,105,105
L&TFINANCE,20210316,1085.0,1095.0,1084.99,1092.45,518,518
L&TFINANCE,20210316,1085.0,1095.0,1084.99,1092.45,638,510
L&TFINANCE,20210316,1085.0,1095.0,1084.99,1092.45,30,25
L&TFINANCE,20210316,1085.0,1095.0,1084.99,1092.45,35,35
L&TFINANCE,20210316,1085.0,1095.0,1084.99,1092.45,1210,10
L&TFINANCE,20210316,1085.0,1095.0,1084.99,1092.45,336,336
L&TFINANCE,20210316,1085.0,1095.0,1084.99,1092.45,126,96
L&TFINANCE,20210316,1085.0,1095.0,1084.99,1092.45,10,10
L&TFINANCE,20210316,1085.0,1095.0,1084.99,1092.45,387,387
L&TFINANCE,20210316,1085.0,1095.0,1084.99,1092.45,1,1
L&TFINANCE,20210316,1130.02,1138.0,1127.03,1131.39,105,105
L&TFINANCE,20210316,1130.02,1138.0,1127.03,1131.39,518,518
L&TFINANCE,20210316,1130.02,1138.0,1127.03,1131.39,638,510
L&TFINANCE,20210316,1130.02,1138.0,1127.03,1131.39,30,25
L&TFINANCE,20210316,1130.02,1138.0,1127.03,1131.39,35,35
L&TFINANCE,20210316,1130.02,1138.0,1127.03,1131.39,1210,10
L&TFINANCE,20210316,1130.02,1138.0,1127.03,1131.39,336,336
L&TFINANCE,20210316,1130.02,1138.0,1127.03,1131.39,126,96
L&TFINANCE,20210316,1130.02,1138.0,1127.03,1131.39,10,10
L&TFINANCE,20210316,1130.02,1138.0,1127.03,1131.39,387,387
L&TFINANCE,20210316,1130.02,1138.0,1127.03,1131.39,1,1
L&TFINANCE,20210316,1131.0,1131.0,1128.0,1128.0,105,105
L&TFINANCE,20210316,1131.0,1131.0,1128.0,1128.0,518,518
L&TFINANCE,20210316,1131.0,1131.0,1128.0,1128.0,638,510
L&TFINANCE,20210316,1131.0,1131.0,1128.0,1128.0,30,25
L&TFINANCE,20210316,1131.0,1131.0,1128.0,1128.0,35,35
L&TFINANCE,20210316,1131.0,1131.0,1128.0,1128.0,1210,10
L&TFINANCE,20210316,1131.0,1131.0,1128.0,1128.0,336,336
L&TFINANCE,20210316,1131.0,1131.0,1128.0,1128.0,126,96
L&TFINANCE,20210316,1131.0,1131.0,1128.0,1128.0,10,10
L&TFINANCE,20210316,1131.0,1131.0,1128.0,1128.0,387,387
L&TFINANCE,20210316,1131.0,1131.0,1128.0,1128.0,1,1
L&TFINANCE,20210316,1040.0,1040.0,1040.0,1040.0,105,105
L&TFINANCE,20210316,1040.0,1040.0,1040.0,1040.0,518,518
L&TFINANCE,20210316,1040.0,1040.0,1040.0,1040.0,638,510
L&TFINANCE,20210316,1040.0,1040.0,1040.0,1040.0,30,25
L&TFINANCE,20210316,1040.0,1040.0,1040.0,1040.0,35,35
L&TFINANCE,20210316,1040.0,1040.0,1040.0,1040.0,1210,10
L&TFINANCE,20210316,1040.0,1040.0,1040.0,1040.0,336,336
L&TFINANCE,20210316,1040.0,1040.0,1040.0,1040.0,126,96
L&TFINANCE,20210316,1040.0,1040.0,1040.0,1040.0,10,10
L&TFINANCE,20210316,1040.0,1040.0,1040.0,1040.0,387,387
L&TFINANCE,20210316,1040.0,1040.0,1040.0,1040.0,1,1
L&TFINANCE,20210316,1115.0,1181.0,1115.0,1180.0,105,105
L&TFINANCE,20210316,1115.0,1181.0,1115.0,1180.0,518,518
L&TFINANCE,20210316,1115.0,1181.0,1115.0,1180.0,638,510
L&TFINANCE,20210316,1115.0,1181.0,1115.0,1180.0,30,25
L&TFINANCE,20210316,1115.0,1181.0,1115.0,1180.0,35,35
L&TFINANCE,20210316,1115.0,1181.0,1115.0,1180.0,1210,10
L&TFINANCE,20210316,1115.0,1181.0,1115.0,1180.0,336,336
L&TFINANCE,20210316,1115.0,1181.0,1115.0,1180.0,126,96
L&TFINANCE,20210316,1115.0,1181.0,1115.0,1180.0,10,10
L&TFINANCE,20210316,1115.0,1181.0,1115.0,1180.0,387,387
L&TFINANCE,20210316,1115.0,1181.0,1115.0,1180.0,1,1
L&TFINANCE,20210316,1055.0,1056.1,1052.0,1056.1,105,105
L&TFINANCE,20210316,1055.0,1056.1,1052.0,1056.1,518,518
L&TFINANCE,20210316,1055.0,1056.1,1052.0,1056.1,638,510
L&TFINANCE,20210316,1055.0,1056.1,1052.0,1056.1,30,25
L&TFINANCE,20210316,1055.0,1056.1,1052.0,1056.1,35,35
L&TFINANCE,20210316,1055.0,1056.1,1052.0,1056.1,1210,10
L&TFINANCE,20210316,1055.0,1056.1,1052.0,1056.1,336,336
L&TFINANCE,20210316,1055.0,1056.1,1052.0,1056.1,126,96
L&TFINANCE,20210316,1055.0,1056.1,1052.0,1056.1,10,10
L&TFINANCE,20210316,1055.0,1056.1,1052.0,1056.1,387,387
L&TFINANCE,20210316,1055.0,1056.1,1052.0,1056.1,1,1
L&TFINANCE,20210316,1035.0,1035.0,1031.0,1031.0,105,105
L&TFINANCE,20210316,1035.0,1035.0,1031.0,1031.0,518,518
L&TFINANCE,20210316,1035.0,1035.0,1031.0,1031.0,638,510
L&TFINANCE,20210316,1035.0,1035.0,1031.0,1031.0,30,25
L&TFINANCE,20210316,1035.0,1035.0,1031.0,1031.0,35,35
L&TFINANCE,20210316,1035.0,1035.0,1031.0,1031.0,1210,10
L&TFINANCE,20210316,1035.0,1035.0,1031.0,1031.0,336,336
L&TFINANCE,20210316,1035.0,1035.0,1031.0,1031.0,126,96
L&TFINANCE,20210316,1035.0,1035.0,1031.0,1031.0,10,10
L&TFINANCE,20210316,1035.0,1035.0,1031.0,1031.0,387,387
L&TFINANCE,20210316,1035.0,1035.0,1031.0,1031.0,1,1
L&TFINANCE,20210316,1199.0,1199.0,1199.0,1199.0,105,105
L&TFINANCE,20210316,1199.0,1199.0,1199.0,1199.0,518,518
L&TFINANCE,20210316,1199.0,1199.0,1199.0,1199.0,638,510
L&TFINANCE,20210316,1199.0,1199.0,1199.0,1199.0,30,25
L&TFINANCE,20210316,1199.0,1199.0,1199.0,1199.0,35,35
L&TFINANCE,20210316,1199.0,1199.0,1199.0,1199.0,1210,10
L&TFINANCE,20210316,1199.0,1199.0,1199.0,1199.0,336,336
L&TFINANCE,20210316,1199.0,1199.0,1199.0,1199.0,126,96
L&TFINANCE,20210316,1199.0,1199.0,1199.0,1199.0,10,10
L&TFINANCE,20210316,1199.0,1199.0,1199.0,1199.0,387,387
L&TFINANCE,20210316,1199.0,1199.0,1199.0,1199.0,1,1
L&TFINANCE,20210316,1061.55,1068.9,1061.0,1061.0,105,105
L&TFINANCE,20210316,1061.55,1068.9,1061.0,1061.0,518,518
L&TFINANCE,20210316,1061.55,1068.9,1061.0,1061.0,638,510
L&TFINANCE,20210316,1061.55,1068.9,1061.0,1061.0,30,25
L&TFINANCE,20210316,1061.55,1068.9,1061.0,1061.0,35,35
L&TFINANCE,20210316,1061.55,1068.9,1061.0,1061.0,1210,10
L&TFINANCE,20210316,1061.55,1068.9,1061.0,1061.0,336,336
L&TFINANCE,20210316,1061.55,1068.9,1061.0,1061.0,126,96
L&TFINANCE,20210316,1061.55,1068.9,1061.0,1061.0,10,10
L&TFINANCE,20210316,1061.55,1068.9,1061.0,1061.0,387,387
L&TFINANCE,20210316,1061.55,1068.9,1061.0,1061.0,1,1
L&TFINANCE,20210316,1080.0,1080.0,1080.0,1080.0,105,105
L&TFINANCE,20210316,1080.0,1080.0,1080.0,1080.0,518,518
L&TFINANCE,20210316,1080.0,1080.0,1080.0,1080.0,638,510
L&TFINANCE,20210316,1080.0,1080.0,1080.0,1080.0,30,25
L&TFINANCE,20210316,1080.0,1080.0,1080.0,1080.0,35,35
L&TFINANCE,20210316,1080.0,1080.0,1080.0,1080.0,1210,10
L&TFINANCE,20210316,1080.0,1080.0,1080.0,1080.0,336,336
L&TFINANCE,20210316,1080.0,1080.0,1080.0,1080.0,126,96
L&TFINANCE,20210316,1080.0,1080.0,1080.0,1080.0,10,10
L&TFINANCE,20210316,1080.0,1080.0,1080.0,1080.0,387,387
L&TFINANCE,20210316,1080.0,1080.0,1080.0,1080.0,1,1
LAGNAM,20210316,13.3,14.6,13.3,14.6,6000,6000
LALPATHLAB,20210316,2432.0,2550.0,2429.4,2526.45,723060,201498
LAMBODHARA,20210316,60.6,62.3,60.5,60.95,37902,21178
LAOPALA,20210316,221.4,223.75,214.2,216.5,155512,119564
LASA,20210316,67.0,67.65,65.3,65.65,72235,40838
LATTEYS,20210316,47.3,49.35,47.3,49.35,6000,6000
LAURUSLABS,20210316,358.7,363.5,354.05,361.0,1701833,684035
LAXMICOT,20210316,9.6,9.6,9.6,9.6,6000,6000
LAXMIMACH,20210316,7650.0,7860.0,7600.0,7757.6,32178,18282
LEMONTREE,20210316,40.1,40.4,39.3,39.5,1180764,767442
LFIC,20210316,80.0,85.0,71.5,81.95,2437,1783
LGBBROSLTD,20210316,332.35,335.0,319.05,321.45,63792,34525
LGHL,20210316,18.05,18.05,18.05,18.05,8000,8000
LIBERTSHOE,20210316,138.5,141.7,138.1,138.75,67934,19999
LICHSGFIN,20210316,422.5,434.0,421.0,430.05,3447788,832649
LICNETFGSC,20210316,21.58,21.61,21.0,21.22,21826,15160
LICNETFN50,20210316,158.0,161.45,157.23,158.11,184,120
LICNETFSEN,20210316,531.75,555.0,531.75,542.33,427,110
LICNFNHGP,20210316,160.0,160.0,151.76,153.45,1227,597
LIKHITHA,20210316,308.8,318.0,308.8,310.95,98865,45383
LINCOLN,20210316,243.75,245.7,237.0,238.0,62142,31976
LINCPEN,20210316,162.25,162.25,158.55,159.35,25575,24541
LINDEINDIA,20210316,1873.0,1897.0,1800.0,1813.95,89211,54597
LIQUIDBEES,20210316,1000.0,1000.88,999.28,1000.0,785428,519334
LIQUIDETF,20210316,1000.04,1000.04,999.99,1000.0,7678,4672
LOTUSEYE,20210316,49.45,54.95,47.0,47.95,1002683,333786
LOVABLE,20210316,92.3,94.2,90.8,91.05,30539,15288
LT,20210316,1488.3,1497.0,1457.0,1461.8,3233903,1490037
LTI,20210316,4120.0,4198.0,4073.0,4115.95,361187,144946
LTMFEOFR,20210316,13.35,13.35,13.35,13.35,2490,2490
LTTS,20210316,2758.55,2858.15,2752.0,2780.9,429895,123997
LUMAXIND,20210316,1664.25,1689.0,1646.25,1649.95,3719,2463
LUMAXTECH,20210316,160.0,160.0,156.05,157.2,41940,18860
LUPIN,20210316,1065.05,1066.95,1041.8,1053.65,1459172,433589
LUXIND,20210316,1725.3,1750.0,1705.0,1712.0,40861,12507
LYPSAGEMS,20210316,5.2,5.25,5.0,5.25,19111,16766
M&M,20210316,852.0,856.5,840.0,842.85,2996797,1204064
M&MFIN,20210316,208.0,212.1,204.8,210.95,5229222,817381
M&MFIN,20210316,208.0,212.1,204.8,210.95,100,100
M&MFIN,20210316,1120.0,1139.0,1120.0,1139.0,5229222,817381
M&MFIN,20210316,1120.0,1139.0,1120.0,1139.0,100,100
M100,20210316,25.2,25.39,24.91,25.19,86756,64849
M14RG,20210316,9.45,10.0,9.45,10.0,4000,2000
M15RG,20210316,9.1,9.49,9.1,9.49,2040,1040
M50,20210316,148.9,148.9,144.0,145.6,6218,5744
MAANALU,20210316,152.5,155.6,150.35,152.85,32097,22203
MADHAV,20210316,54.0,57.15,53.3,54.75,119510,46817
MAESGETF,20210316,24.72,25.49,24.72,25.25,185966,181594
MAGADSUGAR,20210316,115.0,116.75,110.0,111.25,14297,11443
MAGMA,20210316,126.4,130.0,122.0,127.0,1321507,818332
MAHABANK,20210316,22.25,22.3,20.8,21.4,6933089,3353792
MAHASTEEL,20210316,85.7,85.7,82.0,83.0,8087,4938
MAHEPC,20210316,155.2,158.0,153.05,153.95,78540,37880
MAHESHWARI,20210316,82.9,84.85,82.0,82.85,8149,6011
MAHICKRA,20210316,79.75,79.75,79.25,79.4,4500,4500
MAHINDCIE,20210316,175.5,176.45,173.6,174.6,101711,41791
MAHLIFE,20210316,557.5,560.65,545.0,550.6,25522,14444
MAHLOG,20210316,581.85,609.6,575.2,604.85,173073,79828
MAHSCOOTER,20210316,3613.0,3690.0,3613.0,3661.1,16178,13918
MAHSEAMLES,20210316,283.4,285.4,281.2,282.1,39599,23934
MAITHANALL,20210316,586.65,597.0,581.35,585.3,38506,15983
MALUPAPER,20210316,28.6,30.55,28.6,29.3,191642,73866
MAN50ETF,20210316,150.05,153.94,149.5,152.53,29804,27993
MANAKALUCO,20210316,10.0,10.1,9.3,9.35,19054,14377
MANAKCOAT,20210316,15.6,16.15,14.8,14.85,87397,62500
MANAKSIA,20210316,54.65,55.4,53.75,55.05,90376,75256
MANAKSTEEL,20210316,22.5,22.6,21.7,21.8,68539,61062
MANALIPETC,20210316,66.6,67.9,64.9,65.15,1148726,537977
MANAPPURAM,20210316,161.4,164.5,159.5,163.9,5792378,1123172
MANAV,20210316,4.9,4.9,4.9,4.9,4000,4000
MANGALAM,20210316,112.05,112.25,109.0,109.1,27440,15570
MANGCHEFER,20210316,82.1,83.2,80.75,82.05,476523,256295
MANGLMCEM,20210316,277.15,281.0,272.0,275.0,18162,10189
MANGTIMBER,20210316,12.15,12.25,11.8,12.25,37764,34697
MANINDS,20210316,82.0,84.9,82.0,83.45,250698,116239
MANINFRA,20210316,43.6,45.2,42.85,44.05,1607676,655021
MANUGRAPH,20210316,14.3,14.95,14.05,14.05,33307,28332
MANXT50,20210316,346.21,346.75,344.5,346.72,2405,2402
MARATHON,20210316,72.55,74.7,71.85,73.05,229828,214036
MARICO,20210316,392.5,396.6,390.2,394.85,2210581,1281416
MARINE,20210316,63.5,67.45,61.8,67.3,421045,321161
MARKSANS,20210316,57.85,58.7,56.85,57.2,1871437,649001
MARSHALL,20210316,11.7,11.7,11.65,11.65,12000,12000
MARUTI,20210316,7100.0,7200.0,7100.0,7150.3,796357,333378
MASFIN,20210316,871.25,889.45,855.85,862.4,9610,5054
MASTEK,20210316,1201.0,1318.8,1181.7,1298.05,823328,256721
MATRIMONY,20210316,1100.0,1140.0,1052.2,1062.3,55097,24160
MAWANASUG,20210316,38.05,38.65,37.5,37.6,38530,25355
MAXHEALTH,20210316,204.0,214.4,203.5,206.4,1690949,676915
MAXIND,20210316,64.75,65.5,63.1,63.4,180979,139863
MAXVIL,20210316,61.6,62.9,61.1,61.45,318448,95277
MAYURUNIQ,20210316,420.0,429.0,416.45,423.55,64773,39594
MAZDA,20210316,509.1,524.0,504.1,521.05,4956,3142
MAZDOCK,20210316,220.7,221.25,215.0,216.2,431450,189398
MBLINFRA,20210316,23.0,23.25,21.55,22.95,243947,142276
MC1RG,20210316,12.25,12.25,11.52,12.25,29999,29998
MCDHOLDING,20210316,43.0,43.0,40.5,41.0,9803,8250
MCDOWELL-N,20210316,534.0,539.8,528.8,537.6,2281341,1341986
MCL,20210316,91.45,99.3,89.2,95.65,168308,81998
MCLEODRUSS,20210316,22.4,23.05,22.4,22.7,198342,110758
MCX,20210316,1538.1,1597.8,1532.9,1580.9,551861,275170
MDL,20210316,22.0,22.0,22.0,22.0,2000,2000
MEGASOFT,20210316,10.4,10.7,10.2,10.35,45079,20723
MEGH,20210316,128.0,128.7,112.3,114.5,12376553,3991081
MENONBE,20210316,56.55,56.6,54.85,55.4,30200,18127
MEP,20210316,18.25,19.0,18.0,18.2,166326,77103
METROPOLIS,20210316,1935.45,1943.45,1896.05,1907.85,101917,75119
MFSL,20210316,896.0,907.05,870.05,875.9,735304,280034
MGEL,20210316,46.25,46.3,44.35,44.5,3313,3007
MGL,20210316,1222.75,1230.0,1183.0,1188.5,475352,121985
MHRIL,20210316,227.6,227.6,217.45,221.25,55192,31557
MIC,20210316,0.95,0.95,0.95,0.95,143499,143479
MIDHANI,20210316,193.35,194.7,190.5,190.75,303829,147108
MINDACORP,20210316,99.7,100.5,98.05,98.4,397103,114388
MINDAIND,20210316,550.0,578.0,549.95,568.65,472214,142367
MINDSPACE,20210316,299.5,305.95,298.05,305.5,235400,186600
MINDTECK,20210316,46.45,46.45,44.35,45.15,9211,6083
MINDTREE,20210316,1940.0,2028.0,1933.05,2021.4,3218199,558896
MIRZAINT,20210316,50.25,52.5,50.1,51.1,719248,223830
MITCON,20210316,40.75,40.85,40.75,40.85,60000,60000
MITTAL,20210316,11.45,11.45,11.0,11.4,22202,16355
MKPL,20210316,75.1,79.95,75.1,79.0,6000,2000
MMFL,20210316,512.1,530.0,506.1,511.3,5770,3198
MMP,20210316,88.9,89.8,87.0,88.8,6778,6010
MMTC,20210316,46.25,46.45,44.2,44.6,2701171,865985
MOHITIND,20210316,7.75,8.5,7.75,8.1,30000,25793
MOIL,20210316,153.55,155.1,152.2,152.95,329942,85149
MOKSH,20210316,41.0,43.0,40.0,42.05,33000,27000
MOLDTECH,20210316,43.5,43.5,42.05,42.4,18295,11233
MOLDTEKPP,20210316,278.0,278.0,249.25,259.8,366,237
MOLDTKPAC,20210316,392.15,417.0,390.0,413.1,33309,17221
MOLDTKPAC,20210316,392.15,417.0,390.0,413.1,578,578
MOLDTKPAC,20210316,260.15,265.0,260.0,264.9,33309,17221
MOLDTKPAC,20210316,260.15,265.0,260.0,264.9,578,578
MONTECARLO,20210316,217.8,225.0,217.8,221.95,33716,23981
MORARJEE,20210316,16.9,17.5,16.2,16.95,44225,24317
MOREPENLAB,20210316,35.4,37.4,35.1,35.4,5932094,1649012
MOTHERSUMI,20210316,219.65,222.75,216.3,221.65,11217866,4403742
MOTILALOFS,20210316,665.25,669.5,655.2,662.65,141813,88010
MOTOGENFIN,20210316,20.8,20.8,17.7,19.35,13247,6852
MPHASIS,20210316,1635.15,1739.0,1630.0,1730.8,1034130,280072
MPSLTD,20210316,476.15,480.8,454.75,476.1,16227,9157
MPTODAY,20210316,15.2,15.2,15.2,15.2,6000,6000
MRF,20210316,87900.0,88479.85,86500.0,86819.0,22685,4663
MRPL,20210316,40.3,41.7,40.1,40.85,2273904,820322
MSPL,20210316,8.0,8.05,7.7,7.8,11889,7204
MSTCLTD,20210316,320.45,327.3,317.05,317.95,461343,180337
MTARTECH,20210316,1079.0,1079.0,986.0,1008.05,3988465,913685
MTEDUCARE,20210316,7.8,7.95,7.75,7.8,113516,75672
MTNL,20210316,22.8,24.2,22.15,22.6,13741831,3205518
MUKANDENGG,20210316,15.05,16.35,14.7,15.8,32748,22166
MUKANDLTD,20210316,61.1,61.15,57.6,58.65,81255,73252
MUKANDLTD,20210316,61.1,61.15,57.6,58.65,305,235
MUKANDLTD,20210316,5.25,6.1,5.25,5.35,81255,73252
MUKANDLTD,20210316,5.25,6.1,5.25,5.35,305,235
MUKTAARTS,20210316,32.45,33.5,31.9,33.15,85740,41444
MUNJALAU,20210316,59.45,59.7,58.3,58.75,124701,68406
MUNJALSHOW,20210316,151.85,155.0,150.0,150.85,30682,15386
MURUDCERA,20210316,21.65,22.05,21.65,21.75,56702,33119
MUTHOOTCAP,20210316,403.15,403.15,390.0,392.35,34673,21493
MUTHOOTFIN,20210316,1275.0,1285.0,1267.2,1273.4,664878,319043
N100,20210316,935.0,943.99,929.0,934.1,99168,50662
NABARD,20210316,1215.0,1216.0,1209.0,1212.63,1721,1601
NACLIND,20210316,38.9,39.45,38.4,38.7,21045,15003
NAGREEKCAP,20210316,6.2,6.2,6.2,6.2,232,232
NAGREEKEXP,20210316,16.45,17.2,16.3,16.95,12044,8544
NAHARCAP,20210316,122.0,128.25,111.65,116.25,234753,69886
NAHARINDUS,20210316,54.85,55.7,53.55,55.7,53507,47523
NAHARPOLY,20210316,126.5,142.0,121.1,122.55,1655287,394320
NAHARSPING,20210316,119.9,122.7,112.5,118.05,290018,152393
NAM-INDIA,20210316,339.0,339.0,332.4,334.15,740643,346988
NANDANI,20210316,24.45,24.45,24.45,24.45,5000,5000
NATCOPHARM,20210316,831.1,831.95,810.35,816.3,282536,162471
NATHBIOGEN,20210316,301.1,305.05,296.45,302.4,9633,6125
NATIONALUM,20210316,60.2,60.3,58.7,59.2,11358780,2850482
NATNLSTEEL,20210316,5.25,5.25,4.75,4.95,188792,95216
NAUKRI,20210316,4800.0,4875.0,4775.0,4824.7,353291,70545
NAVINFLUOR,20210316,2628.3,2678.2,2620.0,2662.75,79019,25887
NAVKARCORP,20210316,42.25,43.15,41.5,41.7,853942,234606
NAVNETEDUL,20210316,84.85,93.0,84.85,92.05,2141869,608645
NBCC,20210316,48.35,48.35,46.15,46.75,10169698,4609423
NBIFIN,20210316,1887.5,1887.5,1835.05,1845.05,664,595
NBVENTURES,20210316,69.95,72.9,69.3,72.45,2408006,1334534
NCC,20210316,86.15,91.0,84.5,87.6,3272768,1555959
NCLIND,20210316,170.9,172.4,167.2,168.3,172001,77955
NCPSESDL24,20210316,102.0,102.07,102.0,102.05,2103,2075
NDGL,20210316,759.2,803.05,759.2,792.0,81,15
NDL,20210316,31.75,32.1,31.75,31.9,18168,17648
NDRAUTO,20210316,225.0,226.0,214.0,215.35,2517,1876
NDTV,20210316,55.55,58.3,55.55,58.3,102185,65145
NECCLTD,20210316,9.7,9.7,9.4,9.4,8099,6364
NECLIFE,20210316,20.9,21.15,20.25,20.35,343559,194407
NELCAST,20210316,64.1,68.35,63.1,67.6,321452,190598
NELCO,20210316,204.0,211.5,199.6,201.4,145655,73506
NEOGEN,20210316,842.95,843.35,826.0,830.05,20026,12931
NESCO,20210316,570.0,588.95,569.0,581.3,34538,20031
NESTLEIND,20210316,16835.0,17020.0,16695.0,16741.95,84470,49005
NETF,20210316,182.9,184.86,179.35,184.29,1549,1266
NETFCONSUM,20210316,64.0,65.95,64.0,65.67,1442,735
NETFDIVOPP,20210316,37.6,38.49,36.51,37.71,1673,791
NETFIT,20210316,26.65,26.85,26.28,26.68,5953302,5300093
NETFLTGILT,20210316,21.92,21.95,21.87,21.9,10463,5287
NETFMID150,20210316,92.53,92.53,91.41,92.14,32126,24356
NETFNIF100,20210316,154.52,155.66,154.29,154.92,2121,2098
NETFNV20,20210316,80.6,81.5,80.5,80.99,51050,50670
NETWORK18,20210316,44.55,45.05,43.85,44.0,1196896,650837
NEULANDLAB,20210316,2020.0,2075.0,2005.0,2015.3,20186,8438
NEWGEN,20210316,301.0,301.0,293.0,296.45,93361,45236
NEXTMEDIA,20210316,4.5,4.7,4.4,4.6,14197,12441
NFL,20210316,60.5,63.5,60.5,62.25,3135545,960930
NH,20210316,424.7,435.0,422.4,429.95,203494,114440
NHAI,20210316,1074.0,1074.0,1066.1,1072.5,6835,5320
NHAI,20210316,1074.0,1074.0,1066.1,1072.5,44346,32874
NHAI,20210316,1074.0,1074.0,1066.1,1072.5,1,1
NHAI,20210316,1074.0,1074.0,1066.1,1072.5,11,6
NHAI,20210316,1074.0,1074.0,1066.1,1072.5,869,854
NHAI,20210316,1074.0,1074.0,1066.1,1072.5,25,25
NHAI,20210316,1074.0,1074.0,1066.1,1072.5,177,177
NHAI,20210316,1074.0,1074.0,1066.1,1072.5,4419,3149
NHAI,20210316,1074.0,1074.0,1066.1,1072.5,4576,4225
NHAI,20210316,1225.0,1225.0,1215.0,1221.08,6835,5320
NHAI,20210316,1225.0,1225.0,1215.0,1221.08,44346,32874
NHAI,20210316,1225.0,1225.0,1215.0,1221.08,1,1
NHAI,20210316,1225.0,1225.0,1215.0,1221.08,11,6
NHAI,20210316,1225.0,1225.0,1215.0,1221.08,869,854
NHAI,20210316,1225.0,1225.0,1215.0,1221.08,25,25
NHAI,20210316,1225.0,1225.0,1215.0,1221.08,177,177
NHAI,20210316,1225.0,1225.0,1215.0,1221.08,4419,3149
NHAI,20210316,1225.0,1225.0,1215.0,1221.08,4576,4225
NHAI,20210316,1108.0,1108.0,1108.0,1108.0,6835,5320
NHAI,20210316,1108.0,1108.0,1108.0,1108.0,44346,32874
NHAI,20210316,1108.0,1108.0,1108.0,1108.0,1,1
NHAI,20210316,1108.0,1108.0,1108.0,1108.0,11,6
NHAI,20210316,1108.0,1108.0,1108.0,1108.0,869,854
NHAI,20210316,1108.0,1108.0,1108.0,1108.0,25,25
NHAI,20210316,1108.0,1108.0,1108.0,1108.0,177,177
NHAI,20210316,1108.0,1108.0,1108.0,1108.0,4419,3149
NHAI,20210316,1108.0,1108.0,1108.0,1108.0,4576,4225
NHAI,20210316,1156.0,1156.0,1153.5,1153.5,6835,5320
NHAI,20210316,1156.0,1156.0,1153.5,1153.5,44346,32874
NHAI,20210316,1156.0,1156.0,1153.5,1153.5,1,1
NHAI,20210316,1156.0,1156.0,1153.5,1153.5,11,6
NHAI,20210316,1156.0,1156.0,1153.5,1153.5,869,854
NHAI,20210316,1156.0,1156.0,1153.5,1153.5,25,25
NHAI,20210316,1156.0,1156.0,1153.5,1153.5,177,177
NHAI,20210316,1156.0,1156.0,1153.5,1153.5,4419,3149
NHAI,20210316,1156.0,1156.0,1153.5,1153.5,4576,4225
NHAI,20210316,1286.0,1286.0,1274.0,1281.95,6835,5320
NHAI,20210316,1286.0,1286.0,1274.0,1281.95,44346,32874
NHAI,20210316,1286.0,1286.0,1274.0,1281.95,1,1
NHAI,20210316,1286.0,1286.0,1274.0,1281.95,11,6
NHAI,20210316,1286.0,1286.0,1274.0,1281.95,869,854
NHAI,20210316,1286.0,1286.0,1274.0,1281.95,25,25
NHAI,20210316,1286.0,1286.0,1274.0,1281.95,177,177
NHAI,20210316,1286.0,1286.0,1274.0,1281.95,4419,3149
NHAI,20210316,1286.0,1286.0,1274.0,1281.95,4576,4225
NHAI,20210316,1189.0,1197.8,1189.0,1197.8,6835,5320
NHAI,20210316,1189.0,1197.8,1189.0,1197.8,44346,32874
NHAI,20210316,1189.0,1197.8,1189.0,1197.8,1,1
NHAI,20210316,1189.0,1197.8,1189.0,1197.8,11,6
NHAI,20210316,1189.0,1197.8,1189.0,1197.8,869,854
NHAI,20210316,1189.0,1197.8,1189.0,1197.8,25,25
NHAI,20210316,1189.0,1197.8,1189.0,1197.8,177,177
NHAI,20210316,1189.0,1197.8,1189.0,1197.8,4419,3149
NHAI,20210316,1189.0,1197.8,1189.0,1197.8,4576,4225
NHAI,20210316,1280.0,1284.0,1280.0,1282.54,6835,5320
NHAI,20210316,1280.0,1284.0,1280.0,1282.54,44346,32874
NHAI,20210316,1280.0,1284.0,1280.0,1282.54,1,1
NHAI,20210316,1280.0,1284.0,1280.0,1282.54,11,6
NHAI,20210316,1280.0,1284.0,1280.0,1282.54,869,854
NHAI,20210316,1280.0,1284.0,1280.0,1282.54,25,25
NHAI,20210316,1280.0,1284.0,1280.0,1282.54,177,177
NHAI,20210316,1280.0,1284.0,1280.0,1282.54,4419,3149
NHAI,20210316,1280.0,1284.0,1280.0,1282.54,4576,4225
NHAI,20210316,1283.2,1290.3,1280.1,1280.9,6835,5320
NHAI,20210316,1283.2,1290.3,1280.1,1280.9,44346,32874
NHAI,20210316,1283.2,1290.3,1280.1,1280.9,1,1
NHAI,20210316,1283.2,1290.3,1280.1,1280.9,11,6
NHAI,20210316,1283.2,1290.3,1280.1,1280.9,869,854
NHAI,20210316,1283.2,1290.3,1280.1,1280.9,25,25
NHAI,20210316,1283.2,1290.3,1280.1,1280.9,177,177
NHAI,20210316,1283.2,1290.3,1280.1,1280.9,4419,3149
NHAI,20210316,1283.2,1290.3,1280.1,1280.9,4576,4225
NHAI,20210316,1258.99,1259.0,1245.0,1248.76,6835,5320
NHAI,20210316,1258.99,1259.0,1245.0,1248.76,44346,32874
NHAI,20210316,1258.99,1259.0,1245.0,1248.76,1,1
NHAI,20210316,1258.99,1259.0,1245.0,1248.76,11,6
NHAI,20210316,1258.99,1259.0,1245.0,1248.76,869,854
NHAI,20210316,1258.99,1259.0,1245.0,1248.76,25,25
NHAI,20210316,1258.99,1259.0,1245.0,1248.76,177,177
NHAI,20210316,1258.99,1259.0,1245.0,1248.76,4419,3149
NHAI,20210316,1258.99,1259.0,1245.0,1248.76,4576,4225
NHBTF2014,20210316,7060.0,7060.05,7017.7,7017.7,59,37
NHBTF2023,20210316,6340.0,6340.0,6208.0,6220.0,400,400
NHBTF2023,20210316,6340.0,6340.0,6208.0,6220.0,4,4
NHBTF2023,20210316,6800.0,6800.0,6800.0,6800.0,400,400
NHBTF2023,20210316,6800.0,6800.0,6800.0,6800.0,4,4
NHPC,20210316,24.25,24.55,24.2,24.25,2574165,1031617
NIACL,20210316,164.0,180.8,161.35,171.8,6319837,1172482
NIBL,20210316,11.25,11.85,11.25,11.85,5067,4758
NIFTYBEES,20210316,163.19,164.6,159.0,159.79,1194883,329763
NIITLTD,20210316,189.8,189.9,180.1,180.75,505256,281136
NILKAMAL,20210316,1870.0,1878.0,1836.55,1844.25,32008,22663
NIPPOBATRY,20210316,765.0,768.0,741.1,755.7,4952,3972
NIRAJ,20210316,41.5,44.5,40.4,42.55,5775,3206
NITCO,20210316,22.4,22.75,22.25,22.35,28261,21294
NITINSPIN,20210316,87.9,90.55,87.0,88.45,723359,386730
NKIND,20210316,22.0,22.0,20.75,21.1,2921,2691
NLCINDIA,20210316,52.4,52.65,52.1,52.2,763621,442786
NMDC,20210316,136.4,137.5,134.3,136.15,8053461,2872834
NOCIL,20210316,179.6,184.6,175.3,176.75,1315947,500258
NORBTEAEXP,20210316,7.15,7.4,6.95,7.2,9848,5202
NOVARTIND,20210316,601.95,602.0,586.05,589.6,8784,6068
NPBET,20210316,186.65,186.75,183.0,183.03,164,116
NRAIL,20210316,259.1,268.45,256.5,263.6,47952,26503
NRBBEARING,20210316,120.2,121.3,117.0,117.35,254247,145723
NSIL,20210316,1051.0,1052.0,1039.6,1044.9,452,279
NTL,20210316,0.95,0.95,0.95,0.95,2411,2411
NTPC,20210316,110.55,111.45,109.3,109.55,15360040,5170366
NTPC,20210316,110.55,111.45,109.3,109.55,546,546
NTPC,20210316,110.55,111.45,109.3,109.55,130,130
NTPC,20210316,110.55,111.45,109.3,109.55,1121,1003
NTPC,20210316,110.55,111.45,109.3,109.55,24970,23308
NTPC,20210316,110.55,111.45,109.3,109.55,16,16
NTPC,20210316,1130.0,1130.0,1120.9,1120.9,15360040,5170366
NTPC,20210316,1130.0,1130.0,1120.9,1120.9,546,546
NTPC,20210316,1130.0,1130.0,1120.9,1120.9,130,130
NTPC,20210316,1130.0,1130.0,1120.9,1120.9,1121,1003
NTPC,20210316,1130.0,1130.0,1120.9,1120.9,24970,23308
NTPC,20210316,1130.0,1130.0,1120.9,1120.9,16,16
NTPC,20210316,1272.0,1272.0,1270.0,1270.0,15360040,5170366
NTPC,20210316,1272.0,1272.0,1270.0,1270.0,546,546
NTPC,20210316,1272.0,1272.0,1270.0,1270.0,130,130
NTPC,20210316,1272.0,1272.0,1270.0,1270.0,1121,1003
NTPC,20210316,1272.0,1272.0,1270.0,1270.0,24970,23308
NTPC,20210316,1272.0,1272.0,1270.0,1270.0,16,16
NTPC,20210316,1392.15,1399.9,1392.0,1399.87,15360040,5170366
NTPC,20210316,1392.15,1399.9,1392.0,1399.87,546,546
NTPC,20210316,1392.15,1399.9,1392.0,1399.87,130,130
NTPC,20210316,1392.15,1399.9,1392.0,1399.87,1121,1003
NTPC,20210316,1392.15,1399.9,1392.0,1399.87,24970,23308
NTPC,20210316,1392.15,1399.9,1392.0,1399.87,16,16
NTPC,20210316,13.3,14.0,13.3,13.7,15360040,5170366
NTPC,20210316,13.3,14.0,13.3,13.7,546,546
NTPC,20210316,13.3,14.0,13.3,13.7,130,130
NTPC,20210316,13.3,14.0,13.3,13.7,1121,1003
NTPC,20210316,13.3,14.0,13.3,13.7,24970,23308
NTPC,20210316,13.3,14.0,13.3,13.7,16,16
NTPC,20210316,1314.36,1314.36,1314.36,1314.36,15360040,5170366
NTPC,20210316,1314.36,1314.36,1314.36,1314.36,546,546
NTPC,20210316,1314.36,1314.36,1314.36,1314.36,130,130
NTPC,20210316,1314.36,1314.36,1314.36,1314.36,1121,1003
NTPC,20210316,1314.36,1314.36,1314.36,1314.36,24970,23308
NTPC,20210316,1314.36,1314.36,1314.36,1314.36,16,16
NUCLEUS,20210316,522.0,545.0,518.1,526.6,113833,47312
NURECA,20210316,587.3,587.3,560.25,580.3,27583,20577
NXTDIGITAL,20210316,487.95,494.0,483.8,488.75,541,468
OAL,20210316,604.9,604.9,579.2,587.7,15022,8504
OBEROIRLTY,20210316,608.0,608.35,575.1,586.65,854438,180298
OCCL,20210316,1035.0,1038.0,997.05,1002.75,17728,12122
OFSS,20210316,3149.75,3294.55,3149.75,3257.55,240323,188551
OIL,20210316,131.7,132.5,131.05,132.15,793066,451333
OILCOUNTUB,20210316,5.1,5.1,5.1,5.1,3280,3280
OLECTRA,20210316,210.0,226.25,206.2,225.95,1924357,909994
OMAXAUTO,20210316,44.7,53.0,44.25,50.7,408269,157736
OMAXE,20210316,72.05,73.6,72.05,72.75,51700,37103
OMINFRAL,20210316,24.0,24.05,23.5,23.6,21551,14005
ONEPOINT,20210316,12.2,13.0,12.2,12.4,5741,3381
ONGC,20210316,113.8,116.3,113.45,115.1,20680669,9156451
ONMOBILE,20210316,115.7,117.8,110.0,111.95,1917454,1001656
ONWARDTEC,20210316,117.0,138.0,116.45,135.35,943578,280087
OPTIEMUS,20210316,162.0,168.1,162.0,162.0,90491,64215
ORBTEXP,20210316,63.05,63.25,61.3,62.5,7456,6507
ORIENTABRA,20210316,22.9,24.95,22.75,23.7,239774,93365
ORIENTALTL,20210316,7.5,7.5,7.2,7.3,67663,65718
ORIENTBELL,20210316,242.8,245.0,232.0,240.6,49091,14733
ORIENTCEM,20210316,101.4,104.8,100.0,103.7,573855,343096
ORIENTELEC,20210316,302.9,319.0,301.45,314.3,672196,266039
ORIENTHOT,20210316,24.0,25.4,23.75,24.1,40053,26928
ORIENTLTD,20210316,90.6,94.75,90.05,91.75,256,216
ORIENTPPR,20210316,29.5,31.2,29.25,29.7,10045241,3739628
ORIENTREF,20210316,234.0,243.2,231.7,238.85,297550,163085
ORISSAMINE,20210316,2435.0,2462.0,2385.0,2397.1,9584,6047
OSIAHYPER,20210316,135.15,135.25,135.15,135.25,800,800
OSWALAGRO,20210316,11.15,11.15,10.5,10.6,32096,17344
PAGEIND,20210316,28098.95,28700.0,27855.6,28590.4,34198,10377
PAISALO,20210316,802.0,813.55,775.2,786.55,66869,28431
PALASHSECU,20210316,51.45,54.85,51.45,51.45,6909,5039
PANACEABIO,20210316,186.0,189.15,184.55,186.2,53779,27585
PANACHE,20210316,53.85,53.85,48.45,51.5,20279,10938
PANAMAPET,20210316,164.0,170.5,163.0,164.25,55711,31363
PANSARI,20210316,41.5,41.5,41.5,41.5,6000,6000
PARACABLES,20210316,9.5,9.5,8.95,9.05,306770,222021
PARAGMILK,20210316,103.95,106.1,103.25,103.7,250838,116255
PASHUPATI,20210316,70.4,71.45,70.0,71.15,92800,86400
PATELENG,20210316,13.35,13.55,12.95,13.15,249724,170755
PATINTLOG,20210316,23.8,23.8,19.5,19.9,433660,229002
PATSPINLTD,20210316,5.6,5.7,5.3,5.55,5021,3687
PAVNAIND,20210316,165.1,165.1,165.05,165.1,29600,29600
PCJEWELLER,20210316,31.45,31.5,30.3,30.6,2100576,1081067
PDMJEPAPER,20210316,25.95,27.05,25.7,26.55,274210,178280
PDSMFL,20210316,669.95,669.95,659.0,661.45,1659,1366
PEARLPOLY,20210316,14.9,15.5,14.9,15.1,13086,856
PEL,20210316,1881.9,1889.8,1852.2,1876.35,716919,115864
PENIND,20210316,20.9,20.9,19.85,20.05,419194,342364
PENINLAND,20210316,5.7,5.95,5.65,5.95,1647453,1537295
PENTAGOLD,20210316,79.75,87.7,79.75,87.6,15000,15000
PERFECT,20210316,10.5,10.5,10.5,10.5,48000,48000
PERSISTENT,20210316,1770.0,1920.0,1752.0,1891.9,332150,154840
PETRONET,20210316,241.0,241.6,236.45,236.8,3677162,2285952
PFC,20210316,138.0,139.65,137.2,138.9,8352065,3355527
PFC,20210316,138.0,139.65,137.2,138.9,50,50
PFC,20210316,138.0,139.65,137.2,138.9,30,20
PFC,20210316,138.0,139.65,137.2,138.9,500,500
PFC,20210316,138.0,139.65,137.2,138.9,53,53
PFC,20210316,138.0,139.65,137.2,138.9,1247,1219
PFC,20210316,1173.0,1173.0,1173.0,1173.0,8352065,3355527
PFC,20210316,1173.0,1173.0,1173.0,1173.0,50,50
PFC,20210316,1173.0,1173.0,1173.0,1173.0,30,20
PFC,20210316,1173.0,1173.0,1173.0,1173.0,500,500
PFC,20210316,1173.0,1173.0,1173.0,1173.0,53,53
PFC,20210316,1173.0,1173.0,1173.0,1173.0,1247,1219
PFC,20210316,1308.0,1329.95,1308.0,1329.95,8352065,3355527
PFC,20210316,1308.0,1329.95,1308.0,1329.95,50,50
PFC,20210316,1308.0,1329.95,1308.0,1329.95,30,20
PFC,20210316,1308.0,1329.95,1308.0,1329.95,500,500
PFC,20210316,1308.0,1329.95,1308.0,1329.95,53,53
PFC,20210316,1308.0,1329.95,1308.0,1329.95,1247,1219
PFC,20210316,1065.01,1065.01,1062.1,1062.1,8352065,3355527
PFC,20210316,1065.01,1065.01,1062.1,1062.1,50,50
PFC,20210316,1065.01,1065.01,1062.1,1062.1,30,20
PFC,20210316,1065.01,1065.01,1062.1,1062.1,500,500
PFC,20210316,1065.01,1065.01,1062.1,1062.1,53,53
PFC,20210316,1065.01,1065.01,1062.1,1062.1,1247,1219
PFC,20210316,1224.0,1225.0,1224.0,1224.06,8352065,3355527
PFC,20210316,1224.0,1225.0,1224.0,1224.06,50,50
PFC,20210316,1224.0,1225.0,1224.0,1224.06,30,20
PFC,20210316,1224.0,1225.0,1224.0,1224.06,500,500
PFC,20210316,1224.0,1225.0,1224.0,1224.06,53,53
PFC,20210316,1224.0,1225.0,1224.0,1224.06,1247,1219
PFC,20210316,1401.5,1401.51,1395.0,1400.0,8352065,3355527
PFC,20210316,1401.5,1401.51,1395.0,1400.0,50,50
PFC,20210316,1401.5,1401.51,1395.0,1400.0,30,20
PFC,20210316,1401.5,1401.51,1395.0,1400.0,500,500
PFC,20210316,1401.5,1401.51,1395.0,1400.0,53,53
PFC,20210316,1401.5,1401.51,1395.0,1400.0,1247,1219
PFIZER,20210316,4600.0,4652.2,4550.15,4611.4,25066,13774
PFOCUS,20210316,59.4,62.9,57.65,60.1,178419,111581
PFS,20210316,21.0,21.35,20.25,20.55,1075678,468180
PGHH,20210316,12993.6,13032.75,12889.5,12928.8,6341,5247
PGHL,20210316,6535.0,6551.55,6450.0,6483.05,5274,2934
PGIL,20210316,180.5,181.95,175.3,178.0,3326,3013
PHILIPCARB,20210316,205.0,205.0,202.0,202.5,528139,274689
PHOENIXLTD,20210316,797.05,801.2,787.05,794.6,53047,35274
PIDILITIND,20210316,1717.0,1739.0,1705.3,1720.1,330689,151946
PIGL,20210316,38.0,38.05,38.0,38.05,8000,8000
PIIND,20210316,2237.55,2270.0,2220.0,2237.4,160126,88674
PILANIINVS,20210316,1773.0,1773.0,1701.05,1712.45,15546,11121
PILITA,20210316,16.55,17.0,16.1,16.2,190139,137695
PIONDIST,20210316,105.3,105.3,103.25,104.95,5940,3911
PIONEEREMB,20210316,39.15,39.95,39.15,39.55,97143,94447
PITTIENG,20210316,72.0,73.65,71.5,72.05,137584,48520
PLASTIBLEN,20210316,249.9,251.9,239.0,245.45,18456,10434
PNB,20210316,41.0,41.4,39.6,39.8,99770550,18711176
PNBGILTS,20210316,51.55,51.75,50.5,50.75,268472,188125
PNBHOUSING,20210316,411.0,413.85,396.05,401.7,230186,107375
PNC,20210316,25.9,25.9,25.9,25.9,44071,44071
PNCINFRA,20210316,259.0,259.4,247.0,248.8,624001,433045
PODDARMENT,20210316,203.05,211.0,199.5,201.35,30044,24194
POKARNA,20210316,208.35,208.75,200.0,201.65,39061,20809
POLYCAB,20210316,1363.8,1375.9,1345.0,1355.2,140179,57779
POLYMED,20210316,880.0,917.5,836.2,846.65,190208,65094
POLYPLEX,20210316,889.05,909.85,865.0,868.85,59047,33227
PONNIERODE,20210316,151.05,156.0,150.4,154.85,3058,2688
POWERFUL,20210316,3.95,3.95,3.95,3.95,4000,4000
POWERGRID,20210316,225.15,227.2,223.5,224.45,8306833,3182803
POWERINDIA,20210316,1321.0,1330.2,1300.05,1306.75,16003,10756
POWERMECH,20210316,519.4,549.9,518.1,540.1,76087,30010
PPAP,20210316,244.6,244.6,238.0,239.35,22932,16070
PPL,20210316,131.45,141.0,128.8,134.5,584895,192269
PRABHAT,20210316,88.1,88.2,85.55,86.75,1427810,1045737
PRAENG,20210316,8.7,8.7,8.45,8.55,34337,25524
PRAJIND,20210316,178.0,179.5,161.1,169.35,1358996,625362
PRAKASH,20210316,67.2,74.4,67.15,71.45,7962454,3170808
PRAKASHSTL,20210316,0.8,0.85,0.75,0.8,236797,121574
PRECAM,20210316,40.9,41.65,40.75,40.9,119463,56968
PRECOT,20210316,114.35,116.25,110.2,112.0,23121,19861
PRECWIRE,20210316,213.0,214.0,201.55,204.65,101361,54738
PREMIERPOL,20210316,40.35,41.0,37.5,38.05,4194,3174
PRESSMN,20210316,23.8,23.9,23.25,23.4,21424,18755
PRESTIGE,20210316,288.2,290.5,272.05,274.65,953315,584748
PRICOLLTD,20210316,69.5,71.15,67.6,68.35,1648120,301311
PRINCEPIPE,20210316,441.7,445.0,427.6,432.05,216966,102276
PRIVISCL,20210316,651.4,652.2,644.65,648.05,22017,16022
PROZONINTU,20210316,19.0,19.2,18.5,18.85,133961,89603
PRSMJOHNSN,20210316,115.0,120.8,113.85,118.7,1162986,528518
PSB,20210316,18.35,18.35,17.6,17.75,417038,220888
PSPPROJECT,20210316,478.0,478.0,468.1,475.2,87650,8922
PSUBNKBEES,20210316,25.67,25.67,24.8,24.99,255755,149639
PTC,20210316,80.0,82.6,79.15,81.8,3488054,1549752
PTL,20210316,41.0,41.0,39.5,39.9,106246,93005
PUNJABCHEM,20210316,925.55,934.55,895.85,902.85,7763,4513
PURVA,20210316,80.6,81.35,78.5,78.9,110917,50373
PVR,20210316,1362.0,1430.0,1352.2,1422.15,1949881,392198
QGOLDHALF,20210316,1945.0,1945.0,1935.0,1939.0,1273,1227
QNIFTY,20210316,1556.0,1556.0,1539.0,1546.61,3985,3940
QUESS,20210316,709.0,719.0,690.75,694.65,155076,55422
QUICKHEAL,20210316,193.95,201.7,192.4,194.95,409817,165014
RADICO,20210316,557.55,564.75,544.65,559.45,357770,160487
RADIOCITY,20210316,24.5,24.65,23.85,24.0,162529,144172
RAILTEL,20210316,142.75,145.35,140.4,141.25,2484229,940695
RAIN,20210316,156.5,158.4,150.3,151.85,2869054,883748
RAJESHEXPO,20210316,522.2,522.4,515.0,516.1,545236,387607
RAJRATAN,20210316,775.0,800.0,753.15,795.6,81350,33328
RAJTV,20210316,34.0,34.1,33.65,33.8,1320,745
RALLIS,20210316,270.0,270.45,263.3,266.4,298725,131717
RAMANEWS,20210316,17.3,17.75,16.5,16.75,190648,103528
RAMCOCEM,20210316,1005.0,1013.35,990.65,999.0,512568,141338
RAMCOIND,20210316,267.75,267.75,260.0,260.15,49842,33367
RAMCOSYS,20210316,594.0,621.7,590.45,608.45,366511,132781
RAMKY,20210316,90.0,90.0,83.3,84.35,182871,115313
RANASUG,20210316,9.15,9.35,8.4,8.8,996836,603045
RANEENGINE,20210316,307.05,315.0,292.35,300.5,14079,6487
RANEHOLDIN,20210316,660.0,673.95,654.9,656.95,16278,5669
RATNAMANI,20210316,1990.0,2098.0,1979.3,2011.95,168754,105604
RAYMOND,20210316,370.85,372.55,365.4,368.45,432168,144552
RBL,20210316,811.25,860.0,802.0,808.95,16010,4527
RBLBANK,20210316,239.9,240.25,233.55,235.1,9124566,1235862
RCF,20210316,84.45,86.8,83.55,83.9,3476545,908135
RCOM,20210316,1.9,1.95,1.9,1.9,6004057,3435740
RECLTD,20210316,153.75,155.45,153.0,154.5,6612160,2605131
RECLTD,20210316,153.75,155.45,153.0,154.5,15,15
RECLTD,20210316,153.75,155.45,153.0,154.5,500,500
RECLTD,20210316,153.75,155.45,153.0,154.5,5245,4630
RECLTD,20210316,153.75,155.45,153.0,154.5,10,10
RECLTD,20210316,153.75,155.45,153.0,154.5,100,100
RECLTD,20210316,1076.0,1076.0,1076.0,1076.0,6612160,2605131
RECLTD,20210316,1076.0,1076.0,1076.0,1076.0,15,15
RECLTD,20210316,1076.0,1076.0,1076.0,1076.0,500,500
RECLTD,20210316,1076.0,1076.0,1076.0,1076.0,5245,4630
RECLTD,20210316,1076.0,1076.0,1076.0,1076.0,10,10
RECLTD,20210316,1076.0,1076.0,1076.0,1076.0,100,100
RECLTD,20210316,1180.0,1180.0,1180.0,1180.0,6612160,2605131
RECLTD,20210316,1180.0,1180.0,1180.0,1180.0,15,15
RECLTD,20210316,1180.0,1180.0,1180.0,1180.0,500,500
RECLTD,20210316,1180.0,1180.0,1180.0,1180.0,5245,4630
RECLTD,20210316,1180.0,1180.0,1180.0,1180.0,10,10
RECLTD,20210316,1180.0,1180.0,1180.0,1180.0,100,100
RECLTD,20210316,1262.0,1267.71,1243.0,1256.6,6612160,2605131
RECLTD,20210316,1262.0,1267.71,1243.0,1256.6,15,15
RECLTD,20210316,1262.0,1267.71,1243.0,1256.6,500,500
RECLTD,20210316,1262.0,1267.71,1243.0,1256.6,5245,4630
RECLTD,20210316,1262.0,1267.71,1243.0,1256.6,10,10
RECLTD,20210316,1262.0,1267.71,1243.0,1256.6,100,100
RECLTD,20210316,1277.0,1277.0,1277.0,1277.0,6612160,2605131
RECLTD,20210316,1277.0,1277.0,1277.0,1277.0,15,15
RECLTD,20210316,1277.0,1277.0,1277.0,1277.0,500,500
RECLTD,20210316,1277.0,1277.0,1277.0,1277.0,5245,4630
RECLTD,20210316,1277.0,1277.0,1277.0,1277.0,10,10
RECLTD,20210316,1277.0,1277.0,1277.0,1277.0,100,100
RECLTD,20210316,1240.0,1240.0,1240.0,1240.0,6612160,2605131
RECLTD,20210316,1240.0,1240.0,1240.0,1240.0,15,15
RECLTD,20210316,1240.0,1240.0,1240.0,1240.0,500,500
RECLTD,20210316,1240.0,1240.0,1240.0,1240.0,5245,4630
RECLTD,20210316,1240.0,1240.0,1240.0,1240.0,10,10
RECLTD,20210316,1240.0,1240.0,1240.0,1240.0,100,100
REDINGTON,20210316,176.6,179.5,175.2,177.75,185795,92139
REFEX,20210316,86.55,87.35,85.0,85.8,40394,30322
RELAXO,20210316,836.0,849.45,825.55,827.85,167438,71518
RELCAPITAL,20210316,12.6,12.9,12.3,12.3,2405926,1320744
RELIANCE,20210316,2114.0,2126.0,2095.5,2100.6,6402757,2426737
RELIANCEPP,20210316,1230.0,1240.45,1210.7,1215.55,1031083,655119
RELIGARE,20210316,101.9,102.7,97.1,97.85,1603924,843913
RELINFRA,20210316,38.1,38.6,35.2,35.75,3373952,1784529
REMSONSIND,20210316,139.95,139.95,138.0,138.6,1372,545
RENUKA,20210316,9.9,9.95,9.65,9.7,2474757,1546089
REPCOHOME,20210316,344.0,345.0,335.0,336.95,56565,32025
REPL,20210316,206.95,206.95,200.25,201.9,6016,5040
REPRO,20210316,386.55,387.15,361.0,364.5,21292,10539
RESPONIND,20210316,179.8,193.0,175.55,176.8,95465,19380
REVATHI,20210316,525.35,525.55,498.0,499.6,3227,1751
RGL,20210316,313.15,338.05,313.1,322.4,81582,37511
RHFL,20210316,3.45,3.45,3.15,3.35,7884610,4523858
RHFL,20210316,3.45,3.45,3.15,3.35,51,50
RHFL,20210316,3.45,3.45,3.15,3.35,153,151
RHFL,20210316,3.45,3.45,3.15,3.35,27,14
RHFL,20210316,199.0,199.0,180.0,180.0,7884610,4523858
RHFL,20210316,199.0,199.0,180.0,180.0,51,50
RHFL,20210316,199.0,199.0,180.0,180.0,153,151
RHFL,20210316,199.0,199.0,180.0,180.0,27,14
RHFL,20210316,182.0,219.0,182.0,185.0,7884610,4523858
RHFL,20210316,182.0,219.0,182.0,185.0,51,50
RHFL,20210316,182.0,219.0,182.0,185.0,153,151
RHFL,20210316,182.0,219.0,182.0,185.0,27,14
RHFL,20210316,140.1,167.49,140.1,148.03,7884610,4523858
RHFL,20210316,140.1,167.49,140.1,148.03,51,50
RHFL,20210316,140.1,167.49,140.1,148.03,153,151
RHFL,20210316,140.1,167.49,140.1,148.03,27,14
RICOAUTO,20210316,40.45,41.4,40.0,40.25,618759,226186
RIIL,20210316,397.9,403.0,393.0,394.0,193261,41956
RITES,20210316,258.8,261.95,256.0,259.45,269036,119755
RKDL,20210316,7.95,8.4,7.65,8.35,64190,50398
RKEC,20210316,60.15,71.0,59.75,71.0,544699,160155
RKFORGE,20210316,545.5,545.5,507.0,512.2,78389,48449
RMDRIP,20210316,22.0,22.0,21.25,21.25,4000,4000
RML,20210316,402.1,417.35,392.5,401.7,48818,15871
ROHLTD,20210316,70.45,77.4,70.25,73.7,387386,72861
ROLTA,20210316,4.05,4.1,3.95,4.0,547689,403529
ROSSARI,20210316,975.35,1010.4,972.15,991.0,58754,21707
ROSSELLIND,20210316,117.8,118.0,112.15,115.95,20300,13801
ROUTE,20210316,1628.0,1669.75,1596.8,1602.25,406235,123852
RPGLIFE,20210316,391.05,409.9,390.65,399.7,27121,9459
RPOWER,20210316,5.35,5.4,4.95,4.95,45051839,25787611
RPPINFRA,20210316,69.95,71.75,68.6,69.45,45145,10067
RPPL,20210316,97.95,98.7,97.95,98.25,5000,5000
RPSGVENT,20210316,391.0,397.45,362.0,378.5,250552,103232
RSSOFTWARE,20210316,28.05,28.05,26.2,27.05,39901,20239
RSWM,20210316,197.95,213.75,190.0,206.1,147345,76704
RSYSTEMS,20210316,116.5,126.0,115.8,121.95,141758,71789
RTNINFRA,20210316,6.6,6.6,6.4,6.5,153516,135249
RTNPOWER,20210316,2.75,2.75,2.7,2.7,3490499,2220312
RUBYMILLS,20210316,182.15,186.0,180.8,181.05,5076,1714
RUCHI,20210316,715.0,715.0,700.0,702.65,14080,7604
RUCHIRA,20210316,71.95,75.9,71.55,72.8,321810,185338
RUPA,20210316,336.0,361.75,322.1,327.15,719287,184707
RUSHIL,20210316,271.7,273.7,266.0,273.7,25458,22750
RVHL,20210316,20.2,20.9,19.55,20.25,87432,50368
RVNL,20210316,30.9,31.05,30.5,30.6,2215539,976451
SABEVENTS,20210316,1.25,1.25,1.15,1.15,11278,11278
SABTN,20210316,1.65,1.65,1.65,1.65,8217,8217
SADBHAV,20210316,72.85,74.15,71.5,72.05,451712,157355
SADBHIN,20210316,23.8,24.0,22.9,23.1,293587,137937
SAFARI,20210316,684.95,730.0,660.15,695.1,39317,13512
SAGARDEEP,20210316,38.3,40.3,38.0,38.4,2201,1324
SAGCEM,20210316,745.0,752.9,721.5,741.2,23581,13867
SAIL,20210316,77.6,78.3,74.65,75.05,55029693,17540627
SAKAR,20210316,94.5,99.25,94.5,98.2,63728,36769
SAKHTISUG,20210316,9.6,9.8,9.5,9.55,54705,44808
SAKSOFT,20210316,364.0,380.0,364.0,369.25,51471,22484
SAKUMA,20210316,5.3,5.3,5.2,5.2,129847,113562
SALASAR,20210316,373.5,379.0,365.25,371.7,107750,51785
SALONA,20210316,94.55,97.25,88.95,96.9,3393,2500
SALSTEEL,20210316,3.75,3.75,3.6,3.65,23536,16409
SALZERELEC,20210316,131.4,134.3,128.75,130.0,77691,40838
SAMBHAAV,20210316,2.5,2.65,2.5,2.65,7856,5449
SANCO,20210316,11.85,11.85,11.35,11.5,54750,37923
SANDESH,20210316,709.75,730.0,709.5,717.35,4094,3233
SANDHAR,20210316,214.0,214.0,204.05,205.3,66106,47787
SANGHIIND,20210316,43.4,43.55,42.4,42.55,761118,363132
SANGHVIMOV,20210316,114.75,114.95,112.3,113.75,15033,11993
SANGINITA,20210316,24.45,24.45,23.5,23.75,23498,17339
SANOFI,20210316,8321.0,8321.0,8175.3,8247.1,21071,15880
SARDAEN,20210316,403.95,422.9,401.3,417.45,479010,179220
SAREGAMA,20210316,1650.0,1740.0,1639.8,1693.8,118071,62644
SARLAPOLY,20210316,26.8,27.95,26.45,26.7,211172,113618
SARVESHWAR,20210316,17.3,17.3,17.3,17.3,1600,1600
SASKEN,20210316,869.9,908.0,860.65,874.55,59314,18749
SASTASUNDR,20210316,129.8,134.0,129.0,132.65,37218,22178
SATIA,20210316,85.9,88.0,84.0,84.6,102537,52344
SATIN,20210316,104.0,104.0,97.85,97.95,252699,181611
SBICARD,20210316,1023.5,1034.8,1013.05,1022.1,635668,204892
SBIETFIT,20210316,260.1,267.0,260.1,263.86,4542,4343
SBIETFPB,20210316,191.9,191.9,186.0,186.34,1267,1141
SBIETFQLTY,20210316,126.43,128.95,125.1,126.98,652,452
SBILIFE,20210316,918.45,923.9,911.0,914.05,1422174,574933
SBIN,20210316,385.6,387.85,376.1,378.55,38196452,8488656
SCHAEFFLER,20210316,5328.95,5449.0,5225.25,5310.35,13896,7503
SCHAND,20210316,126.1,134.0,121.4,131.7,849786,321550
SCHNEIDER,20210316,100.05,103.4,98.8,99.7,661942,256874
SCI,20210316,124.15,124.15,119.7,120.35,2930629,838411
SDBL,20210316,33.2,34.9,32.3,33.7,424615,269548
SEAMECLTD,20210316,450.5,457.8,432.0,436.0,39071,12988
SECL,20210316,15.75,15.75,15.75,15.75,3000,3000
SECURCRED,20210316,14.75,14.75,14.75,14.75,3000,3000
SECURKLOUD,20210316,86.5,87.7,83.85,84.3,28224,19142
SELAN,20210316,131.0,134.25,129.3,131.4,98084,43898
SEQUENT,20210316,223.25,230.0,221.0,222.9,255586,152167
SESHAPAPER,20210316,165.0,169.3,162.2,163.9,229378,90281
SETCO,20210316,17.05,17.95,16.9,17.0,334697,202364
SETF10GILT,20210316,202.9,203.0,199.4,199.55,258,166
SETFGOLD,20210316,4039.0,4039.0,4001.4,4022.05,63301,51790
SETFNIF50,20210316,159.76,159.76,152.51,152.65,441500,209445
SETFNIFBK,20210316,354.0,355.0,347.11,347.63,46409,38923
SETFNN50,20210316,361.99,362.5,356.41,357.94,27971,20698
SEYAIND,20210316,61.4,61.5,59.6,60.1,18443,13260
SFL,20210316,2117.0,2134.0,2044.0,2070.0,19092,13318
SGBAPR28I,20210316,4725.0,4725.0,4664.0,4683.0,34,29
SGBAUG24,20210316,4667.0,4699.0,4635.1,4647.49,552,484
SGBAUG27,20210316,4692.0,4692.0,4625.0,4625.0,4,4
SGBAUG28V,20210316,4750.0,4770.0,4636.1,4754.63,3277,3192
SGBDC27VII,20210316,4616.66,4727.9,4555.0,4597.5,71,51
SGBDEC25,20210316,4586.2,4800.0,4584.0,4800.0,7,6
SGBDEC2513,20210316,5044.4,5044.4,4584.0,4592.0,15,5
SGBFEB24,20210316,4620.0,4640.0,4620.0,4640.0,25,25
SGBFEB28IX,20210316,4625.0,4625.0,4625.0,4625.0,11,11
SGBFEB29XI,20210316,4850.0,4850.0,4650.0,4710.0,52,52
SGBJAN27,20210316,4780.0,4780.0,4750.0,4765.0,21,21
SGBJAN29IX,20210316,4666.0,4716.0,4666.0,4712.59,144,127
SGBJAN29X,20210316,4700.0,4840.0,4602.0,4816.4,17,14
SGBJUL25,20210316,4599.0,4599.0,4599.0,4599.0,14,14
SGBJUL27,20210316,5000.0,5000.0,4600.04,4600.1,42,21
SGBJUL28IV,20210316,4630.0,4640.0,4610.0,4619.28,752,743
SGBJUN27,20210316,4590.0,4590.0,4550.0,4550.0,345,345
SGBJUN28,20210316,4645.49,4658.99,4630.0,4638.72,565,520
SGBMAR24,20210316,4641.0,4665.0,4626.0,4626.0,24,23
SGBMAR25,20210316,4620.0,4620.0,4601.0,4601.1,162,152
SGBMAR28X,20210316,4586.0,4649.94,4585.5,4601.77,54,44
SGBMAY25,20210316,4590.0,4630.0,4590.0,4630.0,5,5
SGBMAY26,20210316,4600.0,4600.0,4550.0,4577.0,971,971
SGBMAY28,20210316,4615.01,4639.0,4615.0,4634.67,138,128
SGBN28VIII,20210316,4795.0,4799.99,4680.0,4750.6,33,22
SGBNOV23,20210316,4612.0,4663.9,4602.01,4648.04,147,102
SGBNOV24,20210316,4619.0,4619.0,4605.0,4606.0,15,15
SGBNOV258,20210316,4620.0,4700.0,4620.0,4700.0,17,17
SGBNOV25VI,20210316,4600.0,4600.0,4600.0,4600.0,6,6
SGBNOV26,20210316,4580.0,4580.0,4580.0,4580.0,1,1
SGBOC28VII,20210316,4683.0,4710.0,4655.0,4705.62,299,254
SGBOCT25,20210316,4600.0,4600.0,4505.0,4522.39,927,886
SGBOCT25IV,20210316,4650.0,4650.0,4625.0,4625.0,11,11
SGBOCT25V,20210316,4732.0,4732.0,4731.0,4731.0,4,2
SGBOCT26,20210316,4612.0,4612.0,4612.0,4612.0,7,7
SGBOCT27,20210316,4728.0,4998.0,4728.0,4750.0,16,15
SGBOCT27VI,20210316,4601.0,4601.0,4601.0,4601.0,4,4
SGBSEP24,20210316,4680.0,4680.0,4610.0,4625.0,84,77
SGBSEP27,20210316,4720.0,4720.0,4699.99,4699.99,7,7
SGBSEP28VI,20210316,4690.0,4700.0,4662.0,4676.82,304,297
SGL,20210316,9.2,9.25,7.2,8.3,52977,26214
SHAHALLOYS,20210316,8.95,8.95,8.95,8.95,1211,1211
SHAKTIPUMP,20210316,541.45,556.0,457.5,532.65,84348,36682
SHALBY,20210316,105.35,108.2,104.9,106.15,159597,38910
SHALPAINTS,20210316,91.8,93.8,90.3,91.05,103298,34260
SHANKARA,20210316,436.6,443.45,425.1,427.85,66759,16162
SHANTI,20210316,24.0,24.0,24.0,24.0,4500,4500
SHANTIGEAR,20210316,128.6,128.6,126.0,126.45,11698,7606
SHARDACROP,20210316,301.75,304.4,294.0,294.85,92341,59864
SHARDAMOTR,20210316,2071.0,2133.2,2065.0,2089.35,2376,1617
SHAREINDIA,20210316,273.9,273.9,268.0,268.6,3114,2516
SHARIABEES,20210316,366.0,369.6,365.73,366.13,447,424
SHEMAROO,20210316,74.95,81.1,73.0,78.9,420626,229204
SHIL,20210316,262.5,274.45,262.5,274.45,55635,42449
SHILPAMED,20210316,359.0,360.0,347.2,350.5,327628,207964
SHIVAMAUTO,20210316,19.8,20.05,19.4,19.55,71301,50739
SHIVATEX,20210316,151.25,164.45,151.0,163.4,12531,7084
SHK,20210316,121.9,121.95,119.05,119.85,155200,91002
SHOPERSTOP,20210316,232.0,243.6,231.95,237.2,219391,70011
SHREDIGCEM,20210316,69.0,70.0,66.3,67.05,832819,438211
SHREECEM,20210316,27895.0,27948.25,27351.1,27430.8,38175,11611
SHREEPUSHK,20210316,140.25,156.55,138.7,146.75,728846,256874
SHREERAMA,20210316,12.2,12.2,10.65,10.95,83397,57807
SHRENIK,20210316,2.1,2.2,2.0,2.2,3782556,1905177
SHREYANIND,20210316,94.6,110.55,93.2,108.9,1200322,331833
SHREYAS,20210316,84.75,85.5,82.3,83.4,98576,67718
SHRIRAMCIT,20210316,1503.35,1521.45,1490.0,1496.5,21237,13270
SHRIRAMEPC,20210316,4.5,4.5,4.4,4.4,359568,270519
SHUBHLAXMI,20210316,13.55,13.55,12.95,13.25,4000,3000
SHYAMCENT,20210316,5.65,5.65,5.4,5.45,47486,33222
SICAGEN,20210316,14.6,16.05,14.1,16.05,182902,106561
SICAL,20210316,13.0,13.3,12.6,12.7,604289,454254
SIEMENS,20210316,1884.35,1888.85,1852.6,1883.45,365715,33664
SIGIND,20210316,33.0,33.5,32.35,32.65,19281,12616
SIGMA,20210316,44.0,44.0,44.0,44.0,3000,3000
SIKKO,20210316,25.4,25.4,25.4,25.4,8000,8000
SILGO,20210316,49.25,49.6,45.0,46.0,22816,10322
SILINV,20210316,223.5,224.0,216.0,216.4,8601,5590
SIMBHALS,20210316,7.95,8.15,7.65,7.9,33642,29486
SIMPLEXINF,20210316,34.75,36.8,34.75,35.0,158585,58677
SINTERCOM,20210316,88.0,90.3,87.15,87.5,466,119
SIS,20210316,421.85,422.0,412.0,414.0,71796,50030
SITINET,20210316,0.9,0.9,0.85,0.9,1464704,950801
SIYSIL,20210316,214.45,218.85,212.55,216.85,49594,27077
SJVN,20210316,26.2,26.35,26.05,26.1,1063175,509294
SKFINDIA,20210316,2210.05,2249.95,2204.95,2232.05,9599,4711
SKIPPER,20210316,58.6,70.0,58.6,66.85,463890,249907
SKMEGGPROD,20210316,49.9,51.9,49.8,50.35,29102,18681
SKSTEXTILE,20210316,24.6,25.75,23.4,24.3,166000,164000
SMARTLINK,20210316,90.05,92.7,90.0,90.25,18587,5145
SMCGLOBAL,20210316,77.8,78.15,73.8,76.25,156508,93468
SMLISUZU,20210316,472.05,476.0,460.1,464.0,14994,7847
SMSLIFE,20210316,530.05,530.95,524.0,527.5,1534,1077
SMSPHARMA,20210316,130.5,130.8,128.05,128.95,65571,43011
SMVD,20210316,9.0,9.0,8.75,9.0,8000,8000
SNOWMAN,20210316,53.25,53.4,52.2,52.3,1838230,805514
SOBHA,20210316,448.9,466.7,446.9,462.45,320218,118535
SOFTTECH,20210316,89.0,89.0,89.0,89.0,1600,1600
SOLARA,20210316,1285.25,1285.25,1246.2,1255.0,42037,24121
SOLARINDS,20210316,1320.75,1330.9,1315.0,1322.4,13920,11320
SOLEX,20210316,34.0,35.15,34.0,35.15,6000,4000
SOMANYCERA,20210316,425.0,432.55,415.0,423.1,28858,17858
SONAMCLOCK,20210316,59.75,59.75,59.25,59.25,9000,0
SONATSOFTW,20210316,505.1,539.0,504.85,523.85,1641785,489919
SORILINFRA,20210316,169.0,179.95,168.9,175.5,113879,48320
SOTL,20210316,1003.0,1080.0,1003.0,1016.25,13302,5500
SOUTHBANK,20210316,9.35,9.45,9.2,9.25,10127787,4398890
SOUTHWEST,20210316,43.15,43.65,41.45,43.6,23373,21682
SPAL,20210316,176.2,180.55,170.0,172.05,20678,11408
SPANDANA,20210316,612.15,623.0,605.0,606.0,56728,39246
SPARC,20210316,163.7,164.35,162.5,163.0,234393,120260
SPECIALITY,20210316,46.3,46.85,45.1,45.3,54824,40237
SPENCERS,20210316,77.85,78.0,76.4,76.75,252209,84723
SPIC,20210316,34.4,35.35,32.9,33.25,2820567,972113
SPICEJET,20210316,80.6,80.6,78.7,79.15,3728792,1204525
SPLIL,20210316,35.7,36.8,35.0,35.15,39380,23707
SPMLINFRA,20210316,12.35,12.5,11.8,12.05,15453,11890
SPTL,20210316,4.4,4.4,4.4,4.4,1892134,1891133
SPYL,20210316,0.4,0.4,0.35,0.4,492968,357886
SREEL,20210316,149.7,152.05,146.05,147.2,48149,39852
SREIBNPNCD,20210316,423.0,423.0,423.0,423.0,10,10
SREIBNPNCD,20210316,423.0,423.0,423.0,423.0,225,225
SREIBNPNCD,20210316,423.0,423.0,423.0,423.0,200,200
SREIBNPNCD,20210316,423.0,423.0,423.0,423.0,189,104
SREIBNPNCD,20210316,423.0,423.0,423.0,423.0,42,42
SREIBNPNCD,20210316,423.0,423.0,423.0,423.0,470,420
SREIBNPNCD,20210316,423.0,423.0,423.0,423.0,15,15
SREIBNPNCD,20210316,423.0,423.0,423.0,423.0,310,110
SREIBNPNCD,20210316,423.0,423.0,423.0,423.0,48,48
SREIBNPNCD,20210316,423.0,423.0,423.0,423.0,25,20
SREIBNPNCD,20210316,423.0,423.0,423.0,423.0,2,2
SREIBNPNCD,20210316,423.0,423.0,423.0,423.0,72,72
SREIBNPNCD,20210316,423.0,423.0,423.0,423.0,87,87
SREIBNPNCD,20210316,415.0,450.0,415.0,448.48,10,10
SREIBNPNCD,20210316,415.0,450.0,415.0,448.48,225,225
SREIBNPNCD,20210316,415.0,450.0,415.0,448.48,200,200
SREIBNPNCD,20210316,415.0,450.0,415.0,448.48,189,104
SREIBNPNCD,20210316,415.0,450.0,415.0,448.48,42,42
SREIBNPNCD,20210316,415.0,450.0,415.0,448.48,470,420
SREIBNPNCD,20210316,415.0,450.0,415.0,448.48,15,15
SREIBNPNCD,20210316,415.0,450.0,415.0,448.48,310,110
SREIBNPNCD,20210316,415.0,450.0,415.0,448.48,48,48
SREIBNPNCD,20210316,415.0,450.0,415.0,448.48,25,20
SREIBNPNCD,20210316,415.0,450.0,415.0,448.48,2,2
SREIBNPNCD,20210316,415.0,450.0,415.0,448.48,72,72
SREIBNPNCD,20210316,415.0,450.0,415.0,448.48,87,87
SREIBNPNCD,20210316,462.5,462.5,462.5,462.5,10,10
SREIBNPNCD,20210316,462.5,462.5,462.5,462.5,225,225
SREIBNPNCD,20210316,462.5,462.5,462.5,462.5,200,200
SREIBNPNCD,20210316,462.5,462.5,462.5,462.5,189,104
SREIBNPNCD,20210316,462.5,462.5,462.5,462.5,42,42
SREIBNPNCD,20210316,462.5,462.5,462.5,462.5,470,420
SREIBNPNCD,20210316,462.5,462.5,462.5,462.5,15,15
SREIBNPNCD,20210316,462.5,462.5,462.5,462.5,310,110
SREIBNPNCD,20210316,462.5,462.5,462.5,462.5,48,48
SREIBNPNCD,20210316,462.5,462.5,462.5,462.5,25,20
SREIBNPNCD,20210316,462.5,462.5,462.5,462.5,2,2
SREIBNPNCD,20210316,462.5,462.5,462.5,462.5,72,72
SREIBNPNCD,20210316,462.5,462.5,462.5,462.5,87,87
SREIBNPNCD,20210316,399.0,420.0,365.0,420.0,10,10
SREIBNPNCD,20210316,399.0,420.0,365.0,420.0,225,225
SREIBNPNCD,20210316,399.0,420.0,365.0,420.0,200,200
SREIBNPNCD,20210316,399.0,420.0,365.0,420.0,189,104
SREIBNPNCD,20210316,399.0,420.0,365.0,420.0,42,42
SREIBNPNCD,20210316,399.0,420.0,365.0,420.0,470,420
SREIBNPNCD,20210316,399.0,420.0,365.0,420.0,15,15
SREIBNPNCD,20210316,399.0,420.0,365.0,420.0,310,110
SREIBNPNCD,20210316,399.0,420.0,365.0,420.0,48,48
SREIBNPNCD,20210316,399.0,420.0,365.0,420.0,25,20
SREIBNPNCD,20210316,399.0,420.0,365.0,420.0,2,2
SREIBNPNCD,20210316,399.0,420.0,365.0,420.0,72,72
SREIBNPNCD,20210316,399.0,420.0,365.0,420.0,87,87
SREIBNPNCD,20210316,350.0,350.0,350.0,350.0,10,10
SREIBNPNCD,20210316,350.0,350.0,350.0,350.0,225,225
SREIBNPNCD,20210316,350.0,350.0,350.0,350.0,200,200
SREIBNPNCD,20210316,350.0,350.0,350.0,350.0,189,104
SREIBNPNCD,20210316,350.0,350.0,350.0,350.0,42,42
SREIBNPNCD,20210316,350.0,350.0,350.0,350.0,470,420
SREIBNPNCD,20210316,350.0,350.0,350.0,350.0,15,15
SREIBNPNCD,20210316,350.0,350.0,350.0,350.0,310,110
SREIBNPNCD,20210316,350.0,350.0,350.0,350.0,48,48
SREIBNPNCD,20210316,350.0,350.0,350.0,350.0,25,20
SREIBNPNCD,20210316,350.0,350.0,350.0,350.0,2,2
SREIBNPNCD,20210316,350.0,350.0,350.0,350.0,72,72
SREIBNPNCD,20210316,350.0,350.0,350.0,350.0,87,87
SREIBNPNCD,20210316,361.1,361.1,299.99,302.02,10,10
SREIBNPNCD,20210316,361.1,361.1,299.99,302.02,225,225
SREIBNPNCD,20210316,361.1,361.1,299.99,302.02,200,200
SREIBNPNCD,20210316,361.1,361.1,299.99,302.02,189,104
SREIBNPNCD,20210316,361.1,361.1,299.99,302.02,42,42
SREIBNPNCD,20210316,361.1,361.1,299.99,302.02,470,420
SREIBNPNCD,20210316,361.1,361.1,299.99,302.02,15,15
SREIBNPNCD,20210316,361.1,361.1,299.99,302.02,310,110
SREIBNPNCD,20210316,361.1,361.1,299.99,302.02,48,48
SREIBNPNCD,20210316,361.1,361.1,299.99,302.02,25,20
SREIBNPNCD,20210316,361.1,361.1,299.99,302.02,2,2
SREIBNPNCD,20210316,361.1,361.1,299.99,302.02,72,72
SREIBNPNCD,20210316,361.1,361.1,299.99,302.02,87,87
SREIBNPNCD,20210316,390.0,390.0,390.0,390.0,10,10
SREIBNPNCD,20210316,390.0,390.0,390.0,390.0,225,225
SREIBNPNCD,20210316,390.0,390.0,390.0,390.0,200,200
SREIBNPNCD,20210316,390.0,390.0,390.0,390.0,189,104
SREIBNPNCD,20210316,390.0,390.0,390.0,390.0,42,42
SREIBNPNCD,20210316,390.0,390.0,390.0,390.0,470,420
SREIBNPNCD,20210316,390.0,390.0,390.0,390.0,15,15
SREIBNPNCD,20210316,390.0,390.0,390.0,390.0,310,110
SREIBNPNCD,20210316,390.0,390.0,390.0,390.0,48,48
SREIBNPNCD,20210316,390.0,390.0,390.0,390.0,25,20
SREIBNPNCD,20210316,390.0,390.0,390.0,390.0,2,2
SREIBNPNCD,20210316,390.0,390.0,390.0,390.0,72,72
SREIBNPNCD,20210316,390.0,390.0,390.0,390.0,87,87
SREIBNPNCD,20210316,589.94,589.94,490.1,490.11,10,10
SREIBNPNCD,20210316,589.94,589.94,490.1,490.11,225,225
SREIBNPNCD,20210316,589.94,589.94,490.1,490.11,200,200
SREIBNPNCD,20210316,589.94,589.94,490.1,490.11,189,104
SREIBNPNCD,20210316,589.94,589.94,490.1,490.11,42,42
SREIBNPNCD,20210316,589.94,589.94,490.1,490.11,470,420
SREIBNPNCD,20210316,589.94,589.94,490.1,490.11,15,15
SREIBNPNCD,20210316,589.94,589.94,490.1,490.11,310,110
SREIBNPNCD,20210316,589.94,589.94,490.1,490.11,48,48
SREIBNPNCD,20210316,589.94,589.94,490.1,490.11,25,20
SREIBNPNCD,20210316,589.94,589.94,490.1,490.11,2,2
SREIBNPNCD,20210316,589.94,589.94,490.1,490.11,72,72
SREIBNPNCD,20210316,589.94,589.94,490.1,490.11,87,87
SREIBNPNCD,20210316,390.0,390.0,390.0,390.0,10,10
SREIBNPNCD,20210316,390.0,390.0,390.0,390.0,225,225
SREIBNPNCD,20210316,390.0,390.0,390.0,390.0,200,200
SREIBNPNCD,20210316,390.0,390.0,390.0,390.0,189,104
SREIBNPNCD,20210316,390.0,390.0,390.0,390.0,42,42
SREIBNPNCD,20210316,390.0,390.0,390.0,390.0,470,420
SREIBNPNCD,20210316,390.0,390.0,390.0,390.0,15,15
SREIBNPNCD,20210316,390.0,390.0,390.0,390.0,310,110
SREIBNPNCD,20210316,390.0,390.0,390.0,390.0,48,48
SREIBNPNCD,20210316,390.0,390.0,390.0,390.0,25,20
SREIBNPNCD,20210316,390.0,390.0,390.0,390.0,2,2
SREIBNPNCD,20210316,390.0,390.0,390.0,390.0,72,72
SREIBNPNCD,20210316,390.0,390.0,390.0,390.0,87,87
SREIBNPNCD,20210316,400.0,420.0,400.0,420.0,10,10
SREIBNPNCD,20210316,400.0,420.0,400.0,420.0,225,225
SREIBNPNCD,20210316,400.0,420.0,400.0,420.0,200,200
SREIBNPNCD,20210316,400.0,420.0,400.0,420.0,189,104
SREIBNPNCD,20210316,400.0,420.0,400.0,420.0,42,42
SREIBNPNCD,20210316,400.0,420.0,400.0,420.0,470,420
SREIBNPNCD,20210316,400.0,420.0,400.0,420.0,15,15
SREIBNPNCD,20210316,400.0,420.0,400.0,420.0,310,110
SREIBNPNCD,20210316,400.0,420.0,400.0,420.0,48,48
SREIBNPNCD,20210316,400.0,420.0,400.0,420.0,25,20
SREIBNPNCD,20210316,400.0,420.0,400.0,420.0,2,2
SREIBNPNCD,20210316,400.0,420.0,400.0,420.0,72,72
SREIBNPNCD,20210316,400.0,420.0,400.0,420.0,87,87
SREIBNPNCD,20210316,459.0,469.0,459.0,469.0,10,10
SREIBNPNCD,20210316,459.0,469.0,459.0,469.0,225,225
SREIBNPNCD,20210316,459.0,469.0,459.0,469.0,200,200
SREIBNPNCD,20210316,459.0,469.0,459.0,469.0,189,104
SREIBNPNCD,20210316,459.0,469.0,459.0,469.0,42,42
SREIBNPNCD,20210316,459.0,469.0,459.0,469.0,470,420
SREIBNPNCD,20210316,459.0,469.0,459.0,469.0,15,15
SREIBNPNCD,20210316,459.0,469.0,459.0,469.0,310,110
SREIBNPNCD,20210316,459.0,469.0,459.0,469.0,48,48
SREIBNPNCD,20210316,459.0,469.0,459.0,469.0,25,20
SREIBNPNCD,20210316,459.0,469.0,459.0,469.0,2,2
SREIBNPNCD,20210316,459.0,469.0,459.0,469.0,72,72
SREIBNPNCD,20210316,459.0,469.0,459.0,469.0,87,87
SREIBNPNCD,20210316,360.0,360.0,360.0,360.0,10,10
SREIBNPNCD,20210316,360.0,360.0,360.0,360.0,225,225
SREIBNPNCD,20210316,360.0,360.0,360.0,360.0,200,200
SREIBNPNCD,20210316,360.0,360.0,360.0,360.0,189,104
SREIBNPNCD,20210316,360.0,360.0,360.0,360.0,42,42
SREIBNPNCD,20210316,360.0,360.0,360.0,360.0,470,420
SREIBNPNCD,20210316,360.0,360.0,360.0,360.0,15,15
SREIBNPNCD,20210316,360.0,360.0,360.0,360.0,310,110
SREIBNPNCD,20210316,360.0,360.0,360.0,360.0,48,48
SREIBNPNCD,20210316,360.0,360.0,360.0,360.0,25,20
SREIBNPNCD,20210316,360.0,360.0,360.0,360.0,2,2
SREIBNPNCD,20210316,360.0,360.0,360.0,360.0,72,72
SREIBNPNCD,20210316,360.0,360.0,360.0,360.0,87,87
SREIBNPNCD,20210316,320.0,320.0,320.0,320.0,10,10
SREIBNPNCD,20210316,320.0,320.0,320.0,320.0,225,225
SREIBNPNCD,20210316,320.0,320.0,320.0,320.0,200,200
SREIBNPNCD,20210316,320.0,320.0,320.0,320.0,189,104
SREIBNPNCD,20210316,320.0,320.0,320.0,320.0,42,42
SREIBNPNCD,20210316,320.0,320.0,320.0,320.0,470,420
SREIBNPNCD,20210316,320.0,320.0,320.0,320.0,15,15
SREIBNPNCD,20210316,320.0,320.0,320.0,320.0,310,110
SREIBNPNCD,20210316,320.0,320.0,320.0,320.0,48,48
SREIBNPNCD,20210316,320.0,320.0,320.0,320.0,25,20
SREIBNPNCD,20210316,320.0,320.0,320.0,320.0,2,2
SREIBNPNCD,20210316,320.0,320.0,320.0,320.0,72,72
SREIBNPNCD,20210316,320.0,320.0,320.0,320.0,87,87
SREINFRA,20210316,6.8,6.8,6.6,6.6,839309,490546
SRF,20210316,5590.0,5590.0,5481.0,5503.25,79326,38140
SRHHYPOLTD,20210316,281.0,291.85,273.0,277.0,36532,21746
SRIPIPES,20210316,177.65,181.85,176.25,180.45,170212,103878
SRIRAM,20210316,16.2,16.2,16.2,16.2,6000,6000
SRTRANSFIN,20210316,1289.0,1331.8,1280.55,1322.95,2544685,416577
SRTRANSFIN,20210316,1289.0,1331.8,1280.55,1322.95,125,125
SRTRANSFIN,20210316,1289.0,1331.8,1280.55,1322.95,100,100
SRTRANSFIN,20210316,1289.0,1331.8,1280.55,1322.95,100,50
SRTRANSFIN,20210316,1289.0,1331.8,1280.55,1322.95,1331,1331
SRTRANSFIN,20210316,1289.0,1331.8,1280.55,1322.95,1015,915
SRTRANSFIN,20210316,1289.0,1331.8,1280.55,1322.95,18,18
SRTRANSFIN,20210316,1289.0,1331.8,1280.55,1322.95,40,40
SRTRANSFIN,20210316,1289.0,1331.8,1280.55,1322.95,60,60
SRTRANSFIN,20210316,1289.0,1331.8,1280.55,1322.95,225,225
SRTRANSFIN,20210316,1289.0,1331.8,1280.55,1322.95,30,30
SRTRANSFIN,20210316,1289.0,1331.8,1280.55,1322.95,76,76
SRTRANSFIN,20210316,1289.0,1331.8,1280.55,1322.95,48,48
SRTRANSFIN,20210316,1289.0,1331.8,1280.55,1322.95,500,500
SRTRANSFIN,20210316,1289.0,1331.8,1280.55,1322.95,90,90
SRTRANSFIN,20210316,1289.0,1331.8,1280.55,1322.95,150,150
SRTRANSFIN,20210316,1289.0,1331.8,1280.55,1322.95,33,33
SRTRANSFIN,20210316,1289.0,1331.8,1280.55,1322.95,1150,1000
SRTRANSFIN,20210316,1078.5,1082.0,1078.5,1079.0,2544685,416577
SRTRANSFIN,20210316,1078.5,1082.0,1078.5,1079.0,125,125
SRTRANSFIN,20210316,1078.5,1082.0,1078.5,1079.0,100,100
SRTRANSFIN,20210316,1078.5,1082.0,1078.5,1079.0,100,50
SRTRANSFIN,20210316,1078.5,1082.0,1078.5,1079.0,1331,1331
SRTRANSFIN,20210316,1078.5,1082.0,1078.5,1079.0,1015,915
SRTRANSFIN,20210316,1078.5,1082.0,1078.5,1079.0,18,18
SRTRANSFIN,20210316,1078.5,1082.0,1078.5,1079.0,40,40
SRTRANSFIN,20210316,1078.5,1082.0,1078.5,1079.0,60,60
SRTRANSFIN,20210316,1078.5,1082.0,1078.5,1079.0,225,225
SRTRANSFIN,20210316,1078.5,1082.0,1078.5,1079.0,30,30
SRTRANSFIN,20210316,1078.5,1082.0,1078.5,1079.0,76,76
SRTRANSFIN,20210316,1078.5,1082.0,1078.5,1079.0,48,48
SRTRANSFIN,20210316,1078.5,1082.0,1078.5,1079.0,500,500
SRTRANSFIN,20210316,1078.5,1082.0,1078.5,1079.0,90,90
SRTRANSFIN,20210316,1078.5,1082.0,1078.5,1079.0,150,150
SRTRANSFIN,20210316,1078.5,1082.0,1078.5,1079.0,33,33
SRTRANSFIN,20210316,1078.5,1082.0,1078.5,1079.0,1150,1000
SRTRANSFIN,20210316,1020.0,1020.0,1020.0,1020.0,2544685,416577
SRTRANSFIN,20210316,1020.0,1020.0,1020.0,1020.0,125,125
SRTRANSFIN,20210316,1020.0,1020.0,1020.0,1020.0,100,100
SRTRANSFIN,20210316,1020.0,1020.0,1020.0,1020.0,100,50
SRTRANSFIN,20210316,1020.0,1020.0,1020.0,1020.0,1331,1331
SRTRANSFIN,20210316,1020.0,1020.0,1020.0,1020.0,1015,915
SRTRANSFIN,20210316,1020.0,1020.0,1020.0,1020.0,18,18
SRTRANSFIN,20210316,1020.0,1020.0,1020.0,1020.0,40,40
SRTRANSFIN,20210316,1020.0,1020.0,1020.0,1020.0,60,60
SRTRANSFIN,20210316,1020.0,1020.0,1020.0,1020.0,225,225
SRTRANSFIN,20210316,1020.0,1020.0,1020.0,1020.0,30,30
SRTRANSFIN,20210316,1020.0,1020.0,1020.0,1020.0,76,76
SRTRANSFIN,20210316,1020.0,1020.0,1020.0,1020.0,48,48
SRTRANSFIN,20210316,1020.0,1020.0,1020.0,1020.0,500,500
SRTRANSFIN,20210316,1020.0,1020.0,1020.0,1020.0,90,90
SRTRANSFIN,20210316,1020.0,1020.0,1020.0,1020.0,150,150
SRTRANSFIN,20210316,1020.0,1020.0,1020.0,1020.0,33,33
SRTRANSFIN,20210316,1020.0,1020.0,1020.0,1020.0,1150,1000
SRTRANSFIN,20210316,1003.2,1010.0,1003.2,1006.0,2544685,416577
SRTRANSFIN,20210316,1003.2,1010.0,1003.2,1006.0,125,125
SRTRANSFIN,20210316,1003.2,1010.0,1003.2,1006.0,100,100
SRTRANSFIN,20210316,1003.2,1010.0,1003.2,1006.0,100,50
SRTRANSFIN,20210316,1003.2,1010.0,1003.2,1006.0,1331,1331
SRTRANSFIN,20210316,1003.2,1010.0,1003.2,1006.0,1015,915
SRTRANSFIN,20210316,1003.2,1010.0,1003.2,1006.0,18,18
SRTRANSFIN,20210316,1003.2,1010.0,1003.2,1006.0,40,40
SRTRANSFIN,20210316,1003.2,1010.0,1003.2,1006.0,60,60
SRTRANSFIN,20210316,1003.2,1010.0,1003.2,1006.0,225,225
SRTRANSFIN,20210316,1003.2,1010.0,1003.2,1006.0,30,30
SRTRANSFIN,20210316,1003.2,1010.0,1003.2,1006.0,76,76
SRTRANSFIN,20210316,1003.2,1010.0,1003.2,1006.0,48,48
SRTRANSFIN,20210316,1003.2,1010.0,1003.2,1006.0,500,500
SRTRANSFIN,20210316,1003.2,1010.0,1003.2,1006.0,90,90
SRTRANSFIN,20210316,1003.2,1010.0,1003.2,1006.0,150,150
SRTRANSFIN,20210316,1003.2,1010.0,1003.2,1006.0,33,33
SRTRANSFIN,20210316,1003.2,1010.0,1003.2,1006.0,1150,1000
SRTRANSFIN,20210316,1060.01,1060.01,1057.01,1057.41,2544685,416577
SRTRANSFIN,20210316,1060.01,1060.01,1057.01,1057.41,125,125
SRTRANSFIN,20210316,1060.01,1060.01,1057.01,1057.41,100,100
SRTRANSFIN,20210316,1060.01,1060.01,1057.01,1057.41,100,50
SRTRANSFIN,20210316,1060.01,1060.01,1057.01,1057.41,1331,1331
SRTRANSFIN,20210316,1060.01,1060.01,1057.01,1057.41,1015,915
SRTRANSFIN,20210316,1060.01,1060.01,1057.01,1057.41,18,18
SRTRANSFIN,20210316,1060.01,1060.01,1057.01,1057.41,40,40
SRTRANSFIN,20210316,1060.01,1060.01,1057.01,1057.41,60,60
SRTRANSFIN,20210316,1060.01,1060.01,1057.01,1057.41,225,225
SRTRANSFIN,20210316,1060.01,1060.01,1057.01,1057.41,30,30
SRTRANSFIN,20210316,1060.01,1060.01,1057.01,1057.41,76,76
SRTRANSFIN,20210316,1060.01,1060.01,1057.01,1057.41,48,48
SRTRANSFIN,20210316,1060.01,1060.01,1057.01,1057.41,500,500
SRTRANSFIN,20210316,1060.01,1060.01,1057.01,1057.41,90,90
SRTRANSFIN,20210316,1060.01,1060.01,1057.01,1057.41,150,150
SRTRANSFIN,20210316,1060.01,1060.01,1057.01,1057.41,33,33
SRTRANSFIN,20210316,1060.01,1060.01,1057.01,1057.41,1150,1000
SRTRANSFIN,20210316,1079.75,1080.0,1070.01,1070.01,2544685,416577
SRTRANSFIN,20210316,1079.75,1080.0,1070.01,1070.01,125,125
SRTRANSFIN,20210316,1079.75,1080.0,1070.01,1070.01,100,100
SRTRANSFIN,20210316,1079.75,1080.0,1070.01,1070.01,100,50
SRTRANSFIN,20210316,1079.75,1080.0,1070.01,1070.01,1331,1331
SRTRANSFIN,20210316,1079.75,1080.0,1070.01,1070.01,1015,915
SRTRANSFIN,20210316,1079.75,1080.0,1070.01,1070.01,18,18
SRTRANSFIN,20210316,1079.75,1080.0,1070.01,1070.01,40,40
SRTRANSFIN,20210316,1079.75,1080.0,1070.01,1070.01,60,60
SRTRANSFIN,20210316,1079.75,1080.0,1070.01,1070.01,225,225
SRTRANSFIN,20210316,1079.75,1080.0,1070.01,1070.01,30,30
SRTRANSFIN,20210316,1079.75,1080.0,1070.01,1070.01,76,76
SRTRANSFIN,20210316,1079.75,1080.0,1070.01,1070.01,48,48
SRTRANSFIN,20210316,1079.75,1080.0,1070.01,1070.01,500,500
SRTRANSFIN,20210316,1079.75,1080.0,1070.01,1070.01,90,90
SRTRANSFIN,20210316,1079.75,1080.0,1070.01,1070.01,150,150
SRTRANSFIN,20210316,1079.75,1080.0,1070.01,1070.01,33,33
SRTRANSFIN,20210316,1079.75,1080.0,1070.01,1070.01,1150,1000
SRTRANSFIN,20210316,1063.0,1063.0,1063.0,1063.0,2544685,416577
SRTRANSFIN,20210316,1063.0,1063.0,1063.0,1063.0,125,125
SRTRANSFIN,20210316,1063.0,1063.0,1063.0,1063.0,100,100
SRTRANSFIN,20210316,1063.0,1063.0,1063.0,1063.0,100,50
SRTRANSFIN,20210316,1063.0,1063.0,1063.0,1063.0,1331,1331
SRTRANSFIN,20210316,1063.0,1063.0,1063.0,1063.0,1015,915
SRTRANSFIN,20210316,1063.0,1063.0,1063.0,1063.0,18,18
SRTRANSFIN,20210316,1063.0,1063.0,1063.0,1063.0,40,40
SRTRANSFIN,20210316,1063.0,1063.0,1063.0,1063.0,60,60
SRTRANSFIN,20210316,1063.0,1063.0,1063.0,1063.0,225,225
SRTRANSFIN,20210316,1063.0,1063.0,1063.0,1063.0,30,30
SRTRANSFIN,20210316,1063.0,1063.0,1063.0,1063.0,76,76
SRTRANSFIN,20210316,1063.0,1063.0,1063.0,1063.0,48,48
SRTRANSFIN,20210316,1063.0,1063.0,1063.0,1063.0,500,500
SRTRANSFIN,20210316,1063.0,1063.0,1063.0,1063.0,90,90
SRTRANSFIN,20210316,1063.0,1063.0,1063.0,1063.0,150,150
SRTRANSFIN,20210316,1063.0,1063.0,1063.0,1063.0,33,33
SRTRANSFIN,20210316,1063.0,1063.0,1063.0,1063.0,1150,1000
SRTRANSFIN,20210316,1260.0,1260.5,1260.0,1260.5,2544685,416577
SRTRANSFIN,20210316,1260.0,1260.5,1260.0,1260.5,125,125
SRTRANSFIN,20210316,1260.0,1260.5,1260.0,1260.5,100,100
SRTRANSFIN,20210316,1260.0,1260.5,1260.0,1260.5,100,50
SRTRANSFIN,20210316,1260.0,1260.5,1260.0,1260.5,1331,1331
SRTRANSFIN,20210316,1260.0,1260.5,1260.0,1260.5,1015,915
SRTRANSFIN,20210316,1260.0,1260.5,1260.0,1260.5,18,18
SRTRANSFIN,20210316,1260.0,1260.5,1260.0,1260.5,40,40
SRTRANSFIN,20210316,1260.0,1260.5,1260.0,1260.5,60,60
SRTRANSFIN,20210316,1260.0,1260.5,1260.0,1260.5,225,225
SRTRANSFIN,20210316,1260.0,1260.5,1260.0,1260.5,30,30
SRTRANSFIN,20210316,1260.0,1260.5,1260.0,1260.5,76,76
SRTRANSFIN,20210316,1260.0,1260.5,1260.0,1260.5,48,48
SRTRANSFIN,20210316,1260.0,1260.5,1260.0,1260.5,500,500
SRTRANSFIN,20210316,1260.0,1260.5,1260.0,1260.5,90,90
SRTRANSFIN,20210316,1260.0,1260.5,1260.0,1260.5,150,150
SRTRANSFIN,20210316,1260.0,1260.5,1260.0,1260.5,33,33
SRTRANSFIN,20210316,1260.0,1260.5,1260.0,1260.5,1150,1000
SRTRANSFIN,20210316,1042.0,1050.0,1042.0,1042.0,2544685,416577
SRTRANSFIN,20210316,1042.0,1050.0,1042.0,1042.0,125,125
SRTRANSFIN,20210316,1042.0,1050.0,1042.0,1042.0,100,100
SRTRANSFIN,20210316,1042.0,1050.0,1042.0,1042.0,100,50
SRTRANSFIN,20210316,1042.0,1050.0,1042.0,1042.0,1331,1331
SRTRANSFIN,20210316,1042.0,1050.0,1042.0,1042.0,1015,915
SRTRANSFIN,20210316,1042.0,1050.0,1042.0,1042.0,18,18
SRTRANSFIN,20210316,1042.0,1050.0,1042.0,1042.0,40,40
SRTRANSFIN,20210316,1042.0,1050.0,1042.0,1042.0,60,60
SRTRANSFIN,20210316,1042.0,1050.0,1042.0,1042.0,225,225
SRTRANSFIN,20210316,1042.0,1050.0,1042.0,1042.0,30,30
SRTRANSFIN,20210316,1042.0,1050.0,1042.0,1042.0,76,76
SRTRANSFIN,20210316,1042.0,1050.0,1042.0,1042.0,48,48
SRTRANSFIN,20210316,1042.0,1050.0,1042.0,1042.0,500,500
SRTRANSFIN,20210316,1042.0,1050.0,1042.0,1042.0,90,90
SRTRANSFIN,20210316,1042.0,1050.0,1042.0,1042.0,150,150
SRTRANSFIN,20210316,1042.0,1050.0,1042.0,1042.0,33,33
SRTRANSFIN,20210316,1042.0,1050.0,1042.0,1042.0,1150,1000
SRTRANSFIN,20210316,1050.0,1050.0,1050.0,1050.0,2544685,416577
SRTRANSFIN,20210316,1050.0,1050.0,1050.0,1050.0,125,125
SRTRANSFIN,20210316,1050.0,1050.0,1050.0,1050.0,100,100
SRTRANSFIN,20210316,1050.0,1050.0,1050.0,1050.0,100,50
SRTRANSFIN,20210316,1050.0,1050.0,1050.0,1050.0,1331,1331
SRTRANSFIN,20210316,1050.0,1050.0,1050.0,1050.0,1015,915
SRTRANSFIN,20210316,1050.0,1050.0,1050.0,1050.0,18,18
SRTRANSFIN,20210316,1050.0,1050.0,1050.0,1050.0,40,40
SRTRANSFIN,20210316,1050.0,1050.0,1050.0,1050.0,60,60
SRTRANSFIN,20210316,1050.0,1050.0,1050.0,1050.0,225,225
SRTRANSFIN,20210316,1050.0,1050.0,1050.0,1050.0,30,30
SRTRANSFIN,20210316,1050.0,1050.0,1050.0,1050.0,76,76
SRTRANSFIN,20210316,1050.0,1050.0,1050.0,1050.0,48,48
SRTRANSFIN,20210316,1050.0,1050.0,1050.0,1050.0,500,500
SRTRANSFIN,20210316,1050.0,1050.0,1050.0,1050.0,90,90
SRTRANSFIN,20210316,1050.0,1050.0,1050.0,1050.0,150,150
SRTRANSFIN,20210316,1050.0,1050.0,1050.0,1050.0,33,33
SRTRANSFIN,20210316,1050.0,1050.0,1050.0,1050.0,1150,1000
SRTRANSFIN,20210316,1237.1,1237.1,1236.1,1236.1,2544685,416577
SRTRANSFIN,20210316,1237.1,1237.1,1236.1,1236.1,125,125
SRTRANSFIN,20210316,1237.1,1237.1,1236.1,1236.1,100,100
SRTRANSFIN,20210316,1237.1,1237.1,1236.1,1236.1,100,50
SRTRANSFIN,20210316,1237.1,1237.1,1236.1,1236.1,1331,1331
SRTRANSFIN,20210316,1237.1,1237.1,1236.1,1236.1,1015,915
SRTRANSFIN,20210316,1237.1,1237.1,1236.1,1236.1,18,18
SRTRANSFIN,20210316,1237.1,1237.1,1236.1,1236.1,40,40
SRTRANSFIN,20210316,1237.1,1237.1,1236.1,1236.1,60,60
SRTRANSFIN,20210316,1237.1,1237.1,1236.1,1236.1,225,225
SRTRANSFIN,20210316,1237.1,1237.1,1236.1,1236.1,30,30
SRTRANSFIN,20210316,1237.1,1237.1,1236.1,1236.1,76,76
SRTRANSFIN,20210316,1237.1,1237.1,1236.1,1236.1,48,48
SRTRANSFIN,20210316,1237.1,1237.1,1236.1,1236.1,500,500
SRTRANSFIN,20210316,1237.1,1237.1,1236.1,1236.1,90,90
SRTRANSFIN,20210316,1237.1,1237.1,1236.1,1236.1,150,150
SRTRANSFIN,20210316,1237.1,1237.1,1236.1,1236.1,33,33
SRTRANSFIN,20210316,1237.1,1237.1,1236.1,1236.1,1150,1000
SRTRANSFIN,20210316,1025.0,1028.5,1025.0,1028.5,2544685,416577
SRTRANSFIN,20210316,1025.0,1028.5,1025.0,1028.5,125,125
SRTRANSFIN,20210316,1025.0,1028.5,1025.0,1028.5,100,100
SRTRANSFIN,20210316,1025.0,1028.5,1025.0,1028.5,100,50
SRTRANSFIN,20210316,1025.0,1028.5,1025.0,1028.5,1331,1331
SRTRANSFIN,20210316,1025.0,1028.5,1025.0,1028.5,1015,915
SRTRANSFIN,20210316,1025.0,1028.5,1025.0,1028.5,18,18
SRTRANSFIN,20210316,1025.0,1028.5,1025.0,1028.5,40,40
SRTRANSFIN,20210316,1025.0,1028.5,1025.0,1028.5,60,60
SRTRANSFIN,20210316,1025.0,1028.5,1025.0,1028.5,225,225
SRTRANSFIN,20210316,1025.0,1028.5,1025.0,1028.5,30,30
SRTRANSFIN,20210316,1025.0,1028.5,1025.0,1028.5,76,76
SRTRANSFIN,20210316,1025.0,1028.5,1025.0,1028.5,48,48
SRTRANSFIN,20210316,1025.0,1028.5,1025.0,1028.5,500,500
SRTRANSFIN,20210316,1025.0,1028.5,1025.0,1028.5,90,90
SRTRANSFIN,20210316,1025.0,1028.5,1025.0,1028.5,150,150
SRTRANSFIN,20210316,1025.0,1028.5,1025.0,1028.5,33,33
SRTRANSFIN,20210316,1025.0,1028.5,1025.0,1028.5,1150,1000
SRTRANSFIN,20210316,1059.0,1068.0,1030.0,1031.26,2544685,416577
SRTRANSFIN,20210316,1059.0,1068.0,1030.0,1031.26,125,125
SRTRANSFIN,20210316,1059.0,1068.0,1030.0,1031.26,100,100
SRTRANSFIN,20210316,1059.0,1068.0,1030.0,1031.26,100,50
SRTRANSFIN,20210316,1059.0,1068.0,1030.0,1031.26,1331,1331
SRTRANSFIN,20210316,1059.0,1068.0,1030.0,1031.26,1015,915
SRTRANSFIN,20210316,1059.0,1068.0,1030.0,1031.26,18,18
SRTRANSFIN,20210316,1059.0,1068.0,1030.0,1031.26,40,40
SRTRANSFIN,20210316,1059.0,1068.0,1030.0,1031.26,60,60
SRTRANSFIN,20210316,1059.0,1068.0,1030.0,1031.26,225,225
SRTRANSFIN,20210316,1059.0,1068.0,1030.0,1031.26,30,30
SRTRANSFIN,20210316,1059.0,1068.0,1030.0,1031.26,76,76
SRTRANSFIN,20210316,1059.0,1068.0,1030.0,1031.26,48,48
SRTRANSFIN,20210316,1059.0,1068.0,1030.0,1031.26,500,500
SRTRANSFIN,20210316,1059.0,1068.0,1030.0,1031.26,90,90
SRTRANSFIN,20210316,1059.0,1068.0,1030.0,1031.26,150,150
SRTRANSFIN,20210316,1059.0,1068.0,1030.0,1031.26,33,33
SRTRANSFIN,20210316,1059.0,1068.0,1030.0,1031.26,1150,1000
SRTRANSFIN,20210316,1011.0,1011.0,1005.0,1005.0,2544685,416577
SRTRANSFIN,20210316,1011.0,1011.0,1005.0,1005.0,125,125
SRTRANSFIN,20210316,1011.0,1011.0,1005.0,1005.0,100,100
SRTRANSFIN,20210316,1011.0,1011.0,1005.0,1005.0,100,50
SRTRANSFIN,20210316,1011.0,1011.0,1005.0,1005.0,1331,1331
SRTRANSFIN,20210316,1011.0,1011.0,1005.0,1005.0,1015,915
SRTRANSFIN,20210316,1011.0,1011.0,1005.0,1005.0,18,18
SRTRANSFIN,20210316,1011.0,1011.0,1005.0,1005.0,40,40
SRTRANSFIN,20210316,1011.0,1011.0,1005.0,1005.0,60,60
SRTRANSFIN,20210316,1011.0,1011.0,1005.0,1005.0,225,225
SRTRANSFIN,20210316,1011.0,1011.0,1005.0,1005.0,30,30
SRTRANSFIN,20210316,1011.0,1011.0,1005.0,1005.0,76,76
SRTRANSFIN,20210316,1011.0,1011.0,1005.0,1005.0,48,48
SRTRANSFIN,20210316,1011.0,1011.0,1005.0,1005.0,500,500
SRTRANSFIN,20210316,1011.0,1011.0,1005.0,1005.0,90,90
SRTRANSFIN,20210316,1011.0,1011.0,1005.0,1005.0,150,150
SRTRANSFIN,20210316,1011.0,1011.0,1005.0,1005.0,33,33
SRTRANSFIN,20210316,1011.0,1011.0,1005.0,1005.0,1150,1000
SRTRANSFIN,20210316,1052.8,1052.8,1052.8,1052.8,2544685,416577
SRTRANSFIN,20210316,1052.8,1052.8,1052.8,1052.8,125,125
SRTRANSFIN,20210316,1052.8,1052.8,1052.8,1052.8,100,100
SRTRANSFIN,20210316,1052.8,1052.8,1052.8,1052.8,100,50
SRTRANSFIN,20210316,1052.8,1052.8,1052.8,1052.8,1331,1331
SRTRANSFIN,20210316,1052.8,1052.8,1052.8,1052.8,1015,915
SRTRANSFIN,20210316,1052.8,1052.8,1052.8,1052.8,18,18
SRTRANSFIN,20210316,1052.8,1052.8,1052.8,1052.8,40,40
SRTRANSFIN,20210316,1052.8,1052.8,1052.8,1052.8,60,60
SRTRANSFIN,20210316,1052.8,1052.8,1052.8,1052.8,225,225
SRTRANSFIN,20210316,1052.8,1052.8,1052.8,1052.8,30,30
SRTRANSFIN,20210316,1052.8,1052.8,1052.8,1052.8,76,76
SRTRANSFIN,20210316,1052.8,1052.8,1052.8,1052.8,48,48
SRTRANSFIN,20210316,1052.8,1052.8,1052.8,1052.8,500,500
SRTRANSFIN,20210316,1052.8,1052.8,1052.8,1052.8,90,90
SRTRANSFIN,20210316,1052.8,1052.8,1052.8,1052.8,150,150
SRTRANSFIN,20210316,1052.8,1052.8,1052.8,1052.8,33,33
SRTRANSFIN,20210316,1052.8,1052.8,1052.8,1052.8,1150,1000
SRTRANSFIN,20210316,1060.0,1060.0,1060.0,1060.0,2544685,416577
SRTRANSFIN,20210316,1060.0,1060.0,1060.0,1060.0,125,125
SRTRANSFIN,20210316,1060.0,1060.0,1060.0,1060.0,100,100
SRTRANSFIN,20210316,1060.0,1060.0,1060.0,1060.0,100,50
SRTRANSFIN,20210316,1060.0,1060.0,1060.0,1060.0,1331,1331
SRTRANSFIN,20210316,1060.0,1060.0,1060.0,1060.0,1015,915
SRTRANSFIN,20210316,1060.0,1060.0,1060.0,1060.0,18,18
SRTRANSFIN,20210316,1060.0,1060.0,1060.0,1060.0,40,40
SRTRANSFIN,20210316,1060.0,1060.0,1060.0,1060.0,60,60
SRTRANSFIN,20210316,1060.0,1060.0,1060.0,1060.0,225,225
SRTRANSFIN,20210316,1060.0,1060.0,1060.0,1060.0,30,30
SRTRANSFIN,20210316,1060.0,1060.0,1060.0,1060.0,76,76
SRTRANSFIN,20210316,1060.0,1060.0,1060.0,1060.0,48,48
SRTRANSFIN,20210316,1060.0,1060.0,1060.0,1060.0,500,500
SRTRANSFIN,20210316,1060.0,1060.0,1060.0,1060.0,90,90
SRTRANSFIN,20210316,1060.0,1060.0,1060.0,1060.0,150,150
SRTRANSFIN,20210316,1060.0,1060.0,1060.0,1060.0,33,33
SRTRANSFIN,20210316,1060.0,1060.0,1060.0,1060.0,1150,1000
SRTRANSFIN,20210316,980.0,980.0,980.0,980.0,2544685,416577
SRTRANSFIN,20210316,980.0,980.0,980.0,980.0,125,125
SRTRANSFIN,20210316,980.0,980.0,980.0,980.0,100,100
SRTRANSFIN,20210316,980.0,980.0,980.0,980.0,100,50
SRTRANSFIN,20210316,980.0,980.0,980.0,980.0,1331,1331
SRTRANSFIN,20210316,980.0,980.0,980.0,980.0,1015,915
SRTRANSFIN,20210316,980.0,980.0,980.0,980.0,18,18
SRTRANSFIN,20210316,980.0,980.0,980.0,980.0,40,40
SRTRANSFIN,20210316,980.0,980.0,980.0,980.0,60,60
SRTRANSFIN,20210316,980.0,980.0,980.0,980.0,225,225
SRTRANSFIN,20210316,980.0,980.0,980.0,980.0,30,30
SRTRANSFIN,20210316,980.0,980.0,980.0,980.0,76,76
SRTRANSFIN,20210316,980.0,980.0,980.0,980.0,48,48
SRTRANSFIN,20210316,980.0,980.0,980.0,980.0,500,500
SRTRANSFIN,20210316,980.0,980.0,980.0,980.0,90,90
SRTRANSFIN,20210316,980.0,980.0,980.0,980.0,150,150
SRTRANSFIN,20210316,980.0,980.0,980.0,980.0,33,33
SRTRANSFIN,20210316,980.0,980.0,980.0,980.0,1150,1000
SRTRANSFIN,20210316,1010.0,1010.0,982.0,989.0,2544685,416577
SRTRANSFIN,20210316,1010.0,1010.0,982.0,989.0,125,125
SRTRANSFIN,20210316,1010.0,1010.0,982.0,989.0,100,100
SRTRANSFIN,20210316,1010.0,1010.0,982.0,989.0,100,50
SRTRANSFIN,20210316,1010.0,1010.0,982.0,989.0,1331,1331
SRTRANSFIN,20210316,1010.0,1010.0,982.0,989.0,1015,915
SRTRANSFIN,20210316,1010.0,1010.0,982.0,989.0,18,18
SRTRANSFIN,20210316,1010.0,1010.0,982.0,989.0,40,40
SRTRANSFIN,20210316,1010.0,1010.0,982.0,989.0,60,60
SRTRANSFIN,20210316,1010.0,1010.0,982.0,989.0,225,225
SRTRANSFIN,20210316,1010.0,1010.0,982.0,989.0,30,30
SRTRANSFIN,20210316,1010.0,1010.0,982.0,989.0,76,76
SRTRANSFIN,20210316,1010.0,1010.0,982.0,989.0,48,48
SRTRANSFIN,20210316,1010.0,1010.0,982.0,989.0,500,500
SRTRANSFIN,20210316,1010.0,1010.0,982.0,989.0,90,90
SRTRANSFIN,20210316,1010.0,1010.0,982.0,989.0,150,150
SRTRANSFIN,20210316,1010.0,1010.0,982.0,989.0,33,33
SRTRANSFIN,20210316,1010.0,1010.0,982.0,989.0,1150,1000
SSINFRA,20210316,9.25,9.3,9.25,9.25,9000,9000
SSWL,20210316,741.95,753.05,730.5,734.0,14689,7403
STAR,20210316,843.0,849.7,832.3,839.05,197660,61568
STARCEMENT,20210316,100.8,100.8,98.9,99.4,176327,68256
STARPAPER,20210316,131.7,138.6,130.6,134.15,1360118,336055
STCINDIA,20210316,86.2,87.6,85.0,85.85,24062,12346
STEELCITY,20210316,36.7,37.95,36.5,36.7,12149,4720
STEELXIND,20210316,54.5,57.2,53.7,54.7,172126,94611
STERTOOLS,20210316,219.95,219.95,210.6,212.4,11315,6951
STLTECH,20210316,219.0,220.25,215.0,217.0,266538,151966
STOVEKRAFT,20210316,473.3,479.0,458.0,459.85,151099,52296
SUBEXLTD,20210316,37.4,38.8,36.85,37.9,7165423,2444076
SUBROS,20210316,325.0,325.0,312.0,312.8,66035,36721
SUDARSCHEM,20210316,550.6,558.25,547.5,550.45,77637,34637
SUMICHEM,20210316,274.2,282.4,273.1,274.5,528428,277978
SUMIT,20210316,9.95,9.95,9.0,9.15,29813,20689
SUMMITSEC,20210316,566.05,566.85,552.2,554.9,10643,8298
SUNCLAYLTD,20210316,3224.05,3296.0,3190.15,3264.55,1023,605
SUNDARAM,20210316,1.3,1.3,1.25,1.3,407990,278770
SUNDARMFIN,20210316,2688.0,2688.0,2640.0,2649.9,52184,44297
SUNDARMHLD,20210316,79.75,81.0,79.0,79.8,84402,62662
SUNDRMBRAK,20210316,350.55,359.8,345.05,355.55,7076,5122
SUNDRMFAST,20210316,761.0,804.2,758.3,787.7,322755,116415
SUNFLAG,20210316,64.2,64.9,63.2,63.6,267432,112364
SUNPHARMA,20210316,606.0,609.95,599.25,602.3,4189930,1660602
SUNTECK,20210316,338.5,350.0,335.15,343.1,392190,136140
SUNTV,20210316,484.0,491.0,475.0,477.25,1208892,299969
SUPERHOUSE,20210316,133.0,133.2,129.15,129.8,8265,3916
SUPERSPIN,20210316,5.25,5.25,4.95,5.25,76145,66996
SUPPETRO,20210316,436.05,442.0,429.1,434.3,48294,27616
SUPRAJIT,20210316,289.8,294.5,284.85,285.35,107128,49318
SUPREMEENG,20210316,30.2,33.0,30.1,31.35,34909,26058
SUPREMEIND,20210316,1999.0,2099.7,1980.1,2035.65,61158,28586
SURANAT&P,20210316,4.4,4.75,4.35,4.55,107700,83575
SURYALAXMI,20210316,33.4,34.75,32.4,33.2,42104,32616
SURYAROSNI,20210316,375.15,389.45,371.35,380.85,172521,47610
SUTLEJTEX,20210316,44.4,46.0,44.1,45.6,127796,92038
SUVEN,20210316,80.4,81.4,80.2,80.55,171099,95790
SUVENPHAR,20210316,478.0,483.5,469.0,480.55,223380,135982
SUZLON,20210316,5.6,5.75,5.6,5.7,29317561,18191863
SWANENERGY,20210316,143.0,145.5,139.4,143.6,196560,22497
SWARAJENG,20210316,1355.0,1371.0,1338.05,1346.85,3545,2261
SWELECTES,20210316,212.7,219.75,210.2,211.65,57223,30219
SWSOLAR,20210316,278.45,296.95,273.0,282.6,2891196,901060
SYMPHONY,20210316,1329.0,1337.0,1287.5,1293.0,28330,13261
SYNGENE,20210316,544.75,546.05,530.05,532.85,400972,283720
TAINWALCHM,20210316,64.05,64.45,62.55,63.05,3136,1925
TAJGVK,20210316,121.5,121.5,119.7,119.95,138294,93323
TAKE,20210316,56.3,57.45,55.25,55.75,2223540,694918
TALBROAUTO,20210316,235.75,235.75,227.1,230.75,40692,13925
TANLA,20210316,958.0,999.0,945.3,993.9,324016,203324
TARACHAND,20210316,37.0,37.0,37.0,37.0,2000,2000
TARC,20210316,32.95,33.75,32.2,32.3,246751,149708
TARMAT,20210316,51.3,51.95,49.6,50.5,11090,6824
TASTYBITE,20210316,14266.0,14361.4,14092.85,14140.05,655,294
TATACAPHSG,20210316,1056.7,1056.7,1044.99,1044.99,3,2
TATACAPHSG,20210316,1056.7,1056.7,1044.99,1044.99,380,380
TATACAPHSG,20210316,1056.7,1056.7,1044.99,1044.99,225,225
TATACAPHSG,20210316,1056.7,1056.7,1044.99,1044.99,300,275
TATACAPHSG,20210316,1056.7,1056.7,1044.99,1044.99,18,9
TATACAPHSG,20210316,1045.0,1050.0,1045.0,1049.95,3,2
TATACAPHSG,20210316,1045.0,1050.0,1045.0,1049.95,380,380
TATACAPHSG,20210316,1045.0,1050.0,1045.0,1049.95,225,225
TATACAPHSG,20210316,1045.0,1050.0,1045.0,1049.95,300,275
TATACAPHSG,20210316,1045.0,1050.0,1045.0,1049.95,18,9
TATACAPHSG,20210316,1051.9,1051.95,1051.9,1051.9,3,2
TATACAPHSG,20210316,1051.9,1051.95,1051.9,1051.9,380,380
TATACAPHSG,20210316,1051.9,1051.95,1051.9,1051.9,225,225
TATACAPHSG,20210316,1051.9,1051.95,1051.9,1051.9,300,275
TATACAPHSG,20210316,1051.9,1051.95,1051.9,1051.9,18,9
TATACAPHSG,20210316,1078.72,1078.72,1077.5,1077.63,3,2
TATACAPHSG,20210316,1078.72,1078.72,1077.5,1077.63,380,380
TATACAPHSG,20210316,1078.72,1078.72,1077.5,1077.63,225,225
TATACAPHSG,20210316,1078.72,1078.72,1077.5,1077.63,300,275
TATACAPHSG,20210316,1078.72,1078.72,1077.5,1077.63,18,9
TATACAPHSG,20210316,1140.0,1140.0,1095.01,1095.01,3,2
TATACAPHSG,20210316,1140.0,1140.0,1095.01,1095.01,380,380
TATACAPHSG,20210316,1140.0,1140.0,1095.01,1095.01,225,225
TATACAPHSG,20210316,1140.0,1140.0,1095.01,1095.01,300,275
TATACAPHSG,20210316,1140.0,1140.0,1095.01,1095.01,18,9
TATACHEM,20210316,786.9,786.9,770.6,777.2,4118140,691124
TATACOFFEE,20210316,129.15,130.55,126.3,127.25,1166767,275088
TATACOMM,20210316,1210.0,1252.9,1201.25,1214.8,9021375,4526530
TATACONSUM,20210316,611.55,618.0,608.5,610.65,2480801,1061398
TATAELXSI,20210316,2730.0,2822.0,2718.0,2771.45,516196,128983
TATAINVEST,20210316,1123.0,1147.0,1107.6,1130.45,21755,9687
TATAMETALI,20210316,781.5,788.6,761.0,767.9,112951,32527
TATAMOTORS,20210316,321.0,321.9,315.1,319.95,39267404,3485798
TATAMTRDVR,20210316,137.0,137.25,134.0,135.2,1747506,545638
TATAPOWER,20210316,112.0,112.3,109.1,109.7,50275101,7103437
TATASTEEL,20210316,740.1,740.1,719.2,724.05,12569998,2273862
TATASTLBSL,20210316,47.8,47.8,46.2,46.65,2785411,772078
TATASTLLP,20210316,703.0,703.0,685.1,690.1,34082,18577
TBZ,20210316,76.8,78.6,72.15,73.0,319432,183389
TCFSL,20210316,1050.85,1051.3,1047.0,1047.21,1335,1154
TCFSL,20210316,1050.85,1051.3,1047.0,1047.21,438,308
TCFSL,20210316,1050.85,1051.3,1047.0,1047.21,20,20
TCFSL,20210316,1050.85,1051.3,1047.0,1047.21,505,495
TCFSL,20210316,1050.85,1051.3,1047.0,1047.21,20,20
TCFSL,20210316,1050.85,1051.3,1047.0,1047.21,28,28
TCFSL,20210316,1085.0,1088.45,1082.5,1082.74,1335,1154
TCFSL,20210316,1085.0,1088.45,1082.5,1082.74,438,308
TCFSL,20210316,1085.0,1088.45,1082.5,1082.74,20,20
TCFSL,20210316,1085.0,1088.45,1082.5,1082.74,505,495
TCFSL,20210316,1085.0,1088.45,1082.5,1082.74,20,20
TCFSL,20210316,1085.0,1088.45,1082.5,1082.74,28,28
TCFSL,20210316,1179.98,1179.99,1170.0,1175.49,1335,1154
TCFSL,20210316,1179.98,1179.99,1170.0,1175.49,438,308
TCFSL,20210316,1179.98,1179.99,1170.0,1175.49,20,20
TCFSL,20210316,1179.98,1179.99,1170.0,1175.49,505,495
TCFSL,20210316,1179.98,1179.99,1170.0,1175.49,20,20
TCFSL,20210316,1179.98,1179.99,1170.0,1175.49,28,28
TCFSL,20210316,1062.0,1065.0,1061.01,1063.33,1335,1154
TCFSL,20210316,1062.0,1065.0,1061.01,1063.33,438,308
TCFSL,20210316,1062.0,1065.0,1061.01,1063.33,20,20
TCFSL,20210316,1062.0,1065.0,1061.01,1063.33,505,495
TCFSL,20210316,1062.0,1065.0,1061.01,1063.33,20,20
TCFSL,20210316,1062.0,1065.0,1061.01,1063.33,28,28
TCFSL,20210316,1128.0,1128.0,1128.0,1128.0,1335,1154
TCFSL,20210316,1128.0,1128.0,1128.0,1128.0,438,308
TCFSL,20210316,1128.0,1128.0,1128.0,1128.0,20,20
TCFSL,20210316,1128.0,1128.0,1128.0,1128.0,505,495
TCFSL,20210316,1128.0,1128.0,1128.0,1128.0,20,20
TCFSL,20210316,1128.0,1128.0,1128.0,1128.0,28,28
TCFSL,20210316,1140.0,1140.0,1140.0,1140.0,1335,1154
TCFSL,20210316,1140.0,1140.0,1140.0,1140.0,438,308
TCFSL,20210316,1140.0,1140.0,1140.0,1140.0,20,20
TCFSL,20210316,1140.0,1140.0,1140.0,1140.0,505,495
TCFSL,20210316,1140.0,1140.0,1140.0,1140.0,20,20
TCFSL,20210316,1140.0,1140.0,1140.0,1140.0,28,28
TCI,20210316,244.6,247.85,242.45,243.35,185132,168483
TCIDEVELOP,20210316,302.75,314.95,281.2,305.75,3892,2673
TCIEXP,20210316,904.0,938.65,890.1,928.5,57216,36536
TCIFINANCE,20210316,5.75,5.9,5.65,5.7,11685,10462
TCNSBRANDS,20210316,533.05,535.0,505.0,510.25,51672,42126
TCPLPACK,20210316,412.9,415.2,407.85,410.7,3546,3229
TCS,20210316,3060.0,3141.0,3060.0,3110.05,4894756,2441085
TDPOWERSYS,20210316,147.05,156.6,145.95,149.75,103181,58346
TEAMLEASE,20210316,3650.0,3650.0,3351.2,3419.55,15794,10721
TECHM,20210316,1032.0,1045.0,1021.1,1026.55,4797715,1625709
TECHNOE,20210316,290.0,296.35,287.35,293.35,78758,16296
TEJASNET,20210316,187.0,189.0,182.25,183.85,254603,143503
TEMBO,20210316,108.0,109.0,101.0,105.25,76000,70000
TERASOFT,20210316,40.35,40.35,39.5,40.35,32107,23203
TEXINFRA,20210316,71.0,71.0,71.0,71.0,345575,177121
TEXINFRA,20210316,70.55,76.4,70.55,74.25,345575,177121
TEXMOPIPES,20210316,30.3,30.75,29.4,29.65,375222,109364
TEXRAIL,20210316,29.75,32.6,29.6,32.0,2288380,1101735
TFCILTD,20210316,67.95,69.3,65.05,65.6,725386,182284
TGBHOTELS,20210316,4.8,5.0,4.75,5.0,102463,96235
THANGAMAYL,20210316,628.0,628.0,601.75,609.45,21250,8606
THEINVEST,20210316,96.9,96.9,91.05,92.95,44813,37380
THEJO,20210316,1200.0,1200.0,1200.0,1200.0,1300,1300
THEMISMED,20210316,300.55,307.05,292.35,302.7,6900,4543
THERMAX,20210316,1391.0,1391.0,1360.2,1379.8,39074,24247
THOMASCOOK,20210316,55.0,55.0,51.25,51.25,634280,513876
THYROCARE,20210316,874.8,895.45,872.0,875.55,98114,43279
TI,20210316,30.2,30.65,29.7,30.05,185050,106272
TIDEWATER,20210316,4463.9,4490.0,4416.45,4431.8,1705,860
TIIL,20210316,382.75,394.8,367.15,378.0,26109,17380
TIINDIA,20210316,1218.0,1218.0,1165.5,1179.7,79110,55012
TIL,20210316,162.55,170.4,162.55,167.7,22105,15128
TIMESGTY,20210316,25.8,26.15,25.45,25.55,3517,2854
TIMETECHNO,20210316,57.75,58.4,56.65,58.05,643005,187960
TIMKEN,20210316,1280.0,1296.95,1260.9,1268.45,9073,4556
TINPLATE,20210316,166.9,167.45,164.7,165.25,172141,97563
TIRUMALCHM,20210316,102.4,102.9,99.1,99.8,444796,196494
TITAN,20210316,1505.0,1531.0,1496.9,1500.95,3191850,797807
TMRVL,20210316,15.25,15.25,15.25,15.25,30566,30564
TNPETRO,20210316,51.95,52.65,50.6,50.75,320790,167411
TNPL,20210316,152.0,153.0,147.0,148.5,1541864,483273
TOKYOPLAST,20210316,70.7,72.95,69.05,70.25,9174,2920
TORNTPHARM,20210316,2438.0,2480.8,2430.0,2470.85,174924,64052
TORNTPOWER,20210316,417.8,425.9,414.25,423.8,1735911,601240
TOTAL,20210316,48.0,49.35,44.85,45.5,44020,29423
TPLPLASTEH,20210316,156.75,163.45,153.0,154.9,12960,6992
TREEHOUSE,20210316,7.55,7.55,7.35,7.4,25388,22101
TREJHARA,20210316,37.55,37.55,37.55,37.55,24261,24261
TRENT,20210316,838.85,865.85,838.2,849.25,779547,245851
TRF,20210316,96.25,99.8,96.0,98.6,17439,13675
TRIDENT,20210316,15.5,16.0,15.5,15.75,36748299,15874334
TRIGYN,20210316,70.8,73.0,69.7,71.5,114110,68202
TRIL,20210316,19.15,20.4,18.75,20.2,1495723,820988
TRITURBINE,20210316,101.75,111.0,100.55,108.1,466555,169150
TRIVENI,20210316,89.35,92.6,88.0,88.8,946076,213070
TTKHLTCARE,20210316,558.25,558.25,543.25,549.9,1804,1303
TTKPRESTIG,20210316,7618.95,7620.0,7420.0,7571.1,24482,21202
TTL,20210316,46.65,52.45,46.2,47.7,24827,7289
TV18BRDCST,20210316,34.6,34.8,33.6,33.8,3199947,1402386
TVSMOTOR,20210316,596.0,598.5,587.0,594.3,1378743,289450
TVSSRICHAK,20210316,1848.0,1860.95,1789.8,1793.25,12327,6799
TVTODAY,20210316,265.5,272.0,265.05,267.5,52341,32867
TVVISION,20210316,1.75,1.75,1.75,1.75,36112,34712
TWL,20210316,50.8,52.6,50.05,51.1,938740,242287
UBL,20210316,1212.5,1225.0,1200.05,1218.1,131837,32145
UCALFUEL,20210316,154.1,157.25,151.0,151.85,158097,22659
UCOBANK,20210316,14.15,14.35,13.85,14.05,21091939,4279260
UFLEX,20210316,444.0,447.0,430.2,437.1,420435,131095
UFO,20210316,83.2,83.7,82.35,82.65,67038,38733
UGARSUGAR,20210316,17.35,17.6,17.05,17.1,117633,62036
UJJIVAN,20210316,236.7,236.9,230.5,231.15,558837,237997
UJJIVANSFB,20210316,34.0,34.4,33.5,33.7,3100479,1102970
ULTRACEMCO,20210316,6590.0,6703.0,6565.1,6639.95,614224,268683
UMANGDAIRY,20210316,62.9,62.9,60.5,60.75,14496,12355
UNICHEMLAB,20210316,316.7,324.8,309.1,314.5,30978,19301
UNIDT,20210316,264.8,266.15,262.0,263.85,5287,4147
UNIENTER,20210316,82.3,83.9,81.0,82.35,57821,44049
UNIINFO,20210316,19.6,19.6,19.6,19.6,4000,4000
UNIONBANK,20210316,37.15,37.45,36.3,36.45,5224025,1794713
UNITEDTEA,20210316,310.05,311.1,305.0,305.85,3441,2770
UNIVCABLES,20210316,149.55,152.5,145.0,146.6,72655,37002
UNIVPHOTO,20210316,184.2,185.0,180.05,183.45,2492,1243
UPL,20210316,625.05,639.55,616.55,620.25,8396917,1269062
URJAPP,20210316,2.3,2.5,2.3,2.5,365384,285614
USHAMART,20210316,32.2,32.65,31.75,31.95,651143,295817
UTIAMC,20210316,585.0,593.8,580.75,585.5,104477,29311
UTIBANKETF,20210316,34.99,35.49,34.77,34.89,9483,4537
UTINEXT50,20210316,361.81,362.9,358.48,358.59,250,232
UTINIFTETF,20210316,1575.0,1576.7,1556.0,1559.47,563,436
UTISENSETF,20210316,549.99,549.99,522.5,522.76,4678,2557
UTISXN50,20210316,40.01,41.9,40.0,41.2,1018,866
UTTAMSUGAR,20210316,99.75,99.9,96.1,96.8,43871,19747
V2RETAIL,20210316,138.65,138.75,132.1,134.5,20320,13313
VADILALIND,20210316,920.05,957.65,920.05,927.45,30365,12795
VAIBHAVGBL,20210316,4550.0,4739.95,4500.05,4677.15,148319,73737
VAKRANGEE,20210316,53.25,53.6,52.0,52.9,2418216,1975627
VALIANTORG,20210316,1262.1,1308.0,1252.6,1292.9,44038,32655
VARDHACRLC,20210316,39.75,39.75,38.55,39.1,26241,20408
VARDMNPOLY,20210316,21.15,21.2,20.8,21.2,38573,35427
VARROC,20210316,398.85,399.9,393.5,394.45,34676,18458
VASCONEQ,20210316,20.25,20.25,19.0,19.15,317125,235552
VASWANI,20210316,10.5,10.75,10.15,10.35,43339,37212
VBL,20210316,964.9,1007.95,964.9,995.8,306905,202544
VCL,20210316,33.9,33.9,33.9,33.9,6000,6000
VEDL,20210316,227.0,228.3,221.0,226.5,27174232,13599991
VENKEYS,20210316,1617.8,1648.0,1607.75,1619.0,36878,10212
VENUSREM,20210316,244.0,254.2,241.2,253.1,118101,59944
VERTOZ,20210316,294.0,294.0,274.0,278.9,270778,71594
VESUVIUS,20210316,1002.2,1024.0,993.05,1005.45,17897,12850
VETO,20210316,142.75,144.0,137.05,138.5,232070,165007
VGUARD,20210316,236.0,241.2,235.0,238.7,1001009,407628
VHL,20210316,1859.05,1890.0,1802.0,1863.55,840,554
VIDHIING,20210316,140.2,145.0,140.0,142.5,97342,50182
VIJIFIN,20210316,0.75,0.75,0.65,0.7,128488,76769
VIKASECO,20210316,2.4,2.5,2.35,2.5,2273509,1314996
VIKASMCORP,20210316,3.5,3.65,3.4,3.45,6340159,2827288
VIKASPROP,20210316,2.4,2.5,2.4,2.4,4213985,2416899
VIKASWSP,20210316,7.0,7.0,6.5,6.75,742500,431276
VIMTALABS,20210316,175.95,182.0,170.0,176.3,41051,18570
VINATIORGA,20210316,1431.05,1431.05,1410.0,1417.6,38324,27972
VINDHYATEL,20210316,846.9,850.0,834.35,837.65,8042,4677
VINYLINDIA,20210316,127.5,127.5,124.0,125.35,42163,23333
VIPIND,20210316,386.5,387.15,376.45,379.9,398165,205332
VISAKAIND,20210316,509.5,514.8,503.15,510.45,51108,27314
VISASTEEL,20210316,7.45,7.8,7.25,7.75,92028,42509
VISHAL,20210316,75.5,76.3,74.1,76.0,359809,172758
VISHNU,20210316,201.1,203.0,195.1,200.05,18820,15612
VISHWARAJ,20210316,120.1,144.2,120.1,141.85,372001,193973
VIVIMEDLAB,20210316,19.4,20.0,18.8,19.05,642323,377291
VLSFINANCE,20210316,88.4,88.5,85.5,85.8,41903,25813
VMART,20210316,2800.0,2828.75,2720.0,2738.85,15366,6081
VOLTAMP,20210316,1126.5,1144.75,1115.0,1122.95,10631,5383
VOLTAS,20210316,1065.05,1068.0,1025.15,1030.65,1963903,726817
VRLLOG,20210316,247.0,254.95,239.05,248.0,175127,67049
VSSL,20210316,163.75,163.75,153.35,157.0,292796,270107
VSTIND,20210316,3477.0,3496.95,3452.05,3460.3,2503,1298
VSTTILLERS,20210316,1868.0,1908.45,1850.1,1863.2,16646,10398
VTL,20210316,1233.05,1289.75,1225.1,1276.95,58951,26303
WABAG,20210316,253.0,259.7,250.25,251.55,321731,117343
WABCOINDIA,20210316,6185.0,6293.9,6180.2,6197.15,726,440
WALCHANNAG,20210316,69.1,72.05,68.6,70.6,662879,163726
WATERBASE,20210316,113.15,114.0,111.8,112.3,68150,26979
WEALTH,20210316,126.95,128.8,119.2,128.75,65,1
WEBELSOLAR,20210316,47.0,47.05,45.0,47.05,651533,466830
WEIZMANIND,20210316,47.9,48.35,46.2,47.1,8589,5662
WELCORP,20210316,131.4,133.0,127.5,129.95,1458593,708266
WELENT,20210316,125.0,125.85,119.85,121.15,373672,225739
WELINV,20210316,378.05,409.9,375.0,402.55,8405,5110
WELSPUNIND,20210316,84.4,87.0,82.65,83.6,3646763,1409696
WENDT,20210316,3273.25,3288.3,3210.65,3232.3,847,746
WESTLIFE,20210316,522.95,534.45,511.2,516.9,345672,218016
WHEELS,20210316,464.0,464.0,455.0,456.25,4359,3108
WHIRLPOOL,20210316,2440.0,2440.0,2385.5,2397.95,58670,34771
WILLAMAGOR,20210316,21.1,21.4,20.75,20.9,5908,4739
WINDMACHIN,20210316,29.6,30.55,28.35,30.0,660258,364954
WIPRO,20210316,427.25,434.95,425.65,429.3,10673647,3699211
WOCKPHARMA,20210316,478.25,484.8,467.0,468.15,359945,147353
WONDERLA,20210316,214.9,214.9,208.4,209.6,60945,35226
WORTH,20210316,55.5,57.05,55.1,55.7,26334,18022
WSI,20210316,5.0,5.05,4.75,4.9,8884,8327
WSTCSTPAPR,20210316,244.0,269.4,243.05,256.25,1242823,294423
XCHANGING,20210316,69.1,73.9,69.1,70.8,213296,101482
XELPMOC,20210316,271.0,284.4,271.0,284.4,25243,14570
XPROINDIA,20210316,57.75,59.55,55.0,57.4,84046,69097
YAARII,20210316,145.0,152.5,141.3,151.6,302091,160684
YESBANK,20210316,15.65,15.65,15.4,15.45,53393224,28479555
ZEEL,20210316,214.8,215.4,210.0,210.85,9399663,1597140
ZEEL,20210316,214.8,215.4,210.0,210.85,3255275,3254724
ZEEL,20210316,2.0,2.05,2.0,2.0,9399663,1597140
ZEEL,20210316,2.0,2.05,2.0,2.0,3255275,3254724
ZEELEARN,20210316,11.4,11.6,11.35,11.4,665085,485020
ZEEMEDIA,20210316,7.2,7.5,6.85,7.0,2096994,1457800
ZENITHEXPO,20210316,70.55,71.25,68.5,68.9,592,436
ZENSARTECH,20210316,291.85,348.0,291.35,331.65,4233925,760262
ZENTEC,20210316,86.9,88.6,85.6,86.25,300857,85231
ZODIACLOTH,20210316,106.3,107.2,103.0,103.85,118713,66579
ZODJRDMKJ,20210316,27.05,28.95,26.55,27.1,4507,840
ZOTA,20210316,151.0,151.0,147.05,148.0,11023,3748
ZUARI,20210316,96.3,98.4,94.3,95.15,79397,35100
ZYDUSWELL,20210316,1878.95,1909.0,1869.9,1894.95,115331,78555
