SYMBOL,TIMESTAMP,OPEN,HIGH,LOW,CLOSE,VOLUME,DELIVERY
3IINFOTECH,20071114,127.5,130.0,126.5,129.35,342783,215087
3MINDIA,20071114,2350.0,2350.0,1986.0,2060.4,487,457
AARTIDRUGS,20071114,70.5,74.5,70.1,72.0,11496,6441
AARTIIND,20071114,29.4,32.95,28.6,31.95,206199,133491
AARVEEDEN,20071114,66.5,70.45,66.45,70.2,2261,2032
ABAN,20071114,5110.25,5277.0,5075.25,5137.7,41664,12365
ABB,20071114,1625.6,1643.7,1625.0,1638.2,214551,92525
ABGSHIP,20071114,775.0,776.0,740.55,755.0,325503,242520
ABIRLANUVO,20071114,1555.05,1568.9,1526.35,1542.0,120253,106014
ABSHEKINDS,20071114,19.7,20.2,19.0,19.85,295897,163832
ACC,20071114,1040.0,1057.0,1035.0,1045.2,262992,127344
ACE,20071114,450.0,454.0,438.0,443.15,16549,10749
ADANIENT,20071114,815.0,845.4,806.0,845.4,413369,240410
ADHUNIK,20071114,170.0,173.1,163.5,165.5,240183,131854
ADLABSFILM,20071114,958.7,980.0,935.0,940.75,538935,182248
ADORWELD,20071114,220.0,230.0,217.0,219.7,6491,3995
ADSL,20071114,473.0,489.95,455.0,461.0,7174,3785
ADVANTA,20071114,1060.0,1060.0,1010.05,1016.95,2082,1194
AEGISCHEM,20071114,216.0,220.9,210.95,215.5,70950,38376
AFL,20071114,73.8,76.25,72.8,75.15,45546,31832
AFTEK,20071114,69.9,74.0,68.7,72.3,1249395,573692
AGRODUTCH,20071114,36.3,37.15,35.15,35.45,248666,141566
AHMEDFORGE,20071114,205.75,218.95,205.75,211.7,17763,16581
AIAENG,20071114,1459.0,1480.0,1426.0,1462.95,20883,14780
AIRDECCAN,20071114,152.0,152.0,147.3,148.75,141256,64299
AJANTPHARM,20071114,91.0,92.3,89.0,90.25,1876,1504
AKRUTI,20071114,1020.2,1060.0,1020.2,1031.35,57227,16596
ALBK,20071114,107.0,111.7,106.25,108.5,1399729,513923
ALCHEM,20071114,65.6,69.95,65.6,69.95,50751,34627
ALEMBICLTD,20071114,98.0,99.0,95.25,97.0,676414,661417
ALFALAVAL,20071114,1060.0,1067.9,1044.0,1045.45,531,370
ALLCARGO,20071114,975.0,975.0,912.0,933.35,7209,1359
ALLSEC,20071114,122.0,124.6,117.2,122.25,7977,5389
ALOKTEXT,20071114,65.5,68.9,65.2,67.35,1543605,786556
ALPA,20071114,38.0,38.25,37.5,37.65,34223,18328
ALPHAGEO,20071114,719.0,757.7,719.0,757.7,323,323
ALPSINDUS,20071114,48.9,51.9,47.15,50.9,218610,137035
AMAR,20071114,30.75,31.65,29.25,31.0,142475,73751
AMARAJABAT,20071114,158.0,159.9,152.9,155.4,31367,21559
AMBICAAGAR,20071114,14.65,16.5,14.65,15.9,32221,20359
AMBUJACEM,20071114,148.9,148.95,145.65,146.5,1918275,1512329
AMDMET,20071114,39.75,40.9,38.6,39.2,103694,62562
AML,20071114,41.75,43.35,41.75,42.1,17963,14757
AMTEKAUTO,20071114,450.0,463.0,445.0,448.8,17632,9798
AMTEKINDIA,20071114,189.0,189.0,164.5,165.8,104519,60406
ANANTRAJ,20071114,330.05,375.0,330.05,350.5,12595,7634
ANDHRABANK,20071114,93.9,96.9,93.55,95.55,1640028,874675
ANDHRSUGAR,20071114,82.5,87.8,82.5,86.1,56167,36547
ANGAUTO,20071114,167.0,169.4,161.2,163.75,11924,5740
ANKURDRUGS,20071114,313.5,335.0,313.5,327.55,9206,7467
ANSALHSG,20071114,198.95,198.95,188.1,190.65,34951,21354
ANSALINFRA,20071114,262.0,284.9,262.0,277.2,507435,167144
APARINDS,20071114,240.05,260.0,240.05,257.3,23319,16601
APCOTEXIND,20071114,46.5,46.5,45.25,46.3,5934,5780
APIL,20071114,997.95,1005.75,958.1,986.35,445095,305540
APOLLOHOSP,20071114,458.0,458.0,450.0,452.15,25327,17230
APOLLOTYRE,20071114,36.85,36.85,35.8,35.95,522771,361168
APPAPER,20071114,85.5,88.0,85.5,86.0,3116,2263
APTECHT,20071114,352.0,363.4,346.75,360.05,453786,167970
ARCHIES,20071114,128.0,128.0,124.0,124.6,10470,7202
ARIHANT,20071114,627.0,644.0,618.0,619.8,1783,1551
ARL,20071114,1.9,2.25,1.85,2.25,2002690,1152318
AROGRANITE,20071114,90.0,91.9,88.0,89.3,1179,853
ARROWGROUP,20071114,341.25,363.0,341.25,346.6,323,313
ARSBONDS,20071114,98.98,99.0,98.4,99.0,8716,8716
ARVINDMILL,20071114,70.0,73.55,69.0,71.2,5014324,1988391
ASAHIINDIA,20071114,97.8,101.8,96.9,97.4,51953,44313
ASAL,20071114,70.1,79.9,70.1,77.45,833,254
ASHAPURMIN,20071114,362.0,388.75,362.0,374.0,190150,160297
ASHCO,20071114,33.8,36.25,33.25,33.8,489711,164658
ASHIMASYN,20071114,9.15,9.5,8.85,9.0,30063,21248
ASHOKLEY,20071114,38.4,38.7,37.75,37.9,1632553,744407
ASIANELEC,20071114,424.9,435.0,406.15,409.7,55514,35052
ASIANHOTEL,20071114,581.0,610.0,581.0,589.65,3260,2686
ASIANPAINT,20071114,1006.9,1020.0,976.5,997.55,8737,6496
ASIANTILES,20071114,95.0,96.0,94.1,94.85,7433,5839
ASIL,20071114,5.95,6.05,5.65,5.75,7325,6324
ASTRAL,20071114,125.0,140.0,122.0,131.1,10962,8410
ASTRAMICRO,20071114,135.1,135.1,130.0,132.6,13951,9274
ASTRAZEN,20071114,548.0,548.0,541.55,541.55,180,180
ATFL,20071114,155.0,155.0,148.0,149.2,7384,5582
ATLANTA,20071114,242.0,244.9,237.75,238.6,40131,20739
ATLASCYCLE,20071114,170.75,182.5,170.75,180.65,4433,2888
ATUL,20071114,99.95,99.95,95.0,96.15,14252,10481
AURIONPRO,20071114,405.0,425.0,391.3,395.0,4433,1668
AUROPHARMA,20071114,529.0,529.0,521.2,523.55,23241,18168
AUTOAXLES,20071114,432.0,440.0,430.0,437.0,312,249
AUTOIND,20071114,170.0,172.5,167.1,169.55,9988,7159
AVAYAGCL,20071114,253.0,253.8,244.3,249.65,10093,6576
AVENTIS,20071114,1008.8,1018.95,970.0,979.4,1839,1343
AVTNPL,20071114,93.0,94.8,93.0,94.7,954,669
AXISBANK,20071114,965.5,998.95,961.25,990.65,607929,337819
AZTECSOFT,20071114,48.6,49.35,48.5,48.7,69639,42675
BAGFILMS,20071114,102.25,104.0,96.7,97.6,535930,263598
BAJAJAUTO,20071114,2390.0,2390.0,2334.8,2341.5,100057,76658
BAJAJELEC,20071114,350.0,372.0,330.1,362.05,1957,1629
BAJAJHIND,20071114,226.0,232.8,222.0,225.45,2451659,855192
BAJAUTOFIN,20071114,315.0,320.0,310.0,310.55,3316,2469
BALAJITELE,20071114,302.5,310.95,300.0,306.4,100250,75127
BALAMINES,20071114,123.4,123.9,116.4,117.05,1325,1318
BALKRISIND,20071114,600.05,607.85,600.0,600.0,178,161
BALMLAWRIE,20071114,551.1,566.0,540.05,552.9,84490,67444
BALPHARMA,20071114,26.5,29.75,26.5,28.15,9791,8291
BALRAMCHIN,20071114,95.0,99.0,92.3,96.05,7862151,2615571
BANARISUG,20071114,874.0,874.0,840.0,840.3,769,541
BANCOINDIA,20071114,142.65,146.45,141.15,144.15,8156,6110
BANKBARODA,20071114,379.9,394.95,378.0,388.8,1075433,471716
BANKBEES,20071114,930.0,968.0,930.0,968.0,129,101
BANKINDIA,20071114,370.0,382.5,365.0,370.25,2186326,931076
BANKRAJAS,20071114,184.9,198.7,183.35,186.9,412729,226460
BANSWRAS,20071114,53.0,54.65,51.05,53.75,16984,13302
BARTRONICS,20071114,218.0,233.85,214.0,228.4,124028,69970
BASF,20071114,252.25,256.6,245.05,247.95,11572,7699
BASML,20071114,120.1,127.6,120.0,125.65,13366,11049
BATAINDIA,20071114,235.0,235.0,228.0,229.3,289925,141497
BATLIBOI,20071114,86.0,99.95,86.0,93.8,24344,16029
BBL,20071114,3599.95,3599.95,3475.1,3516.95,6017,4215
BBTC,20071114,799.0,826.55,799.0,826.55,3362,3036
BCCL,20071114,72.5,78.9,72.5,77.35,49810,39830
BEL,20071114,1980.0,2044.9,1925.0,1947.35,81789,48436
BELCERAMIC,20071114,12.6,12.9,12.2,12.2,20117,15768
BEML,20071114,1650.0,1745.0,1640.0,1713.75,118565,64086
BEPL,20071114,34.9,34.9,33.0,33.15,3913,1959
BERGEPAINT,20071114,45.35,45.5,44.1,44.55,78374,55892
BFUTILITIE,20071114,2320.0,2320.0,2111.0,2188.75,2409,1522
BHAGWATIHO,20071114,68.0,75.25,65.2,74.55,508211,201366
BHAGYNAGAR,20071114,39.0,42.75,39.0,41.5,49937,30369
BHARATFORG,20071114,354.95,362.0,351.0,354.35,188185,129224
BHARATGEAR,20071114,52.25,55.3,52.05,55.0,4413,3545
BHARATRAS,20071114,57.5,62.85,57.5,58.0,300,200
BHARTIARTL,20071114,860.0,888.4,845.0,859.4,6704122,4787184
BHARTISHIP,20071114,700.05,718.0,693.0,705.5,35622,32674
BHEL,20071114,2839.45,2905.7,2812.3,2870.2,755967,256706
BHUSANSTL,20071114,1053.0,1080.0,1030.0,1050.35,60936,25553
BIL,20071114,113.0,120.3,108.55,120.3,5852,4475
BILPOWER,20071114,187.0,188.95,181.05,182.4,9487,5940
BILT,20071114,144.0,145.45,141.1,143.0,216061,149281
BINANICEM,20071114,102.0,102.5,96.0,96.8,260569,165145
BINANIIND,20071114,215.0,218.0,212.0,216.5,18017,14849
BINDALAGRO,20071114,51.35,57.0,50.15,50.75,4994634,1799198
BIOCON,20071114,632.0,634.0,610.6,615.9,203920,88536
BIRLAERIC,20071114,22.0,24.3,21.55,23.35,204783,105509
BIRLAJUTE,20071114,329.0,329.7,316.2,319.2,150011,117228
BIRLAPOWER,20071114,80.0,80.05,77.85,80.05,264043,187275
BLBLIMITED,20071114,28.7,28.7,28.7,28.7,3060,2555
BLKASHYAP,20071114,1650.0,1739.9,1610.0,1726.8,23803,20124
BLUEBIRD,20071114,60.8,62.9,53.0,58.95,90700,48647
BLUECHIP,20071114,1.45,1.55,1.4,1.55,59132,36934
BLUECOAST,20071114,251.2,251.2,251.2,251.2,275,275
BLUEDART,20071114,588.0,598.0,570.05,579.9,1729,1593
BLUESTARCO,20071114,425.0,435.0,421.55,433.35,26571,23921
BLUESTINFO,20071114,80.1,84.9,80.1,83.15,1352,907
BOC,20071114,135.65,135.9,134.0,134.3,25143,18854
BOMDYEING,20071114,670.0,715.0,665.0,696.15,210120,80570
BONGAIREFN,20071114,77.45,82.85,75.55,80.7,8253125,3071605
BOSCHCHASY,20071114,374.95,389.9,370.05,371.9,1755,1175
BPCL,20071114,364.0,369.8,351.0,361.85,631669,235726
BRFL,20071114,325.0,334.05,308.2,310.65,683230,240750
BRITANNIA,20071114,1539.0,1542.0,1500.0,1514.85,1786,1168
BROADCAST,20071114,49.4,50.95,47.05,47.35,75955,36974
BSCFAUG08A,20071114,136.9,136.9,136.9,136.9,150,150
BSELINFRA,20071114,65.05,69.9,65.05,68.15,510274,214453
BSL,20071114,22.5,24.95,22.5,23.8,2184,1834
CADILAHC,20071114,299.0,299.0,288.0,290.45,15932,10989
CAIRN,20071114,208.0,217.5,207.25,215.15,5951109,3368261
CALSOFT,20071114,87.0,88.9,81.15,82.75,16271,11312
CAMBRIDGE,20071114,82.05,86.95,82.05,85.25,18413,12208
CANBK,20071114,285.0,292.0,280.0,285.8,384376,125323
CANDC,20071114,200.0,205.0,196.8,200.2,16692,9087
CANFINHOME,20071114,78.4,81.0,78.4,79.9,92756,79144
CARBORUNIV,20071114,159.95,159.95,154.25,157.55,16139,10163
CAROLINFO,20071114,76.75,77.9,74.65,75.3,38251,28472
CASTROL,20071114,268.0,269.0,265.05,266.3,8561,5400
CCCL,20071114,799.9,851.0,790.0,845.4,31924,26892
CCL,20071114,233.1,238.9,225.1,232.2,7365,5150
CEAT,20071114,164.0,168.4,161.8,162.55,116099,62589
CELEBRITY,20071114,53.55,55.0,53.1,53.9,18249,14824
CELESTIAL,20071114,60.0,61.25,56.5,57.2,92011,76708
CENTBOP,20071114,41.2,41.65,40.5,40.65,2374612,1568087
CENTENKA,20071114,162.0,162.0,159.0,160.6,10322,7109
CENTEXT,20071114,7.05,7.05,6.6,7.05,1289197,513935
CENTRALBK,20071114,130.0,133.5,129.2,132.5,1889276,1107676
CENTUM,20071114,180.0,180.05,168.0,174.0,1688,1087
CENTURYPLY,20071114,519.0,524.9,500.0,517.35,3578,2606
CENTURYTEX,20071114,1135.1,1160.0,1121.7,1142.55,470488,194902
CERA,20071114,150.0,150.0,141.0,141.0,63,61
CESC,20071114,578.95,626.0,570.0,620.35,1057690,496058
CHAMBLFERT,20071114,54.0,56.45,52.8,54.75,7477565,1394850
CHEMFALKAL,20071114,89.15,105.0,89.15,101.25,2916,1776
CHEMPLAST,20071114,9.0,9.15,8.4,8.8,392178,270807
CHENNPETRO,20071114,361.4,371.5,355.0,358.5,256152,135826
CHESLINTEX,20071114,16.0,16.0,15.75,15.95,2386,2386
CHETTINAD,20071114,440.4,457.0,440.15,450.2,831,764
CHOLADBS,20071114,205.0,206.0,196.0,202.2,31486,20329
CIMCOBIRLA,20071114,32.95,33.0,30.5,31.5,53093,39782
CINEMAX,20071114,121.9,121.9,118.1,118.7,35406,24843
CINEVISTA,20071114,75.3,80.95,74.95,74.95,6505,5105
CIPLA,20071114,183.3,192.45,181.05,182.7,621103,293038
CLASSIC,20071114,438.0,440.0,421.0,431.6,568,316
CLNINDIA,20071114,257.0,268.0,257.0,265.95,4162,3470
CLUTCHAUTO,20071114,100.0,101.35,99.3,99.8,23879,19299
CMC,20071114,1020.0,1039.95,1015.0,1019.6,10202,6910
COLGATE,20071114,388.5,388.5,382.0,387.05,98301,67609
COMPUTECH,20071114,6.95,6.95,6.15,6.65,50193,34874
COMSYS,20071114,21.0,21.2,20.0,20.9,21062,11889
CONCOR,20071114,1940.0,1940.0,1877.5,1888.95,11150,7761
CONSOFINVT,20071114,56.0,58.5,55.15,56.35,46118,35710
COREEMBLG,20071114,12.95,13.0,12.2,13.0,61781,50279
COREPROTEC,20071114,233.5,243.95,230.0,233.6,288815,146180
COROMNFERT,20071114,107.0,120.0,106.15,108.4,235629,129916
CORPBANK,20071114,439.2,446.9,436.0,439.55,151356,95650
COSMOFILMS,20071114,108.0,110.5,106.1,106.9,70450,47753
CRANESSOFT,20071114,117.0,121.0,116.5,118.0,17717,13625
CRESTANI,20071114,92.8,102.0,92.8,99.75,58048,37605
CREWBOS,20071114,89.5,94.7,86.1,91.7,118794,49245
CRISIL,20071114,3290.0,3300.0,3100.1,3200.7,1700,1500
CROMPGREAV,20071114,423.1,439.6,423.1,429.9,422824,201566
CTE,20071114,62.0,65.0,60.2,63.25,82857,57368
CUB,20071114,241.0,244.0,238.05,238.75,19685,15055
CUMMINSIND,20071114,388.5,394.5,382.15,390.25,271558,245689
CYBERMEDIA,20071114,91.95,99.0,88.5,91.1,3982,2554
CYBERTECH,20071114,18.9,19.6,18.55,19.1,21311,12017
D-LINK,20071114,74.85,77.0,74.0,75.95,34576,23999
DAAWAT,20071114,63.0,65.0,56.5,61.5,194407,122695
DABUR,20071114,106.9,106.9,105.0,106.0,3199428,2843540
DABURPHARM,20071114,72.15,73.5,71.4,72.1,45448,30741
DALMIACEM,20071114,500.05,508.0,490.25,499.85,28766,28407
DATATECH,20071114,37.8,38.0,36.8,36.95,26625,16894
DCB,20071114,112.6,116.4,110.5,114.85,646306,355255
DCHL,20071114,180.1,198.0,177.0,196.25,1320891,687554
DCM,20071114,52.3,55.5,52.3,54.35,20062,12880
DCMSRMCONS,20071114,64.6,72.75,64.0,69.25,579095,261314
DCW,20071114,20.1,21.25,19.5,20.5,5969439,2385725
DECCANCE,20071114,304.7,313.45,297.0,300.85,7886,7366
DECOLIGHT,20071114,26.95,27.9,26.3,27.2,79674,50720
DEEPAKFERT,20071114,144.95,149.5,143.0,146.8,465632,209443
DENABANK,20071114,82.0,84.2,81.5,81.8,3337578,1136261
DENORA,20071114,117.0,119.0,117.0,118.0,1087,787
DEWANHOUS,20071114,139.85,145.0,135.0,137.15,321895,175233
DHAMPURSUG,20071114,59.2,64.0,59.2,62.7,779644,395995
DHANUS,20071114,224.95,224.95,216.3,221.65,55446,27284
DHARSUGAR,20071114,18.15,18.15,17.05,17.3,14343,11485
DICIND,20071114,186.5,188.0,186.0,186.55,1024,924
DISHMAN,20071114,284.5,284.5,270.0,270.8,10239,7876
DISHTV,20071114,71.85,74.0,69.5,70.45,5327755,2713808
DIVISLAB,20071114,1600.0,1617.7,1585.0,1596.8,160408,90049
DLF,20071114,930.0,944.7,918.0,927.55,1322799,503817
DOLPHINOFF,20071114,274.5,280.0,251.05,274.1,16148,10795
DONEAR,20071114,172.0,172.0,164.1,166.0,3630,2608
DREDGECORP,20071114,1174.4,1232.35,1101.0,1232.35,114262,43705
DRREDDY,20071114,602.0,609.9,602.0,604.85,159273,132296
DSKULKARNI,20071114,236.55,264.0,236.55,251.9,114009,111714
DWARKESH,20071114,58.0,59.7,56.2,58.05,88244,35395
DYNAMATECH,20071114,1733.0,1733.0,1660.1,1676.0,50,50
EASTSILK,20071114,215.0,215.0,207.15,209.8,8396,6168
EASUNREYRL,20071114,339.9,355.0,326.0,330.05,120065,85798
ECEIND,20071114,775.6,780.0,767.85,775.65,258,165
EDUCOMP,20071114,3350.0,3390.0,3270.0,3303.45,42388,21744
EICHERMOT,20071114,437.15,438.0,382.1,393.1,25227,16286
EIDPARRY,20071114,152.55,154.3,150.5,152.5,20228,14052
EIHOTEL,20071114,132.0,139.55,129.0,130.05,42032,32956
EIMCOELECO,20071114,559.8,566.0,535.0,554.5,1793,1430
EKC,20071114,268.95,290.85,268.95,283.85,366357,154350
ELDERPHARM,20071114,387.0,393.35,386.0,389.8,1022,914
ELECON,20071114,266.8,266.8,254.25,255.6,52968,33670
ELECTCAST,20071114,71.55,71.95,67.5,67.95,1356688,887615
ELECTHERM,20071114,610.0,618.0,593.0,594.8,5398,1643
ELGIEQUIP,20071114,77.0,87.0,74.0,81.0,252434,103342
ELGITYRE,20071114,24.0,25.0,23.7,24.3,23465,14375
EMAMILTD,20071114,278.0,286.9,270.0,281.65,3444,2496
EMCO,20071114,1340.0,1340.0,1270.05,1282.35,14144,13088
ENERGYDEV,20071114,267.4,267.4,267.4,267.4,5506,5506
ENGINERSIN,20071114,949.5,949.5,890.0,897.05,86003,36574
ENIL,20071114,450.0,467.0,450.0,454.05,6574,3429
ENKEI,20071114,108.1,113.5,105.05,110.5,876,143
ENNOREFO,20071114,217.0,227.0,210.0,218.35,22145,20927
ENTEGRA,20071114,51.4,52.05,51.4,52.05,18114,18113
ERACONS,20071114,550.0,598.0,550.0,560.65,158941,77385
ESABINDIA,20071114,438.9,454.75,427.05,434.75,4062,3275
ESCORTS,20071114,112.8,115.8,111.5,113.85,532507,214236
ESSAROIL,20071114,90.5,139.0,90.45,122.7,42230442,7199355
ESSDEE,20071114,706.45,706.45,558.1,655.95,3966,3130
ESSELPACK,20071114,48.0,50.0,47.9,48.7,72036,47928
ESTL,20071114,46.45,51.5,46.3,48.85,6672034,3332113
ESTL,20071114,46.45,51.5,46.3,48.85,34278,32177
ESTL,20071114,11.15,11.6,11.1,11.35,6672034,3332113
ESTL,20071114,11.15,11.6,11.1,11.35,34278,32177
EUROCERA,20071114,191.0,199.0,185.25,194.55,46447,44249
EUROTEXIND,20071114,35.0,39.0,31.8,33.0,5484,4184
EVEREADY,20071114,46.6,47.0,45.65,45.9,261898,220138
EVERESTIND,20071114,100.0,104.0,100.0,101.35,7985,5870
EVERONN,20071114,484.4,497.9,475.1,479.75,82788,33786
EVINIX,20071114,204.0,205.0,196.0,200.05,51360,49981
EXCELCROP,20071114,107.0,112.0,106.5,110.8,3458,1932
EXCELINDUS,20071114,52.55,58.0,52.55,56.1,4575,2803
EXIDEIND,20071114,72.0,74.35,71.05,72.1,349862,212498
FACT,20071114,33.0,36.15,33.0,36.15,180463,118860
FAGBEARING,20071114,561.0,584.0,545.0,553.65,54047,53049
FCSSOFT,20071114,74.1,77.95,74.05,77.0,18057,14614
FDC,20071114,28.7,29.8,28.5,29.25,102495,63743
FEDDERLOYD,20071114,134.0,137.0,131.1,132.8,6695,4518
FEDERALBNK,20071114,455.0,457.0,443.0,447.7,287479,195905
FIEMIND,20071114,102.0,104.0,102.0,102.4,3558,2851
FINANTECH,20071114,2456.0,2490.0,2410.0,2471.7,61836,36570
FINCABLES,20071114,79.75,84.6,76.0,80.2,547759,260504
FINPIPE,20071114,73.5,83.9,73.0,79.95,710599,287874
FIRSTLEASE,20071114,47.8,49.0,47.8,48.9,13017,12700
FMGOETZE,20071114,141.95,141.95,139.15,139.65,16643,16180
FORTIS,20071114,76.6,78.0,74.0,76.05,388965,278165
FOSECOIND,20071114,445.0,445.0,423.25,423.6,213,213
FOURSOFT,20071114,40.4,41.0,39.5,39.8,49628,37098
FSL,20071114,69.7,70.3,67.25,69.5,425923,248846
FTCSF3YDIV,20071114,9.9,9.9,9.9,9.9,3600,3600
FTCSF3YGRO,20071114,10.45,10.45,10.4,10.4,10,5
FTCSF5YGRO,20071114,9.3,9.3,9.3,9.3,5,5
GABRIEL,20071114,20.3,23.7,19.55,23.7,312937,158148
GAEL,20071114,41.1,43.85,40.0,42.15,86660,72432
GAIL,20071114,447.0,457.0,436.1,445.55,2300884,1386667
GALLANTT,20071114,25.5,29.25,24.65,29.25,1530773,544093
GAMMONIND,20071114,585.05,610.0,560.25,571.05,57242,41581
GANDHITUBE,20071114,170.0,170.0,165.25,165.25,1601,601
GANESHHOUC,20071114,580.0,592.85,580.0,580.5,2671,2016
GANGOTRI,20071114,17.95,17.95,17.3,17.5,5009,3134
GARDENSILK,20071114,78.9,79.9,77.0,78.05,40697,33376
GARWALLROP,20071114,176.1,184.95,174.95,181.75,17847,15864
GARWOFFS,20071114,220.05,229.95,218.0,220.3,15036,9320
GATI,20071114,133.0,149.8,133.0,135.75,670162,257207
GBN,20071114,875.0,931.0,875.0,919.45,12672,9669
GDL,20071114,130.0,132.9,128.3,130.45,368279,236313
GEMINI,20071114,220.0,226.05,217.05,225.1,32644,23208
GENUSOVERE,20071114,642.0,711.0,642.0,671.45,93133,50598
GEOINFO,20071114,189.8,189.8,181.1,184.6,271901,264416
GEOJIT,20071114,43.1,44.9,41.55,43.3,280886,157257
GEOMETRIC,20071114,73.45,75.0,72.6,73.45,56241,30961
GESCOCORP,20071114,613.95,625.0,610.0,610.2,148459,76600
GESHIP,20071114,512.0,520.0,507.05,515.65,647311,342784
GHCL,20071114,145.0,155.0,144.75,150.5,316274,174682
GICHSGFIN,20071114,67.95,68.3,66.15,66.55,97543,57667
GILLETTE,20071114,869.95,875.0,856.0,857.85,1066,879
GINNIFILA,20071114,11.95,13.75,11.65,13.45,285327,181899
GIPCL,20071114,115.9,117.9,113.8,116.15,666859,291626
GITANJALI,20071114,378.0,391.95,373.5,386.5,482289,214963
GLAXO,20071114,1020.0,1039.95,1020.0,1035.6,46888,39455
GLENMARK,20071114,464.9,487.95,457.1,484.6,407780,218290
GLOBALVECT,20071114,137.0,141.0,134.25,134.75,50140,38292
GLORY,20071114,86.5,89.5,86.5,87.2,8946,2277
GMBREW,20071114,95.95,96.5,94.35,95.65,12511,9589
GMRINDS,20071114,132.0,132.0,127.6,128.3,16275,10327
GMRINFRA,20071114,206.0,211.4,205.25,209.3,13493232,7025837
GNFC,20071114,164.0,171.75,164.0,168.75,605170,164069
GOACARBON,20071114,50.45,52.0,50.05,51.0,1347,971
GODAVRFERT,20071114,151.7,171.2,151.7,161.15,8359,4040
GODFRYPHLP,20071114,1390.0,1390.0,1333.1,1369.65,1501,1075
GODREJCP,20071114,122.6,123.0,122.0,122.05,22070,19774
GODREJIND,20071114,244.45,249.9,240.3,241.6,144829,99760
GOKEX,20071114,248.0,250.0,245.0,248.0,220998,177187
GOLDBEES,20071114,1021.0,1024.0,1013.0,1019.35,13335,11886
GOLDIAM,20071114,68.7,70.0,67.0,67.45,13109,7548
GOLDSHARE,20071114,1015.0,1018.9,1011.11,1014.79,8469,7901
GOLDTECH,20071114,203.1,205.0,196.15,198.35,51040,34768
GOLDTELE,20071114,42.7,43.0,40.7,41.4,59990,36665
GPIL,20071114,267.1,276.0,267.1,271.85,49404,34820
GRANULES,20071114,97.5,100.95,97.25,98.0,44459,19386
GRAPHITE,20071114,75.0,79.5,72.4,76.25,660027,343236
GRASIM,20071114,3625.0,3700.0,3585.15,3669.35,80877,59598
GREAVESCOT,20071114,332.05,333.0,326.35,330.0,193457,186779
GREENPLY,20071114,260.0,265.0,250.0,256.5,895,823
GRINDWELL,20071114,125.05,130.0,123.1,127.05,25659,13285
GRUH,20071114,169.0,173.9,162.0,163.35,5090,4532
GSFC,20071114,287.2,309.0,286.5,302.7,131302,81654
GSKCONS,20071114,620.0,629.0,615.0,624.25,51614,51295
GSPL,20071114,72.0,83.45,72.0,80.9,7477077,2670840
GTCIND,20071114,473.7,473.7,473.7,473.7,7608,7608
GTL,20071114,276.0,278.0,266.75,268.85,839013,691571
GTLINFRA,20071114,51.6,51.95,48.9,49.45,1861932,1044911
GTNIND,20071114,23.55,23.55,23.35,23.5,1215,1028
GTNTEX,20071114,15.2,15.75,15.0,15.3,5841,4161
GTOFFSHORE,20071114,840.0,863.25,813.9,851.9,100660,71745
GUJALKALI,20071114,191.0,217.75,191.0,215.5,3528917,1459278
GUJAPOLLO,20071114,292.0,300.0,285.1,287.95,10988,7373
GUJFLUORO,20071114,630.0,635.7,619.05,621.95,2434,1661
GUJNRECOKE,20071114,122.0,126.8,121.1,121.75,2462076,1061130
GUJRATGAS,20071114,344.85,344.85,332.55,337.0,38241,30584
GUJSIDHCEM,20071114,25.3,26.2,24.7,25.85,472266,258119
GULFOILCOR,20071114,290.0,303.9,290.0,291.65,16137,9299
GVKPIL,20071114,700.0,745.0,690.15,725.2,274064,230543
GWALCHEM,20071114,64.15,67.45,64.15,66.6,30686,22634
HANUNG,20071114,242.0,244.95,228.5,230.5,363741,135657
HARRMALAYA,20071114,86.7,90.9,85.4,86.2,134630,73889
HAVELLS,20071114,649.7,658.7,638.0,641.6,79634,38139
HBLPOWER,20071114,405.0,405.0,391.45,393.15,2257,1602
HBSTOCK,20071114,47.0,48.4,47.0,47.15,2393,2129
HCC,20071114,206.0,210.5,204.1,208.9,1636299,549122
HCIL,20071114,551.0,573.0,551.0,551.3,17834,13921
HCL-INSYS,20071114,225.0,228.0,221.1,222.9,21032,15598
HCLTECH,20071114,303.8,303.8,295.0,300.65,252654,118832
HDFC,20071114,2650.0,2814.95,2635.15,2760.95,1550417,1244834
HDFCBANK,20071114,1639.8,1780.0,1620.0,1752.3,1191184,678125
HDIL,20071114,690.25,704.9,686.2,691.7,921904,475796
HEG,20071114,343.0,350.0,331.05,334.75,55840,25067
HELIOSMATH,20071114,104.4,112.9,104.0,110.85,95995,49127
HERITGFOOD,20071114,226.6,249.0,226.35,231.2,1796,1059
HEROHONDA,20071114,679.0,679.0,662.25,670.7,187499,153068
HEXAWARE,20071114,93.0,96.0,92.75,93.35,126823,76283
HIKAL,20071114,425.0,430.0,425.0,429.7,2731,2517
HILTON,20071114,35.85,39.2,34.95,37.85,68741,36443
HIMACHLFUT,20071114,26.0,26.55,25.2,26.55,8810836,3556648
HIMATSEIDE,20071114,102.0,104.5,100.5,100.9,13597,11445
HINDALCO,20071114,185.0,219.9,185.0,217.75,10795842,5099846
HINDCOMPOS,20071114,300.0,305.0,300.0,305.0,14,9
HINDDORROL,20071114,158.95,159.8,153.0,155.6,26822,20563
HINDMOTOR,20071114,34.95,38.75,34.65,37.7,8513873,3013081
HINDOILEXP,20071114,123.95,130.2,122.05,126.35,851365,438587
HINDPETRO,20071114,262.05,263.9,251.0,260.2,2741407,1342601
HINDSANIT,20071114,60.0,72.0,60.0,70.35,31029,20634
HINDSYNTEX,20071114,5.25,5.85,5.15,5.55,11437,11436
HINDUJATMT,20071114,429.0,465.95,410.0,453.35,44621,33492
HINDUNILVR,20071114,200.85,201.8,198.9,200.95,2058779,1639527
HINDZINC,20071114,812.05,825.0,802.0,811.6,28484,20124
HIRECT,20071114,169.9,172.75,166.15,170.0,187,75
HITACHIHOM,20071114,136.0,138.9,135.0,136.6,37528,29721
HITECHGEAR,20071114,120.5,120.5,118.0,118.0,185,185
HMT,20071114,87.0,103.8,86.1,103.8,4104718,976743
HOCL,20071114,69.9,73.8,68.65,72.7,1768782,647740
HONAUT,20071114,2075.0,2098.0,2016.0,2043.1,2095,1685
HONDAPOWER,20071114,259.0,259.0,245.0,246.75,5099,3455
HOPFL,20071114,220.15,228.0,216.1,220.3,88695,73336
HOTELEELA,20071114,52.5,52.5,50.65,51.0,1504883,803972
HTMEDIA,20071114,219.0,220.0,212.05,215.75,17811,14127
HTMTGLOBAL,20071114,518.05,518.05,480.0,496.0,7912,6030
HYDRBADIND,20071114,178.0,178.0,172.5,173.9,10157,5951
I-FLEX,20071114,1445.0,1460.05,1429.55,1441.35,12696,5003
IBREALEST,20071114,591.35,635.0,591.35,631.2,1388543,850344
ICI,20071114,518.05,526.05,518.05,521.3,1715,1415
ICICIBANK,20071114,800.0,860.0,781.2,838.4,101745,74609
ICICIBANK,20071114,800.0,860.0,781.2,838.4,2860771,1645758
ICICIBANK,20071114,1233.35,1303.0,1206.4,1278.55,101745,74609
ICICIBANK,20071114,1233.35,1303.0,1206.4,1278.55,2860771,1645758
ICIL,20071114,13.5,13.5,12.85,13.35,1661,1660
ICRA,20071114,995.0,1045.0,990.0,1024.75,38933,25575
ICSA,20071114,315.0,324.45,311.5,316.0,104930,68916
IDBI,20071114,170.0,171.8,166.0,167.05,12239476,3112202
IDEA,20071114,123.05,127.95,123.0,126.15,4713521,2418630
IDFC,20071114,187.15,197.0,187.15,194.15,10045105,4661173
IFBAGRO,20071114,99.3,109.1,99.3,106.35,10289,10038
IFCI,20071114,85.0,86.3,82.4,82.85,15401228,5149385
IFGLREFRAC,20071114,72.0,73.8,69.1,70.0,19379,16130
IGARASHI,20071114,83.8,85.5,82.25,82.45,1984,1708
IGL,20071114,153.0,153.9,145.55,147.0,526206,369613
IGPL,20071114,65.1,72.0,65.0,69.55,9714,7078
IGS,20071114,354.0,390.0,331.0,362.1,124734,79382
IILTD,20071114,65.5,66.5,64.5,65.6,13488,9247
IMPAL,20071114,194.0,205.5,194.0,202.7,2389,2004
IMPEXFERRO,20071114,20.2,20.2,19.15,19.7,92931,63680
INDHOTEL,20071114,138.25,140.0,133.8,136.85,2692550,2058583
INDIABULLS,20071114,702.0,750.0,702.0,740.55,1802544,710025
INDIACEM,20071114,271.0,278.0,267.3,269.2,1342288,837113
INDIAFOILS,20071114,12.35,13.55,12.25,12.55,103768,69074
INDIAGLYCO,20071114,375.0,378.0,368.05,371.5,32723,21889
INDIAINFO,20071114,1085.0,1122.85,1078.3,1100.0,185558,82913
INDIANB,20071114,166.8,174.5,162.0,172.5,1622671,819349
INDIANCARD,20071114,173.0,174.8,172.0,172.0,3385,3024
INDLMETER,20071114,196.0,230.8,194.1,220.6,39679,24489
INDNIPPON,20071114,147.9,152.25,147.2,149.5,489,486
INDOASIFU,20071114,115.0,115.0,105.1,110.4,62923,32606
INDOCO,20071114,283.95,285.0,276.6,280.2,1033,684
INDORAMA,20071114,58.2,58.2,54.0,54.6,38655,33709
INDOTECH,20071114,656.0,692.0,656.0,675.75,21932,10933
INDOWIND,20071114,153.7,157.0,152.0,155.45,250701,79822
INDRAMEDCO,20071114,35.75,36.9,35.25,36.4,96271,63614
INDSWFTLAB,20071114,51.6,57.5,51.6,55.6,194398,91503
INDSWFTLTD,20071114,27.2,29.0,26.6,27.8,98416,43934
INDUSFILA,20071114,258.4,264.25,258.0,264.25,54260,40751
INDUSINDBK,20071114,99.0,102.0,97.25,98.55,3719675,985478
INFOMEDIA,20071114,235.0,235.0,221.0,222.05,3282,2919
INFOSYSTCH,20071114,1680.0,1730.0,1656.0,1707.95,2032751,1422997
INFOTECENT,20071114,262.05,264.0,260.05,261.8,22385,18153
INGERRAND,20071114,285.1,288.65,284.15,285.05,22746,20386
INGVYSYABK,20071114,307.0,309.4,301.25,305.05,61825,56667
INOXLEISUR,20071114,113.05,120.9,113.0,116.5,120115,61906
INVSTSMART,20071114,185.0,191.1,175.4,178.45,70487,50680
IOB,20071114,154.7,156.7,149.0,150.55,501519,218861
IOC,20071114,523.9,551.7,513.2,540.4,1028726,502745
IOLB,20071114,527.95,527.95,500.0,514.7,61034,51846
IPCALAB,20071114,628.0,640.0,614.85,626.05,21074,18055
ISMTLTD,20071114,84.0,89.75,83.0,87.8,165841,94148
ISPATIND,20071114,44.85,46.7,44.1,46.7,25213025,8533440
ISPATIND,20071114,44.85,46.7,44.1,46.7,274706,224212
ISPATIND,20071114,4.5,5.1,4.3,5.05,25213025,8533440
ISPATIND,20071114,4.5,5.1,4.3,5.05,274706,224212
ITC,20071114,182.3,184.35,179.5,182.7,4843462,3565105
ITI,20071114,61.45,70.8,57.65,68.85,8307413,1430050
IVC,20071114,294.9,304.0,272.5,280.25,4683,2828
IVP,20071114,31.65,31.65,30.65,31.15,2578,2052
IVRCLINFRA,20071114,530.0,539.7,507.0,511.65,1285230,916276
IVRPRIME,20071114,400.0,404.0,397.15,400.6,24245,13525
J&KBANK,20071114,744.0,753.9,726.05,750.2,7075,6151
JAGRAN,20071114,699.0,699.0,616.0,627.7,1693,693
JAGSNPHARM,20071114,14.05,16.75,14.05,16.6,12746,11488
JAIBALAJI,20071114,315.0,321.55,302.0,308.15,19447,11387
JAINSTUDIO,20071114,19.85,20.85,19.65,19.8,9987,8798
JAYAGROGN,20071114,96.15,98.0,94.0,94.2,28260,25340
JAYBARMARU,20071114,46.75,52.0,45.05,50.2,21644,13452
JAYSREETEA,20071114,115.9,116.0,108.55,111.1,21802,12050
JBCHEPHARM,20071114,64.35,65.95,63.5,64.55,58917,52109
JBFIND,20071114,172.0,173.8,170.0,170.2,26590,22571
JBMA,20071114,51.0,54.25,51.0,53.7,2580,2305
JETAIRWAYS,20071114,850.0,860.0,815.5,820.5,76329,52212
JHS,20071114,38.2,42.45,37.3,40.55,96935,69418
JINDALPHOT,20071114,254.4,255.0,235.1,241.85,65872,36329
JINDALSAW,20071114,767.0,839.9,755.0,810.3,189857,111763
JINDALSTEL,20071114,11700.0,11700.0,11151.0,11232.3,121296,45773
JINDALSWHL,20071114,800.0,819.0,770.0,774.8,20179,13933
JINDRILL,20071114,1118.0,1160.0,1118.0,1123.2,7815,5854
JISLJALEQS,20071114,598.0,599.0,565.05,570.35,205987,204261
JKCEMENT,20071114,191.9,193.9,189.0,192.15,94378,65949
JKLAKSHMI,20071114,180.0,186.0,177.55,185.25,132338,91140
JKPAPER,20071114,41.95,43.5,41.5,41.95,180331,143185
JKTYRE,20071114,115.55,125.75,115.55,121.2,31984,12625
JMFINANCIL,20071114,2348.0,2397.0,2266.05,2360.8,6365,5156
JMTAUTOLTD,20071114,75.0,80.0,75.0,80.0,2350,2150
JPASSOCIAT,20071114,1529.0,1562.8,1510.0,1521.05,765185,326242
JPHYDRO,20071114,93.0,98.4,92.1,97.1,24494739,6901024
JSTAINLESS,20071114,165.0,171.5,165.0,169.65,311382,208488
JSWSTEEL,20071114,890.15,953.85,890.15,936.0,863607,474787
JUBILANT,20071114,308.0,320.0,304.05,305.15,53976,45239
JUNIORBEES,20071114,109.7,110.7,109.7,110.4,745,735
JYOTISTRUC,20071114,281.0,291.0,278.0,282.25,76687,48267
KABRAEXTRU,20071114,98.0,103.0,96.25,102.55,7672,4872
KAJARIACER,20071114,21.95,22.55,21.7,21.85,162353,132764
KAKATCEM,20071114,87.9,87.9,82.55,84.25,7485,4506
KALECONSUL,20071114,67.35,69.8,64.6,64.9,72017,50769
KALINDEE,20071114,300.0,300.0,287.2,288.5,3384,2803
KALPATPOWR,20071114,1830.0,1860.0,1750.0,1836.15,18665,14556
KAMATHOTEL,20071114,192.0,203.9,192.0,197.55,3560,3091
KANORICHEM,20071114,125.6,132.7,125.55,131.0,38239,37409
KANSAINER,20071114,760.0,778.5,756.0,769.95,4136,3106
KARURVYSYA,20071114,342.35,342.35,337.0,338.55,20805,16339
KBL,20071114,397.5,414.9,392.05,394.25,2504,1602
KCP,20071114,599.4,619.75,586.0,590.15,33548,16226
KCPSUGIND,20071114,17.0,18.7,16.8,18.5,846350,482641
KEC,20071114,800.0,879.0,800.0,854.95,111230,68949
KECINFRA,20071114,45.65,48.8,43.0,48.8,1070570,534486
KEI,20071114,82.15,85.0,78.2,79.9,84620,54463
KESARENT,20071114,62.95,65.0,60.0,62.05,2737,1278
KESORAMIND,20071114,553.9,555.0,540.0,544.8,133374,109526
KEYCORPSER,20071114,193.4,193.4,193.4,193.4,40,40
KHAITANELE,20071114,129.0,144.5,128.3,144.3,139963,131735
KHANDSE,20071114,45.3,49.5,45.3,47.15,5202,1052
KIL,20071114,33.0,37.9,32.6,37.9,907905,369025
KIRLOSOIL,20071114,153.95,157.0,151.0,154.8,28635,20517
KKCL,20071114,389.0,389.0,366.05,378.55,15489,416
KLGSYSTEL,20071114,726.1,760.0,726.1,756.85,31674,20858
KMSUGAR,20071114,21.7,21.7,20.6,21.2,5724,3875
KNL,20071114,230.0,232.65,217.05,221.5,84149,29298
KOHINOOR,20071114,52.9,52.9,51.05,52.05,29837,25946
KOPRAN,20071114,24.75,25.0,24.0,24.8,53180,43799
KOTAKBANK,20071114,997.0,1021.0,986.05,1009.25,454802,229566
KOTAKGOLD,20071114,1012.05,1027.9,1012.05,1022.75,22928,21483
KOTARISUG,20071114,11.55,12.15,11.3,11.6,225638,99144
KOTHARIPRO,20071114,826.5,826.9,792.0,796.95,1671,1007
KOUTONS,20071114,699.0,722.0,698.9,713.25,110644,41558
KPIT,20071114,102.9,108.4,102.5,106.25,220931,122765
KPRMILL,20071114,120.0,125.0,119.0,119.95,13185,9881
KRBL,20071114,86.6,91.0,86.6,87.65,76995,39652
KSBPUMPS,20071114,498.0,498.0,477.2,488.35,5473,3820
KSCL,20071114,229.0,229.0,219.0,220.35,45733,29263
KSERAPRO,20071114,35.05,36.8,35.0,35.0,838113,222310
KSOILS,20071114,74.0,77.0,72.55,73.3,520215,336847
KTKBANK,20071114,229.7,230.8,226.15,228.0,199190,137645
LAKPRE,20071114,68.1,70.8,66.2,68.0,7874,5593
LAKSHMIEFL,20071114,194.9,196.95,192.0,195.05,11720,11445
LAKSHVILAS,20071114,119.0,119.0,115.65,116.0,69867,50223
LANABS,20071114,196.35,197.5,196.0,197.5,5185,5134
LANCOIN,20071114,58.95,60.75,57.3,58.2,150248,56262
LAOPALA,20071114,42.0,43.0,41.5,42.0,2301,2301
LAXMIMACH,20071114,3955.0,4100.0,3795.0,3812.95,26490,11156
LGBROS,20071114,26.8,26.8,25.2,25.55,50553,27600
LIBERTSHOE,20071114,107.95,109.0,107.0,108.0,15308,8740
LICHSGFIN,20071114,349.6,356.7,343.0,350.85,1053519,311796
LIQUIDBEES,20071114,999.99,1000.01,999.99,1000.0,45503,45428
LITL,20071114,412.0,428.0,410.2,419.7,640613,225036
LLOYDELENG,20071114,171.05,175.4,170.1,170.45,34747,26934
LLOYDSTEEL,20071114,17.0,17.0,17.0,17.0,346490,346490
LOGIXMICRO,20071114,324.95,325.0,315.0,321.25,220,220
LOKESHMACH,20071114,99.1,101.0,99.0,99.75,17931,14368
LOTTEINDIA,20071114,330.0,333.0,327.1,330.5,254,54
LT,20071114,4450.0,4560.0,4430.0,4506.7,1055036,398562
LUMAXAUTO,20071114,58.0,59.3,57.4,58.95,1848,1451
LUMAXIND,20071114,450.05,455.0,450.05,455.0,530,30
LUMAXTECH,20071114,77.15,79.6,77.15,79.05,2030,1670
LUPIN,20071114,560.0,565.0,555.5,560.2,246564,224801
M&M,20071114,720.0,724.0,710.1,715.6,443907,307062
M&MFIN,20071114,233.05,238.0,233.05,235.95,14651,9766
MACMILLAN,20071114,226.95,230.0,221.35,227.6,3095,2312
MADHUCON,20071114,369.5,384.0,350.0,374.75,112695,102710
MADRASCEM,20071114,4200.0,4299.0,4150.0,4214.3,7242,4772
MAGMA,20071114,280.0,310.0,280.0,293.8,6632,4580
MAGNUM,20071114,19.5,19.7,18.5,18.85,785049,510299
MAHABANK,20071114,75.45,78.65,73.0,75.25,668151,303912
MAHINDFORG,20071114,195.0,203.0,190.0,196.5,1160,823
MAHINDUGIN,20071114,80.0,82.0,79.0,80.15,87010,68115
MAHSCOOTER,20071114,290.0,298.0,290.0,294.3,4787,4529
MAHSEAMLES,20071114,515.0,515.0,495.1,498.35,559061,376705
MALCO,20071114,900.0,910.3,835.0,852.8,445,385
MALUPAPER,20071114,46.0,47.1,44.0,44.25,17812,13671
MALWACOTT,20071114,54.0,56.7,52.15,53.45,6946,5456
MANALIPETC,20071114,16.7,18.85,16.55,17.6,4598555,1787211
MANALU,20071114,40.05,42.0,39.1,39.45,18072,14959
MANGALAM,20071114,15.75,15.9,15.25,15.35,8171,6794
MANGCHEFER,20071114,39.6,43.4,38.5,41.55,1560986,535527
MANGLMCEM,20071114,200.0,200.0,176.1,179.9,34199,23086
MANGTIMBER,20071114,32.6,32.75,29.5,31.85,106036,95588
MANINDS,20071114,122.9,128.2,122.1,122.95,78967,55262
MANUGRAPH,20071114,145.0,156.0,143.55,149.1,27347,18889
MARALOVER,20071114,16.05,17.0,16.05,16.75,9733,6652
MARICO,20071114,69.0,69.8,68.1,68.7,600811,585390
MARUTI,20071114,1010.0,1046.0,1010.0,1038.25,552730,288897
MASTEK,20071114,324.0,324.0,303.0,307.5,11941,6929
MATRIXLABS,20071114,249.8,253.0,235.1,238.25,88010,48820
MAX,20071114,269.0,269.0,243.5,245.05,36724,34683
MAXWELL,20071114,21.25,21.25,20.35,20.7,35194,31757
MAYTASINFR,20071114,795.0,860.0,791.25,832.6,537201,171526
MBECL,20071114,255.0,259.6,252.5,259.55,76984,65476
MCDHOLDING,20071114,240.0,248.95,233.8,234.7,57718,24978
MCDOWELL-N,20071114,1875.0,1960.0,1870.0,1923.85,253242,142587
MCLEODRUSS,20071114,58.0,58.8,56.5,57.5,213771,117728
MEGASOFT,20071114,113.0,122.5,111.6,116.85,68789,35953
MEGH,20071114,24.1,24.65,23.3,23.75,531544,256055
MERCK,20071114,387.0,389.35,380.8,382.3,6388,5161
MIC,20071114,510.0,528.0,507.0,520.9,43168,20802
MICO,20071114,4380.0,4760.0,4310.0,4609.45,5222,2611
MICRO,20071114,365.0,369.75,349.0,351.25,6217,4137
MICROTECH,20071114,218.6,221.0,216.0,216.85,8047,6360
MID-DAY,20071114,41.9,41.95,40.4,40.7,112449,72287
MINDAIND,20071114,249.0,249.0,212.65,219.15,6944,3608
MINDTREE,20071114,439.95,445.0,436.0,439.1,45179,23896
MIRCELECTR,20071114,22.8,23.5,22.5,23.0,1034530,649016
MIRZAINT,20071114,18.7,19.4,17.9,17.95,324043,264053
MLL,20071114,130.8,141.5,129.5,139.35,1270174,731967
MMFL,20071114,148.9,148.9,144.35,144.55,166,161
MONNETISPA,20071114,414.0,420.0,401.1,405.7,177184,134232
MONSANTO,20071114,1501.0,1514.95,1480.0,1502.1,1517,1065
MOREPENLAB,20071114,16.65,17.2,15.75,16.05,1153306,701820
MORGANSTAN,20071114,61.0,62.0,61.0,61.7,194923,134048
MOSERBAER,20071114,284.0,290.0,277.65,284.85,269308,166295
MOTHERSUMI,20071114,93.4,96.0,93.0,95.1,8148,7012
MOTILALOFS,20071114,1435.0,1454.9,1392.8,1430.35,15260,10246
MOTOGENFIN,20071114,45.0,45.65,44.5,44.95,14525,8893
MPHASIS,20071114,278.35,281.85,275.0,278.2,96573,68437
MRF,20071114,7850.0,8000.0,7570.05,7625.95,11137,3639
MRO-TEK,20071114,43.9,44.45,43.1,44.0,24162,16939
MRPL,20071114,95.15,106.4,95.15,104.75,22171483,4262096
MSPL,20071114,71.15,71.15,71.15,71.15,35644,35644
MTNL,20071114,168.15,180.9,168.15,175.4,3318318,1350471
MUDRA,20071114,80.0,83.0,78.0,81.75,93353,66823
MUKANDENGG,20071114,30.05,31.5,28.75,30.4,17160,14772
MUKANDLTD,20071114,82.8,89.3,81.0,87.95,256437,108690
MUKTAARTS,20071114,104.0,104.0,95.0,96.05,9310,7182
MUNJALAU,20071114,84.45,84.45,81.65,83.6,3281,2855
MUNJALSHOW,20071114,38.0,41.05,38.0,40.65,15914,11021
MURLIIND,20071114,795.0,839.0,795.0,799.95,608,454
MURUDCERA,20071114,108.5,112.9,105.0,107.55,49160,27649
MYSORECEM,20071114,53.75,53.75,50.6,51.1,239348,161620
NAGARCONST,20071114,296.8,305.0,289.0,292.0,691152,377507
NAGARFERT,20071114,64.05,67.0,63.05,66.05,30207555,8404963
NAGPURENG,20071114,45.0,45.0,45.0,45.0,53108,53108
NAGREEKCAP,20071114,108.0,113.95,104.1,106.55,14440,8768
NAGREEKEXP,20071114,30.5,30.6,29.5,29.7,12196,8912
NAHARINDUS,20071114,90.0,90.45,88.15,89.9,12524,10912
NAHARINVST,20071114,25.5,25.5,24.8,25.2,9771,8283
NAHARSPING,20071114,73.0,73.6,72.0,73.4,22420,10884
NANDAN,20071114,3.45,3.6,3.4,3.4,1130241,683440
NATCOPHARM,20071114,121.05,123.95,116.25,117.6,14950,11848
NATIONALUM,20071114,375.0,434.7,371.0,420.6,305601,82573
NATNLSTEEL,20071114,34.4,38.35,33.0,36.45,1969758,627825
NAUKRI,20071114,1333.2,1399.0,1281.0,1350.05,24272,22578
NAVINFLUOR,20071114,313.5,316.0,307.5,308.85,2404,1801
NAVNETPUBL,20071114,89.0,96.45,85.55,93.65,479724,216042
NBVENTURES,20071114,270.0,280.9,262.0,275.4,85195,55685
NCLIND,20071114,53.25,55.0,52.8,53.5,44279,26350
NDTV,20071114,357.0,367.8,354.0,358.6,298349,130956
NECLIFE,20071114,260.95,260.95,251.3,252.5,12237,8614
NELCAST,20071114,137.0,144.4,137.0,140.3,30220,15610
NELCO,20071114,119.0,119.8,111.1,112.7,126726,66394
NEPCMICON,20071114,24.8,24.95,24.0,24.95,373579,171561
NETFINCO,20071114,28.15,35.3,28.15,33.0,19760,17670
NETWORK18,20071114,371.85,395.0,361.5,391.55,55725,38938
NEYVELILIG,20071114,209.25,222.0,196.1,214.05,18623726,1654749
NFL,20071114,72.5,76.8,72.0,76.8,345640,178268
NICCO,20071114,25.4,27.45,25.2,26.25,230670,145927
NICOLASPIR,20071114,307.75,308.5,297.0,300.2,395141,356236
NIFTYBEES,20071114,587.0,600.0,587.0,599.55,12152,6719
NIITLTD,20071114,124.0,127.0,120.5,123.5,1766010,1578634
NIITTECH,20071114,242.3,274.4,242.3,261.5,407294,205169
NILKAMAL,20071114,217.25,255.55,217.1,237.45,11231,5235
NIPPOBATRY,20071114,529.0,530.0,502.75,513.15,1789,1586
NIRMA,20071114,154.0,158.25,151.25,152.25,31319,19754
NITCO,20071114,311.5,326.0,311.05,324.05,39986,17172
NITINFIRE,20071114,420.0,424.0,410.0,418.8,52175,38323
NITINSPIN,20071114,11.2,12.95,11.2,12.75,78496,48773
NOCIL,20071114,50.65,51.4,48.55,49.05,4684040,1942638
NOIDATOLL,20071114,59.6,61.7,58.0,59.9,8211604,3068967
NORBTEAEXP,20071114,4.5,4.5,4.2,4.3,2160,1910
NORTHGATE,20071114,570.0,593.0,564.0,574.5,13248,8783
NOVOPANIND,20071114,49.5,50.9,49.0,50.15,2469,2417
NRBBEARING,20071114,84.0,84.8,83.0,83.45,2956,2551
NRC,20071114,23.7,25.5,23.7,24.45,80461,47112
NSIL,20071114,1901.95,1923.0,1806.85,1806.85,3066,2252
NTPC,20071114,278.0,282.0,271.15,277.55,13748390,3629230
NUCENT,20071114,4.6,4.75,4.3,4.3,1602,1000
NUCLEUS,20071114,280.0,280.0,272.1,273.75,11669,7387
NUMERICPW,20071114,763.1,775.0,753.0,769.5,7577,5694
OCL,20071114,241.85,246.45,230.0,234.2,24935,12058
OMAXAUTO,20071114,62.85,63.0,62.0,62.4,18987,13077
OMAXE,20071114,316.0,326.25,314.5,324.4,852225,530486
OMNITECH,20071114,124.0,127.0,122.05,122.6,46785,36353
ONGC,20071114,1198.8,1252.7,1191.35,1235.65,1904917,1012357
ONWARDTEC,20071114,28.5,30.6,27.6,27.9,13371,10660
OPTOCIRCUI,20071114,428.05,441.85,428.0,439.35,45601,37635
ORBITCORP,20071114,648.5,664.9,645.0,649.95,123506,51065
ORBITCORP,20071114,648.5,664.9,645.0,649.95,20965,16511
ORBITCORP,20071114,60.0,67.0,60.0,65.0,123506,51065
ORBITCORP,20071114,60.0,67.0,60.0,65.0,20965,16511
ORCHIDCHEM,20071114,226.95,235.8,224.1,232.0,346359,223307
ORGINFO,20071114,97.85,103.9,97.55,101.05,49599,41415
ORIENTABRA,20071114,31.1,31.5,30.1,30.7,56841,44340
ORIENTBANK,20071114,244.9,259.0,242.1,257.1,803308,452366
ORIENTCERA,20071114,52.0,53.85,52.0,52.15,810,810
ORIENTHOT,20071114,291.0,309.0,291.0,300.15,756,581
ORIENTINFO,20071114,14.6,14.75,14.3,14.65,36794,23799
ORIENTPPR,20071114,485.0,485.2,484.0,485.0,330,260
ORIENTPPR,20071114,485.0,485.2,484.0,485.0,90311,34850
ORIENTPPR,20071114,700.15,710.0,665.3,670.45,330,260
ORIENTPPR,20071114,700.15,710.0,665.3,670.45,90311,34850
ORIENTPRES,20071114,58.1,69.4,58.1,69.4,15961,13236
OTL,20071114,17.05,18.9,17.0,17.8,94567,45403
OUDHSUG,20071114,51.2,54.3,51.0,51.8,33101,15025
PAEL,20071114,33.0,44.4,33.0,44.4,164407,86104
PAGEIND,20071114,449.0,449.0,430.55,439.95,1625,1546
PANACEABIO,20071114,351.15,377.95,351.15,359.65,11318,10628
PANORAMUNI,20071114,105.0,105.0,101.05,103.5,1709,1293
PANTALOONR,20071114,620.0,660.0,600.0,654.35,100579,48742
PAPERPROD,20071114,48.0,50.9,47.0,48.85,22470,16983
PARACABLES,20071114,31.35,31.9,30.75,31.0,442369,285456
PARADYNE,20071114,253.4,256.0,247.05,250.4,4927,4075
PARAL,20071114,255.0,270.0,251.2,259.6,13886,9220
PARSVNATH,20071114,324.0,329.9,324.0,327.6,444586,212684
PATELENG,20071114,765.0,794.0,758.0,790.2,279745,131382
PATNI,20071114,318.0,318.0,309.05,313.95,340003,232917
PATSPINLTD,20071114,11.7,12.1,11.5,11.9,23678,19805
PAVCI,20071114,28.15,28.9,28.15,28.5,1470,1120
PBAINFRA,20071114,84.95,85.8,83.55,84.25,29348,19103
PDUMJEAGRO,20071114,43.0,47.9,41.6,47.9,3331,1231
PDUMJEPULP,20071114,120.0,134.8,113.1,121.45,94767,39730
PEARLGLOBL,20071114,64.0,65.9,61.5,64.5,2424,1753
PEARLPOLY,20071114,18.8,19.1,17.5,18.55,11960,8760
PENINLAND,20071114,123.0,130.0,123.0,127.6,251765,151114
PETRONENGG,20071114,352.0,365.9,348.0,358.5,5326,4180
PETRONET,20071114,102.5,104.75,101.0,102.2,13169939,3855369
PFC,20071114,283.0,296.7,275.1,288.35,3092713,592339
PFIZER,20071114,668.0,671.0,661.05,663.1,7353,5344
PFOCUS,20071114,1349.0,1450.0,1222.15,1266.35,6829,2717
PGHH,20071114,704.1,715.0,702.5,709.1,2912,2170
PHILIPCARB,20071114,205.0,214.0,205.0,207.9,26511,19005
PHOENIXLMP,20071114,140.1,143.0,138.0,138.7,14614,14031
PHOENIXLTD,20071114,1930.0,1930.0,1857.1,1911.0,33,24
PIDILITIND,20071114,198.85,202.0,194.5,196.75,18820,10822
PIONEEREMB,20071114,150.1,186.0,150.1,179.1,39486,29988
PIRAMYDRET,20071114,53.0,54.0,51.8,52.35,40210,31800
PITTILAM,20071114,65.0,69.5,65.0,66.4,20692,14237
PLASTIBLEN,20071114,146.0,154.3,142.5,154.3,150,150
PLETHICO,20071114,420.6,444.0,420.0,425.9,51812,41593
PNB,20071114,550.0,609.95,550.0,601.6,2030111,767626
PNBGILTS,20071114,24.5,27.7,24.0,27.25,479787,283251
PNC,20071114,71.05,73.95,71.05,72.15,2016,1052
POCHIRAJU,20071114,25.25,27.6,24.1,26.05,469239,229378
POLARIS,20071114,107.0,113.5,105.55,107.0,306446,80808
POLYPLEX,20071114,219.9,224.0,190.35,211.4,119489,85213
PONNIERODE,20071114,35.45,36.95,33.5,33.85,7578,5898
POWERGRID,20071114,159.3,161.5,153.7,154.5,20665456,7992748
PRAENG,20071114,314.9,332.5,314.0,326.25,19726,16016
PRAJIND,20071114,195.0,200.0,195.0,196.5,432527,185503
PRAKASH,20071114,206.4,206.85,191.2,195.55,316661,188199
PRATIBHA,20071114,285.0,304.75,285.0,302.45,108919,68769
PRECOT,20071114,135.0,135.0,124.55,125.0,2252,2087
PRECWIRE,20071114,136.0,137.0,130.0,130.6,1098,913
PREMIER,20071114,133.8,134.85,125.0,134.85,105668,55019
PRICOL,20071114,24.7,26.45,24.15,25.5,142132,76063
PRIMESECU,20071114,170.0,172.5,164.1,166.2,80524,38016
PRISMCEM,20071114,61.0,62.0,57.5,57.9,418586,277251
PRITHVI,20071114,272.0,278.0,263.5,275.05,99390,63458
PROVOGUE,20071114,959.95,960.0,920.0,928.35,2154,1645
PSL,20071114,495.0,519.9,461.2,464.5,23006,12714
PSTL,20071114,280.0,293.75,277.75,290.95,136601,26867
PSUBNKBEES,20071114,304.5,311.0,304.5,311.0,257,232
PTC,20071114,156.0,164.0,153.25,155.85,2393703,1082701
PTL,20071114,98.0,120.0,98.0,120.0,26849,24982
PUNJABCHEM,20071114,115.0,132.8,115.0,126.15,2117,1511
PUNJABTRAC,20071114,200.0,204.4,199.95,203.1,13721,10268
PUNJLLOYD,20071114,508.6,514.4,501.0,505.95,3000772,1660493
PURVA,20071114,398.0,404.95,384.0,391.55,78778,52877
PVR,20071114,193.0,200.4,189.3,195.6,248911,188901
QUINTEGRA,20071114,100.0,100.0,97.1,99.0,9336,8910
RADAAN,20071114,7.6,7.85,6.5,7.6,386439,198624
RADICO,20071114,170.0,183.0,170.0,174.2,80206,48034
RAINCALCIN,20071114,56.0,59.2,55.0,56.05,3814518,1618636
RAJESHEXPO,20071114,870.0,880.95,867.0,875.05,235192,113580
RAJRAYON,20071114,19.1,20.5,19.1,19.85,38771,24555
RAJSREESUG,20071114,46.15,49.5,46.15,46.65,88296,60682
RAJTV,20071114,189.95,194.55,185.0,186.15,21168,11226
RAJVIR,20071114,159.5,165.0,158.0,159.05,271,266
RALLIS,20071114,430.0,484.9,421.35,459.5,26339,21552
RAMANEWS,20071114,26.05,27.5,26.05,27.3,28156,24453
RAMCOIND,20071114,1210.0,1244.0,1155.0,1160.1,1334,902
RAMCOSYS,20071114,155.85,156.0,150.0,153.75,15744,10072
RAMSARUP,20071114,222.0,234.4,220.0,221.4,93620,41866
RANASUG,20071114,16.7,17.3,16.5,16.85,909479,455017
RANBAXY,20071114,428.0,432.0,425.15,428.1,520870,309942
RANEBRAKE,20071114,155.05,160.0,155.0,156.55,928,666
RANEHOLDIN,20071114,163.5,166.8,163.5,165.8,900,0
RATNAMANI,20071114,1200.0,1237.8,1172.0,1222.65,1187,994
RAYMOND,20071114,405.0,418.0,395.95,398.4,64693,35395
RCF,20071114,64.85,72.0,61.4,72.0,7386538,2264915
RCOM,20071114,734.75,734.75,716.0,726.5,3129748,1317535
REDINGTON,20071114,358.9,360.0,353.0,358.4,41666,31527
REGENCERAM,20071114,14.6,16.5,14.05,14.8,4654,3755
REIAGRO,20071114,790.0,838.0,785.0,805.55,83653,69053
REL,20071114,1890.0,1948.0,1863.3,1920.55,3572119,1180562
RELCAPITAL,20071114,2080.0,2167.9,2070.0,2153.8,1917616,665573
RELIANCE,20071114,2730.0,2899.0,2730.0,2888.45,6131511,3231781
RENUKA,20071114,762.0,783.0,757.0,768.5,339474,146998
REPRO,20071114,119.95,119.95,111.0,113.0,18470,10079
REVATHI,20071114,867.3,918.55,826.5,859.0,515,294
REVL,20071114,261.05,275.0,260.05,260.05,210,180
RICOAUTO,20071114,32.9,34.35,32.75,33.1,373031,219028
RIIL,20071114,2020.0,2124.9,1923.9,1923.9,738512,323809
RML,20071114,93.1,93.1,78.0,78.7,6160,4110
RNRL,20071114,171.0,177.7,166.0,169.05,51457396,10329361
ROHITFERRO,20071114,69.8,69.8,64.5,65.45,441319,268753
ROHLTD,20071114,130.5,136.9,128.0,128.9,22137,19908
ROLTA,20071114,680.0,704.0,680.0,691.85,284332,132455
ROMAN,20071114,166.35,179.8,156.0,156.95,27252,13492
RPGCABLES,20071114,60.0,60.0,56.5,57.5,407111,243691
RPGLS,20071114,98.0,98.0,93.1,93.9,8671,6106
RPGTLTD,20071114,333.5,370.0,273.0,351.5,30944,15543
RPL,20071114,225.0,247.0,212.0,215.2,65742523,25664533
RSSOFTWARE,20071114,29.65,29.65,25.75,25.95,27095,22123
RSWM,20071114,80.5,84.0,80.5,82.7,21882,17847
RSYSTEMS,20071114,85.25,92.0,83.8,86.05,35414,11350
RUBYMILLS,20071114,1400.0,1407.0,1250.0,1324.75,346,275
RUCHINFRA,20071114,40.25,45.0,40.25,42.85,52035,28242
RUCHISOYA,20071114,125.0,127.65,112.5,116.05,587892,322970
SABERORGAN,20071114,15.9,16.9,15.2,15.65,90020,51511
SADBHAV,20071114,978.5,978.5,931.0,956.85,6725,1154
SAGCEM,20071114,212.0,218.0,208.0,208.85,13597,11070
SAHPETRO,20071114,15.75,17.4,15.4,16.85,339828,209474
SAIL,20071114,256.0,267.0,255.0,264.45,9775905,2703773
SAKHTISUG,20071114,68.5,69.3,66.5,67.65,366885,118256
SAKSOFT,20071114,144.85,145.0,144.45,145.0,1150,1150
SAKUMA,20071114,13.7,13.8,13.15,13.6,11321,11298
SALORAINTL,20071114,223.4,223.4,209.0,212.25,8804,6034
SALSTEEL,20071114,20.65,21.8,19.7,21.8,4074408,1266360
SAMBHAAV,20071114,3.25,3.75,3.25,3.75,7530,7530
SANDESH,20071114,169.0,171.0,166.5,169.4,2604,2192
SANGAMIND,20071114,44.2,49.5,44.2,47.25,37920,27253
SANGHIIND,20071114,82.25,82.25,80.05,80.55,11726,8230
SANGHIPOLY,20071114,8.3,8.8,7.15,7.35,395987,300026
SANGHVIMOV,20071114,234.0,234.0,216.0,221.35,60396,42603
SANWARIA,20071114,85.0,90.05,85.0,90.05,4293,3828
SAPL,20071114,20.1,20.85,19.75,19.85,596258,409654
SARLAPOLY,20071114,130.0,134.0,130.0,131.0,25349,25349
SASKEN,20071114,275.0,280.0,270.1,271.9,45231,26031
SATHAISPAT,20071114,50.0,53.0,48.3,51.1,94110,53895
SATYAMCOMP,20071114,420.0,433.0,418.5,430.7,2332642,1476028
SAVITACHEM,20071114,300.0,304.9,295.0,302.3,5335,5089
SB&TINTL,20071114,27.5,31.75,27.25,30.8,39426,24910
SBIN,20071114,2450.0,2450.0,2315.0,2353.85,1368083,287789
SCI,20071114,242.5,250.8,236.25,248.35,553054,174563
SEAMECLTD,20071114,195.0,198.05,194.0,195.05,49451,37385
SELAN,20071114,163.4,166.4,160.0,164.7,93241,53577
SELMCL,20071114,87.0,89.9,85.05,86.5,52020,20321
SESAGOA,20071114,3550.0,3862.0,3550.0,3640.2,176009,65513
SESHAPAPER,20071114,166.25,173.5,166.25,173.0,8129,7679
SGL,20071114,22.55,23.0,21.6,22.0,90776,79865
SHAHALLOYS,20071114,59.0,65.05,58.0,65.05,420682,153314
SHANTIGEAR,20071114,85.5,86.45,84.15,85.0,49963,45040
SHARRESLTD,20071114,314.05,339.95,314.05,328.95,314,254
SHASUNCHEM,20071114,67.9,74.5,66.5,72.4,298871,144020
SHIV-VANI,20071114,443.4,447.8,421.0,426.35,156155,74131
SHIVAMAUTO,20071114,82.05,84.25,82.05,82.15,532,432
SHIVTEX,20071114,32.3,32.9,31.0,31.55,2000,1700
SHOPERSTOP,20071114,502.0,535.0,502.0,513.25,3318,2759
SHREEASHTA,20071114,405.0,413.0,404.0,408.55,10080,8179
SHREECEM,20071114,1400.0,1417.0,1380.0,1381.1,2352,1465
SHRENUJ,20071114,48.0,49.35,48.0,48.0,15126,12305
SHREYANIND,20071114,36.7,42.85,36.7,42.7,255,200
SHREYAS,20071114,84.8,84.8,81.5,81.75,11260,8353
SHRINGAR,20071114,83.55,88.6,82.0,82.7,343534,118418
SHRIRAMCIT,20071114,270.0,284.0,270.0,282.0,361,342
SHYAMTEL,20071114,86.0,87.8,85.9,86.5,22616,11084
SICAL,20071114,225.0,227.0,211.3,219.85,9436,8286
SIEMENS,20071114,1845.0,1898.9,1794.0,1884.05,184586,85509
SILINV,20071114,107.55,109.2,106.1,108.45,2871,2585
SIMPLEX,20071114,269.0,277.4,263.0,272.85,3542,3021
SIMPLEXINF,20071114,585.0,585.0,550.25,576.1,28992,24521
SINTEX,20071114,450.0,493.95,450.0,469.85,359328,347312
SIRPAPER,20071114,79.0,89.5,78.5,85.7,42395,30683
SIYSIL,20071114,126.95,127.5,126.95,127.5,312,312
SKFINDIA,20071114,398.9,406.5,398.5,400.1,20204,18113
SKMEGGPROD,20071114,16.25,17.9,16.25,17.3,27798,14896
SKUMARSYNF,20071114,139.5,148.8,136.55,142.65,1570885,856776
SMSPHARMA,20071114,206.55,248.0,206.55,240.15,3365,2575
SOBHA,20071114,845.0,867.0,840.0,852.15,160072,150019
SOLAREX,20071114,320.0,322.0,310.0,315.25,5714,3584
SOMANYCERA,20071114,55.0,68.0,55.0,66.0,392,391
SOMATEX,20071114,30.6,30.75,30.0,30.05,172307,170245
SONASTEER,20071114,56.1,57.4,55.0,57.05,133950,96620
SONATSOFTW,20071114,40.0,40.0,39.0,39.3,107804,69557
SOUTHBANK,20071114,166.0,169.8,165.3,168.5,68734,46597
SPARC,20071114,84.0,87.0,83.0,83.4,185671,93926
SPENTEX,20071114,32.05,32.2,30.9,31.05,60028,47527
SPLIL,20071114,19.95,21.7,19.7,20.95,669573,653143
SPSL,20071114,320.0,346.45,319.85,346.45,75739,35997
SREINTFIN,20071114,150.0,176.95,150.0,176.95,1116909,688229
SRF,20071114,135.0,135.0,132.55,133.1,333253,179848
SRHHYPOLTD,20071114,21.8,24.85,21.8,22.3,839,548
SRTRANSFIN,20071114,280.0,293.9,279.0,285.55,99981,81985
SSWL,20071114,162.0,162.0,153.25,154.5,585,325
STAR,20071114,248.7,248.7,239.3,245.5,8286,4494
STARPAPER,20071114,32.5,33.65,32.5,32.6,4840,4628
STCINDIA,20071114,1506.95,1506.95,1506.95,1506.95,1193,1193
STER,20071114,995.0,1023.7,992.4,1011.8,5051739,2711358
STERLINBIO,20071114,179.0,183.7,163.0,168.25,487884,134313
STERTOOLS,20071114,65.75,69.75,65.75,66.2,1493,1254
STINDIA,20071114,21.95,22.0,20.0,20.5,3150,2400
STROPTICAL,20071114,299.9,302.8,295.0,296.55,205719,77989
SUBEX,20071114,302.9,311.0,292.0,293.9,22048,15941
SUBHASPROJ,20071114,313.0,316.0,305.0,307.0,90428,77030
SUBROS,20071114,206.7,221.0,200.0,218.5,44157,28417
SUDARSCHEM,20071114,96.5,103.5,96.5,103.5,200,0
SUNDARMFIN,20071114,711.0,730.0,675.0,687.75,6923,6142
SUNDRMBRAK,20071114,393.0,400.0,393.0,394.0,51,50
SUNDRMCLAY,20071114,750.0,789.0,750.0,768.75,729,592
SUNDRMFAST,20071114,49.0,49.0,47.0,47.15,62299,41594
SUNFLAG,20071114,36.45,37.8,34.55,37.8,6602173,2201553
SUNILHITEC,20071114,301.0,312.0,297.95,301.95,35140,13605
SUNPHARMA,20071114,1100.0,1150.0,1074.7,1137.9,219751,161753
SUNTV,20071114,313.0,329.8,310.0,325.7,183549,84314
SUPERSPIN,20071114,15.1,15.7,15.0,15.05,17375,15456
SUPPETRO,20071114,27.9,27.95,26.75,27.45,115934,70324
SUPRAJIT,20071114,85.0,85.0,81.2,82.9,9612,5958
SUPREMEIND,20071114,334.5,342.0,325.05,330.9,6136,4218
SUPREMEINF,20071114,135.0,143.0,134.0,140.45,87673,56815
SUPREMYARN,20071114,37.1,39.75,37.1,39.4,22900,1900
SURAJDIAMN,20071114,56.0,57.9,56.0,56.75,90806,61529
SURANAIND,20071114,180.6,180.6,161.0,180.55,2179,2021
SURANATELE,20071114,32.0,32.8,30.4,30.6,27507,18917
SURYAJYOTI,20071114,75.0,75.0,71.7,72.9,32050,30980
SURYALAXMI,20071114,33.05,34.5,31.65,32.5,11123,10583
SURYAPHARM,20071114,101.65,108.25,101.65,105.5,25992,18361
SURYAROSNI,20071114,73.2,74.75,68.2,69.8,468512,207527
SUTLEJTEX,20071114,133.0,135.5,131.0,131.1,948,645
SUVEN,20071114,32.0,32.55,31.6,32.15,15846,11737
SUZLON,20071114,1975.0,2020.0,1945.0,1998.65,1813639,1471943
SWARAJENG,20071114,162.0,172.5,160.0,168.9,156549,154185
SWARAJMAZD,20071114,292.0,292.0,285.0,288.95,145,140
SYNDIBANK,20071114,109.4,109.4,105.15,106.15,3027115,1230282
TAINWALCHM,20071114,13.05,13.1,13.0,13.0,3901,3700
TAJGVK,20071114,142.8,146.0,142.0,144.35,31804,19017
TAKE,20071114,1120.0,1185.0,1098.0,1119.1,2188,1600
TALBROAUTO,20071114,49.5,50.0,48.9,49.0,13364,12105
TANLA,20071114,675.0,688.5,662.0,665.1,34168,30430
TATACHEM,20071114,325.95,328.8,315.25,318.45,781931,644935
TATACOFFEE,20071114,256.15,288.0,256.15,269.65,96954,54488
TATAELXSI,20071114,245.0,247.0,232.0,234.9,28475,20465
TATAINVEST,20071114,700.0,719.85,680.5,688.9,16771,11031
TATAMETALI,20071114,149.5,153.0,149.0,150.9,61846,35712
TATAMOTORS,20071114,700.0,731.8,700.0,707.65,594977,323679
TATAPOWER,20071114,1280.0,1329.9,1275.0,1312.85,630210,247082
TATASPONGE,20071114,227.0,232.0,223.1,225.15,62137,39175
TATASTEEL,20071114,852.3,869.95,851.0,858.05,1361319,595482
TATASTEEL,20071114,852.3,869.95,851.0,858.05,84000,84000
TATASTEEL,20071114,865.0,865.0,865.0,865.0,1361319,595482
TATASTEEL,20071114,865.0,865.0,865.0,865.0,84000,84000
TATATEA,20071114,772.0,786.0,770.2,773.95,94228,85066
TCI,20071114,141.0,142.9,137.5,138.85,30208,20952
TCS,20071114,960.0,1045.1,960.0,986.7,897092,608013
TECHM,20071114,1050.0,1092.7,1025.0,1033.75,84330,31840
TECHNOELEC,20071114,173.65,174.0,167.5,171.4,8283,5106
TELEDATAIN,20071114,69.5,72.0,66.0,67.55,6206323,2684663
TEXMACOLTD,20071114,1799.0,1850.0,1661.0,1692.55,19386,11051
TFCILTD,20071114,32.2,34.5,31.05,34.5,755830,417502
TFL,20071114,32.9,33.7,32.15,32.6,15940,10431
THEMISMED,20071114,154.7,155.0,148.1,148.35,364,114
THERMAX,20071114,860.0,864.4,834.0,840.95,87522,80172
THIRUSUGAR,20071114,99.5,100.5,96.05,96.9,1308,1000
THOMASCOOK,20071114,60.0,60.0,56.3,56.55,19546,15076
TIIL,20071114,61.25,61.8,60.0,61.15,14242,8221
TIL,20071114,422.0,472.95,422.0,456.0,7032,5637
TIMESGTY,20071114,21.5,22.35,20.4,21.0,4408,1588
TIMETECHNO,20071114,725.9,757.4,708.95,728.45,23390,7035
TIMKEN,20071114,118.0,120.1,115.55,117.45,9495,8193
TINPLATE,20071114,56.9,58.9,55.3,56.7,36599,22589
TIPSINDLTD,20071114,63.5,66.4,62.5,62.9,25179,16525
TIRUMALCHM,20071114,173.5,175.0,172.1,172.15,747,683
TITAN,20071114,1650.0,1650.0,1540.05,1567.1,119862,77169
TITAN,20071114,1650.0,1650.0,1540.05,1567.1,5,5
TITAN,20071114,215.0,215.0,215.0,215.0,119862,77169
TITAN,20071114,215.0,215.0,215.0,215.0,5,5
TNPL,20071114,106.2,106.7,105.5,106.3,60039,50701
TODAYS,20071114,90.0,92.0,87.1,89.0,4773,3721
TOKYOPLAST,20071114,10.5,11.9,10.5,11.45,2281,248
TORNTPHARM,20071114,194.9,194.9,183.0,187.0,68772,52875
TORNTPOWER,20071114,200.0,204.85,198.5,200.7,788687,338849
TRENT,20071114,509.8,518.95,509.8,512.35,8909,6250
TRICOM,20071114,128.0,129.45,123.05,127.45,49082,25702
TRIGYN,20071114,23.95,24.45,23.1,23.4,30604,21170
TRIVENI,20071114,139.5,143.6,134.35,135.75,2925167,1092527
TTKPRESTIG,20071114,136.5,140.0,134.0,137.85,8865,7663
TTL,20071114,20.5,23.05,20.45,23.05,117823,80709
TTML,20071114,44.2,44.2,42.5,42.8,15062869,4298288
TUBEINVEST,20071114,59.0,62.9,58.2,60.05,127061,70310
TULIP,20071114,929.0,931.8,906.25,917.1,7656,4766
TV-18,20071114,472.2,499.0,472.2,495.1,53975,47117
TVSELECT,20071114,41.3,41.7,39.95,40.6,16108,12284
TVSMOTOR,20071114,56.75,59.0,56.15,58.1,971879,430077
TVSSRICHAK,20071114,122.05,122.05,120.0,121.0,3005,3005
TVTODAY,20071114,152.55,157.65,152.55,154.4,65595,43778
UCALFUEL,20071114,78.5,78.5,77.0,77.5,7657,6512
UCOBANK,20071114,51.75,52.0,50.0,50.55,8659064,4141385
UFLEX,20071114,169.9,171.85,164.15,164.8,27612,25590
ULTRACEMCO,20071114,990.0,1059.0,990.0,1033.3,95985,70453
UNICHEMLAB,20071114,193.1,198.7,189.7,191.2,9277,7609
UNIONBANK,20071114,183.8,190.0,180.5,186.35,1832046,728170
UNIPHOS,20071114,333.9,337.0,320.0,334.15,354364,278160
UNIPLY,20071114,30.3,30.4,29.35,29.5,5579,4117
UNITECH,20071114,375.0,383.8,371.6,378.45,1540913,718562
UNITY,20071114,644.0,646.0,622.25,637.0,19600,5483
UNIVCABLES,20071114,96.75,104.2,93.05,99.3,49550,28860
UPERGANGES,20071114,78.5,85.0,76.55,81.45,50109,24959
USHAMART,20071114,107.9,118.95,106.0,115.1,1608900,965680
UTISUNDER,20071114,575.0,594.8,542.0,589.89,547,7
UTTAMSTL,20071114,50.0,58.8,50.0,58.8,4126223,1659435
UTTAMSUGAR,20071114,83.0,89.9,82.2,85.05,107843,36461
UTVSOF,20071114,720.0,735.0,705.6,709.05,63714,44135
VAIBHAVGEM,20071114,195.0,195.0,165.5,172.2,1070,690
VAKRANSOFT,20071114,163.0,163.0,157.1,158.85,18138,15116
VALECHAENG,20071114,254.15,284.95,248.0,260.15,140546,41500
VARDHACRLC,20071114,6.3,6.35,6.2,6.3,105242,88966
VARDMNPOLY,20071114,74.0,85.0,74.0,76.55,91451,90577
VARUNSHIP,20071114,69.4,71.8,68.8,71.1,309064,161633
VDOCONAPPL,20071114,24.9,25.95,24.6,25.35,46729,34618
VENKEYS,20071114,178.0,186.0,178.0,184.5,25540,23106
VENUSREM,20071114,459.9,459.9,442.15,443.15,2102,1729
VESUVIUS,20071114,224.0,226.4,221.1,223.2,2042,1250
VHL,20071114,255.0,255.0,243.5,243.5,34,20
VICEROY,20071114,87.95,88.0,86.0,87.55,47046,32413
VIDEOIND,20071114,351.0,351.0,345.05,348.6,92868,81204
VIJAYABANK,20071114,70.4,71.1,68.0,69.15,3938220,1329264
VIKASHMET,20071114,29.7,32.05,28.0,32.05,914078,455311
VIMTALABS,20071114,113.8,121.0,113.8,115.45,13706,9268
VINDHYATEL,20071114,190.0,228.4,190.0,228.4,15784,9078
VINYLCHEM,20071114,15.0,17.0,15.0,16.35,26610,20221
VIPIND,20071114,110.25,122.9,110.25,117.7,8345,5565
VISAKAIND,20071114,69.0,69.45,66.5,68.6,17820,12286
VISASTEEL,20071114,39.0,41.0,38.0,39.05,2331139,1277211
VISESHINFO,20071114,29.95,30.0,28.7,29.55,31372,25562
VISHALRET,20071114,725.05,740.0,703.25,718.8,15187,11295
VISUINTL,20071114,13.5,14.1,13.5,13.8,189343,103014
VIVIMEDLAB,20071114,113.25,115.0,109.25,110.15,26843,17260
VLSFINANCE,20071114,28.3,28.8,27.9,28.8,54172,45600
VOLTAMP,20071114,1874.8,1874.8,1752.0,1776.9,34481,11338
VOLTAS,20071114,206.0,213.4,204.5,210.15,1678883,634079
VSNL,20071114,490.15,533.0,483.0,524.55,970883,531169
VSTIND,20071114,330.0,330.0,318.0,326.1,1840,1526
VTL,20071114,148.0,148.0,137.0,138.1,4237,3528
WALCHANNAG,20071114,10312.3,10312.3,10312.3,10312.3,1363,1362
WANBURY,20071114,135.55,138.0,135.0,135.75,12607,8810
WEBELSOLAR,20071114,450.0,515.0,438.0,499.55,7223,6764
WELGUJ,20071114,401.05,439.9,380.4,430.1,3286259,969236
WELSPUNIND,20071114,66.45,68.85,65.75,66.65,55112,35776
WENDT,20071114,794.95,800.0,776.0,777.0,65,59
WHEELS,20071114,262.0,275.0,260.1,271.85,844,728
WILLAMAGOR,20071114,39.5,43.0,39.5,41.65,10358,6152
WINSOMYARN,20071114,14.0,14.1,13.85,13.95,5965,5465
WIPRO,20071114,452.0,477.8,445.0,472.95,1057621,666536
WOCKPHARMA,20071114,414.0,420.0,406.5,407.6,31083,26564
WSTCSTPAPR,20071114,90.0,90.5,87.05,89.85,53892,45012
WWIL,20071114,45.9,47.35,45.1,46.35,2328666,1531594
WYETH,20071114,470.0,470.0,445.0,446.75,3070,1808
XLTL,20071114,284.0,303.2,277.0,301.0,366721,174479
XPROINDIA,20071114,38.8,38.8,37.15,38.0,8747,7583
YESBANK,20071114,222.0,232.0,222.0,225.05,1132437,637205
ZANDUPHARM,20071114,7364.45,7364.45,7364.45,7364.45,112,112
ZEEL,20071114,306.0,319.0,306.0,312.65,671484,250682
ZEENEWS,20071114,62.0,63.25,61.0,62.3,1020864,482720
ZENITHBIR,20071114,51.45,54.45,49.25,53.75,123743,59065
ZENITHCOMP,20071114,40.0,40.1,39.0,39.75,18662,13518
ZENITHINFO,20071114,292.0,360.15,292.0,311.3,2474,1510
ZENSARTECH,20071114,166.45,170.0,164.3,165.0,45512,33996
ZICOM,20071114,180.0,181.9,170.25,173.4,8635,5452
ZODIACLOTH,20071114,475.0,475.0,455.0,459.95,2998,2953
ZODJRDMKJ,20071114,25.0,29.8,25.0,29.4,2273,1197
ZUARIAGRO,20071114,242.9,257.0,238.0,250.05,87673,42645
ZYLOG,20071114,324.0,332.8,322.3,328.5,44753,22505
