SYMBOL,TIMESTAMP,OPEN,HIGH,LOW,CLOSE,VOLUME,DELIVERY
AARTIIND,2002036,42.0,42.5,41.45,41.95,11675,11675
ABANLLOYD,2002036,38.25,44.0,38.25,41.35,49827,48934
ABB,2002036,260.0,276.0,260.0,267.45,12028,7536
ABBALPO,2002036,35.05,35.85,35.0,35.2,18253,15696
ABBOTTLAB,2002036,195.0,197.45,195.0,195.2,848,778
ABSIND,2002036,39.05,40.1,39.0,39.0,8351,6525
ACC,2002036,163.5,164.5,159.2,160.05,1485414,434324
ADANIEXPO,2002036,165.0,166.4,162.7,162.75,32414,1863
ADLABSFILM,2002036,55.0,57.3,51.5,52.65,54501,39352
ADVANIORLI,2002036,17.75,18.0,17.7,17.75,11541,11541
AEGISCHEM,2002036,8.45,8.5,8.35,8.35,2000,2000
AFTEKINFO,2002036,400.0,407.0,392.5,399.3,746998,75375
AGEEGOLD,2002036,70.05,77.0,68.6,68.6,531,401
AGREVOIND,2002036,174.9,181.85,171.65,176.35,2739,2321
AGRODUTCH,2002036,25.3,26.05,25.3,25.6,6550,6000
AHMEDELEC,2002036,67.25,67.25,64.0,64.9,2321,2266
AJANTPHARM,2002036,52.0,52.95,50.5,50.75,5039,539
AKSHOPTFBR,2002036,48.65,51.95,48.65,51.15,31888,23908
ALEMBICLTD,2002036,95.0,97.15,92.1,93.5,4846,3259
ALFALAVAL,2002036,149.0,151.0,149.0,150.4,653,653
ALOKTEXT,2002036,8.75,8.75,8.25,8.25,38348,34749
ALPSINDUS,2002036,29.9,29.9,28.05,28.05,102,101
AMARAJABAT,2002036,73.5,75.5,73.5,75.05,17133,13744
AMBUJARAJN,2002036,4.05,4.1,3.9,3.9,29300,25450
ANAMALFIN,2002036,5.1,5.1,5.05,5.05,1100,1100
ANDHRABANK,2002036,9.5,9.6,9.25,9.4,75903,45675
ANDHRSUGAR,2002036,22.7,23.6,22.7,23.55,24650,24600
ANTGRAPHIC,2002036,2.05,2.05,1.95,1.95,2400,2400
APCOTEXLAT,2002036,27.0,27.0,25.0,25.0,1401,1351
APOLLOHOSP,2002036,126.0,128.0,121.35,122.4,82909,24114
APOLLOTYRE,2002036,83.65,84.35,79.05,79.9,44831,20530
APPAPER,2002036,37.75,38.5,37.65,38.3,2185,2035
ARCHIES,2002036,104.8,119.75,100.5,112.45,303985,77797
ARHAMFISCL,2002036,4.05,4.3,3.9,4.0,10000,9400
ARIHANTCRE,2002036,4.0,4.15,4.0,4.05,40005,15505
ARIHANTRED,2002036,0.6,0.6,0.6,0.6,11,11
ASAHIINDIA,2002036,315.0,315.0,300.0,300.0,230,220
ASHAPURMIN,2002036,84.75,84.9,84.0,84.0,1106,1106
ASHIMASYN,2002036,20.35,20.35,20.0,20.0,500,500
ASHKLEYFIN,2002036,39.75,41.15,38.1,39.95,22882,16404
ASHOKLEY,2002036,89.3,91.0,85.1,86.45,104463,75268
ASIANELEC,2002036,15.0,15.0,14.4,14.9,724,724
ASIANHOTEL,2002036,71.25,71.95,70.0,71.9,590,437
ASIANPAINT,2002036,305.05,319.1,305.05,313.15,21993,15276
ASSAMCO,2002036,18.7,18.7,17.2,17.35,930,830
ASSAMFRONT,2002036,53.75,53.75,50.15,50.65,1681,1245
ASTRAIDL,2002036,366.4,366.4,360.0,360.5,27780,20610
ATCOIND,2002036,21.0,21.0,19.9,20.0,9321,8470
ATLASCOPCO,2002036,128.5,136.9,125.0,126.1,47230,33578
ATLASCYCLE,2002036,51.0,52.3,51.0,52.3,687,687
ATULPROD,2002036,19.1,19.95,19.0,19.5,4650,4150
AUROPHARMA,2002036,237.0,239.0,235.6,236.15,6405,4190
AUTOAXLES,2002036,67.75,67.75,58.05,58.35,1341,1193
AUTORIDFIN,2002036,3.7,3.7,3.7,3.7,10,10
AZTEC,2002036,47.0,47.5,43.0,43.7,160405,78818
BAJAJAUTO,2002036,479.0,499.0,465.15,490.2,190650,144450
BAJAJHIND,2002036,56.75,56.75,53.15,53.15,410,10
BAJAUTOFIN,2002036,47.5,48.3,47.25,48.15,4625,4575
BALAJHOTEL,2002036,7.5,7.5,7.4,7.45,1970,1970
BALAJIDIST,2002036,28.25,28.25,26.05,26.05,1220,1120
BALAJIIND,2002036,6.9,6.9,6.5,6.9,1750,1650
BALAJITELE,2002036,404.4,406.0,386.0,392.1,102043,18705
BALMLAWRIE,2002036,40.0,40.0,38.3,38.3,2370,2013
BALRAMCHIN,2002036,112.0,119.0,112.0,115.05,79179,62388
BANARISUG,2002036,160.0,162.9,156.0,158.05,830,700
BANKBARODA,2002036,45.75,47.5,45.7,46.45,76845,44329
BANKINDIA,2002036,22.0,23.0,21.8,22.55,221044,128129
BANKPUNJAB,2002036,15.5,16.25,15.25,15.9,322097,216543
BANKRAJAS,2002036,10.5,11.55,10.5,11.0,112914,67399
BASF,2002036,84.0,94.8,84.0,94.15,14835,10023
BATAINDIA,2002036,35.5,35.5,34.85,35.0,22817,19047
BAUSCHLOMB,2002036,52.0,52.0,50.1,50.35,79954,51343
BAYER,2002036,1475.0,1513.4,1475.0,1490.05,265,256
BBTC,2002036,38.45,41.4,38.45,41.4,1850,1845
BEL,2002036,139.25,139.25,129.15,130.6,265329,91015
BELCERAMIC,2002036,3.2,3.2,3.05,3.05,2525,2525
BEML,2002036,49.1,50.9,46.6,47.75,215905,70935
BFLSOFTWAR,2002036,519.0,519.0,476.1,489.7,80542,23382
BGFL,2002036,17.85,20.8,17.05,19.85,159564,85589
BHARATFORG,2002036,113.25,115.5,110.1,111.05,11594,8914
BHARATHOT,2002036,21.0,21.0,20.0,20.0,870,720
BHARATRAS,2002036,22.25,22.25,21.1,22.25,200,100
BHARTI,2002036,45.9,46.7,44.8,45.1,1989742,1005402
BHEL,2002036,188.0,188.0,175.1,177.0,1827661,422454
BHUSANSTL,2002036,16.05,16.35,15.1,15.55,2896,2580
BIL,2002036,25.5,27.15,25.5,25.85,16933,15759
BILT,2002036,41.5,49.25,41.5,47.3,626617,310021
BIMETBRG,2002036,81.05,83.9,81.05,81.1,174,150
BINANIZINC,2002036,24.5,25.8,24.5,25.0,3189,2956
BINDALAGRO,2002036,4.95,5.45,4.95,5.25,24480,18005
BIOFILCHEM,2002036,2.5,2.5,2.35,2.35,1448,1448
BIRLA3M,2002036,289.8,289.8,278.5,279.9,1561,1434
BIRLAERIC,2002036,20.25,21.0,20.1,20.15,7700,6500
BIRLAJUTE,2002036,16.3,16.3,15.95,16.2,12238,9830
BLOWPLAST,2002036,9.3,9.3,9.05,9.05,1042,1042
BLUEDART,2002036,75.0,76.8,75.0,76.15,10983,9378
BLUESTARCO,2002036,62.0,63.2,60.0,60.0,20618,17704
BLUESTINFO,2002036,142.0,146.5,131.0,133.55,50964,20037
BOMDYEING,2002036,42.55,43.0,42.5,42.65,6887,5863
BONGAIREFN,2002036,5.45,5.55,5.25,5.35,204300,197400
BOOTSPHARM,2002036,301.05,304.5,298.0,302.1,6075,2164
BPCL,2002036,326.0,333.45,316.5,328.15,3296620,601831
BPL,2002036,51.5,51.5,49.1,49.6,10852,7534
BPLENGG,2002036,5.3,5.3,5.0,5.0,3250,3050
BPLSANTECH,2002036,1.9,1.9,1.9,1.9,500,500
BRITANNIA,2002036,536.0,553.9,536.0,549.05,12297,11775
BSELINFO,2002036,13.6,13.6,13.6,13.6,100,100
BSES,2002036,215.1,216.1,211.6,212.95,31284,21303
BSL,2002036,26.9,27.45,26.9,27.45,610,600
BURRWELCOM,2002036,190.0,194.0,188.65,189.75,4717,3253
CABOTINDIA,2002036,92.05,92.05,92.05,92.05,300,300
CADBURY,2002036,479.0,479.85,476.0,479.15,1647,1094
CADILAHC,2002036,126.7,127.0,124.55,125.25,10645,7080
CANFINHOME,2002036,28.0,28.0,26.6,26.8,4825,4080
CARBEVFLOW,2002036,22.0,22.5,21.25,22.25,7092,7092
CARBORUNIV,2002036,85.0,86.0,84.55,86.0,1100,1100
CARRIERAIR,2002036,85.15,85.5,84.05,85.5,950,950
CASTROL,2002036,193.5,197.25,193.5,197.15,78555,58832
CEAT,2002036,24.55,26.4,24.55,26.05,34732,24218
CEATFIN,2002036,2.5,2.6,2.5,2.6,700,700
CENTENKA,2002036,50.25,55.4,50.25,53.85,18747,17334
CENTURION,2002036,12.8,13.55,12.6,13.15,630193,391073
CENTURYTEX,2002036,37.7,38.0,36.55,36.7,49217,27913
CESC,2002036,12.9,12.9,11.75,11.8,8308,7100
CGIGARSH,2002036,35.5,35.7,34.5,35.55,1530,1330
CHAMBLFERT,2002036,12.75,12.75,11.75,12.0,125210,87940
CHEMPLAST,2002036,19.0,20.65,18.9,20.25,23353,15571
CHENNPETRO,2002036,23.5,23.75,22.5,22.6,36907,28891
CHETNADCEM,2002036,54.0,59.0,52.0,58.15,18161,14271
CHLORIDIND,2002036,66.4,67.8,64.5,66.45,4177,2887
CHOLAINV,2002036,35.0,35.0,33.0,33.0,8979,7535
CIBASPEC,2002036,69.7,76.0,69.7,74.55,50615,33857
CIMCOBIRLA,2002036,1.6,1.6,1.6,1.6,150,150
CINEVISTA,2002036,43.0,43.9,41.05,41.95,4614,3076
CIPLA,2002036,1022.0,1030.0,1004.05,1023.5,43642,26338
CITICORSEC,2002036,492.0,515.0,486.0,506.2,20634,10578
CLARIANT,2002036,104.4,106.5,104.3,106.35,3233,475
CMC,2002036,342.75,350.0,340.0,340.55,7702,3244
COATESIND,2002036,79.9,80.0,77.5,79.9,628,503
COATVIYELA,2002036,25.6,25.6,25.2,25.25,7340,7120
COCHINREFN,2002036,36.3,36.9,35.5,35.7,37277,25009
COLGATE,2002036,143.15,144.0,142.1,142.7,47165,38100
COLORCHEM,2002036,125.15,126.95,124.25,125.2,6044,4828
COMPUDYNE,2002036,53.8,53.95,51.0,51.35,112271,43938
COMPUTECH,2002036,8.4,8.75,8.05,8.5,33645,27257
CONCOR,2002036,265.0,272.0,262.0,264.65,50325,28716
CONSCOFFEE,2002036,68.0,69.9,67.1,67.15,971,889
COREPARENT,2002036,6.8,6.85,6.8,6.85,4325,4325
CORPBANK,2002036,148.0,154.9,148.0,151.3,335215,146729
COSMOFILMS,2002036,46.0,46.8,46.0,46.1,3064,2815
CREATIVEYE,2002036,31.95,32.85,30.5,31.3,46528,28233
CRESTCOMM,2002036,76.5,76.5,71.5,73.4,114192,42380
CRISIL,2002036,265.5,269.4,252.75,265.85,7993,4350
CROMPGREAV,2002036,48.7,49.7,44.25,46.95,584047,191815
CUB,2002036,24.0,25.0,23.5,23.85,14605,9429
CYBERTECH,2002036,17.9,17.9,16.3,16.8,21589,14135
DABUR,2002036,64.5,64.9,63.25,63.75,171735,133654
DALMIACEM,2002036,154.0,154.0,153.0,153.0,130,130
DCLPOLY,2002036,2.05,2.1,1.9,1.95,58445,54443
DCM,2002036,5.65,5.95,5.5,5.5,3838,3838
DCMDAEWOO,2002036,3.85,4.0,3.85,3.9,44615,31450
DCMFINSERV,2002036,1.9,1.9,1.9,1.9,4,4
DCMSRMCONS,2002036,51.0,51.05,51.0,51.05,332,332
DCW,2002036,11.25,13.25,10.8,12.85,283293,190287
DECCANCEM,2002036,26.5,27.5,26.0,27.25,59538,57719
DEEPAKFERT,2002036,17.45,17.75,17.15,17.3,42200,36908
DENABANK,2002036,7.3,7.5,7.15,7.25,20126,14064
DGPWINDSOR,2002036,3.5,3.8,3.3,3.3,1580,1570
DIGITALEQP,2002036,573.0,578.7,552.15,556.4,2479253,184372
DRBECK,2002036,42.85,43.0,42.65,43.0,252,200
DRREDDY,2002036,1050.0,1053.95,1002.1,1019.15,107692,46038
DSKULKARNI,2002036,4.95,4.95,4.95,4.95,1,0
DYNACONS,2002036,6.3,6.3,6.3,6.3,2,2
EASTSILK,2002036,13.2,13.2,13.1,13.1,400,400
EASUNREYRL,2002036,16.0,16.0,16.0,16.0,4,4
EICHERLTD,2002036,16.1,16.1,15.15,15.3,10406,8926
EICHERMOT,2002036,47.0,51.8,44.0,44.5,18560,16739
EIDERTELE,2002036,11.5,11.5,10.5,10.65,603,1
EIDPARRY,2002036,79.35,79.4,77.0,77.5,5631,4740
EIHOTEL,2002036,201.5,205.8,201.5,204.15,1704,1475
ELDERPHARM,2002036,31.5,32.0,31.05,31.2,2120,1865
ELECTCAST,2002036,216.0,230.0,213.1,216.0,44813,21065
ELGIEQUIP,2002036,14.4,15.2,14.05,14.5,15871,12761
ELGITYRE,2002036,190.0,190.0,190.0,190.0,50,50
EMCOTRANS,2002036,18.4,18.4,17.95,18.2,3662,3562
EMERCK,2002036,293.0,300.0,290.0,290.7,10656,8009
ENGINERSIN,2002036,185.95,187.8,178.1,180.0,37458,10440
ESABINDIA,2002036,42.6,43.95,42.0,42.25,24737,23015
ESCORTS,2002036,51.75,52.65,51.0,51.25,30570,16720
ESSARGUJ,2002036,3.65,3.65,3.2,3.45,243593,195257
ESSAROIL,2002036,5.3,5.4,4.95,4.95,68721,65921
ESSELPACK,2002036,223.3,226.95,220.0,223.2,15625,13804
ETERNEVRST,2002036,20.2,20.6,19.9,20.15,1750,1650
EUROSOFTAL,2002036,1.5,1.5,1.3,1.5,4800,4700
EUROTEXIND,2002036,7.6,7.6,7.0,7.0,319,319
EXCELIND,2002036,51.55,51.6,49.2,49.85,3434,2782
FAGBEARING,2002036,48.5,48.5,47.65,48.0,7440,7320
FDC,2002036,220.0,221.0,212.8,215.0,370,230
FEDERALBNK,2002036,99.8,118.45,99.8,114.45,2690729,742723
FINCABLES,2002036,138.0,140.0,137.05,137.6,4450,3719
FINPIPE,2002036,32.95,33.5,32.95,33.25,32583,28483
FIRSTLEASE,2002036,16.5,16.5,15.75,16.05,8610,7810
FLEX,2002036,12.9,13.35,12.9,13.15,6308,5797
FLEXCHEM,2002036,24.5,24.5,23.25,23.4,1900,1400
FLEXENGG,2002036,8.0,8.0,8.0,8.0,1000,1000
FLOATGLASS,2002036,13.35,13.65,13.3,13.45,8775,7185
FORBESGOK,2002036,62.25,67.45,61.0,61.55,812,400
FOSECOIND,2002036,70.15,71.65,70.15,70.2,680,520
FUJITSICIM,2002036,95.7,95.7,92.0,92.55,36874,11737
FULFORD,2002036,135.0,142.0,135.0,137.6,2011,1776
GAEL,2002036,8.0,8.0,8.0,8.0,450,450
GAIL,2002036,74.4,74.4,71.5,72.05,159960,87636
GAMMONIND,2002036,66.3,70.75,65.5,69.5,9559,5011
GANESHBENZ,2002036,2.95,3.1,2.85,3.05,2200,2200
GARDENSILK,2002036,13.55,13.55,13.05,13.2,10275,9877
GARWALLROP,2002036,16.0,16.0,15.2,15.55,7703,7197
GECALSTHOM,2002036,20.5,20.9,19.5,19.65,4377,4032
GEOMETRIC,2002036,408.0,408.0,386.55,393.9,342019,41067
GEORGWILIM,2002036,85.0,87.3,84.0,84.55,489,489
GERMANREM,2002036,250.05,269.95,250.05,264.25,964,814
GESCOCORP,2002036,18.8,19.6,18.8,18.95,1169,1112
GESHIPPING,2002036,33.0,33.3,31.85,32.0,938047,656860
GHCL,2002036,12.65,12.9,12.45,12.7,106720,103570
GICHSGFIN,2002036,13.4,13.4,12.6,12.9,35610,32485
GIPCL,2002036,15.9,16.7,15.55,15.55,19330,16974
GKW,2002036,1.4,1.6,1.4,1.4,860,860
GLAXO,2002036,348.4,348.4,336.5,344.2,38610,28631
GLENMARK,2002036,246.0,251.75,244.9,249.7,9951,8224
GLFL,2002036,1.3,1.4,1.3,1.4,1032,1032
GLOBALTELE,2002036,110.8,111.15,106.5,107.65,3013088,308457
GLOBLTRUST,2002036,25.25,27.1,24.7,25.2,3244500,1494530
GMDCLTD,2002036,68.2,70.45,67.5,69.95,39637,31716
GMRVASAVI,2002036,10.25,10.45,9.65,9.95,6720,6120
GNFC,2002036,23.9,24.25,23.55,24.1,178277,167255
GODAVRFERT,2002036,13.0,13.0,12.1,13.0,8100,7200
GODFRYPHLP,2002036,381.0,382.0,376.0,377.6,1163,1163
GODREJCP,2002036,57.75,59.0,57.0,58.2,49107,39842
GODREJINDS,2002036,15.65,15.8,15.55,15.6,29588,29487
GOETZEIND,2002036,19.0,20.5,19.0,20.0,6412,5086
GOLDTECH,2002036,17.3,17.6,16.6,16.9,19080,13625
GOODLASNER,2002036,116.9,118.85,115.3,116.2,7137,5173
GOODRICKE,2002036,33.05,35.2,33.05,35.1,2860,2726
GOODYEAR,2002036,29.25,31.0,29.25,30.0,1566,1551
GPELECT,2002036,7.75,7.75,7.75,7.75,500,500
GRAPHIT,2002036,29.6,29.75,29.6,29.75,540,540
GRASIM,2002036,303.0,305.85,300.7,303.1,111825,87543
GREAVES,2002036,5.8,6.05,5.8,5.85,3603,3000
GRINWELNOR,2002036,72.0,72.6,72.0,72.05,300,200
GSFC,2002036,16.25,17.5,16.25,17.25,40227,38888
GTCIND,2002036,5.2,5.25,5.15,5.25,3255,3128
GTNTEXT,2002036,16.0,17.4,16.0,17.35,3340,3340
GUJALKALI,2002036,11.35,11.5,11.15,11.25,2925,2925
GUJAMBCEM,2002036,226.0,230.95,216.2,218.4,208029,131493
GUJFLUORO,2002036,37.05,39.0,37.05,39.0,350,350
GUJRATGAS,2002036,495.0,497.7,480.0,484.2,12186,5872
GUJSIDHCEM,2002036,2.95,2.95,2.9,2.9,10601,10600
GULFOIL,2002036,37.95,37.95,36.0,36.0,250,200
HARRMALAYA,2002036,9.15,9.15,8.0,8.05,17876,15625
HAVELLS,2002036,126.0,126.0,122.0,125.2,110,110
HBSTOCK,2002036,1.65,1.65,1.65,1.65,500,500
HCL-INSYS,2002036,111.0,113.9,108.55,110.85,160730,39190
HCLTECH,2002036,284.0,290.0,279.2,287.25,2569202,224681
HDFC,2002036,669.0,678.0,669.0,675.95,28385,23661
HDFCBANK,2002036,236.0,241.0,234.05,235.15,44240,23513
HEG,2002036,26.9,27.0,26.0,26.5,3848,3598
HERDILCHEM,2002036,18.9,18.9,17.8,18.5,1368,818
HERITGFOOD,2002036,26.0,26.2,25.5,26.0,4610,4400
HEROHONDA,2002036,388.1,389.9,371.5,377.35,175352,101211
HIKAL,2002036,107.85,109.25,104.0,104.6,4620,3930
HIMACHLFUT,2002036,75.9,76.0,71.75,73.35,5984901,1221281
HIMATSEIDE,2002036,92.3,92.5,88.0,89.8,2610,2550
HINDALC0,2002036,747.5,753.0,725.2,744.3,43333,34276
HINDCONS,2002036,42.6,42.7,41.0,41.3,10884,8813
HINDINKS,2002036,311.0,315.0,309.0,310.0,1150,990
HINDLEVCHM,2002036,165.8,167.95,161.0,162.0,2440,2225
HINDLEVER,2002036,247.75,249.5,242.0,246.1,578944,298154
HINDMOTOR,2002036,7.25,8.2,6.85,8.15,1632030,929953
HINDOILEXP,2002036,25.8,31.0,25.8,30.6,1193517,624144
HINDPETRO,2002036,327.0,330.0,313.6,319.6,3680118,598812
HINDSANIT,2002036,38.75,39.6,37.45,37.5,2556,1525
HINDSYNTEX,2002036,3.1,3.15,3.1,3.15,1100,1100
HINDUJAFIN,2002036,264.1,276.45,262.0,265.7,1136048,66812
HINDZINC,2002036,31.0,31.45,30.15,30.9,448827,343910
HINPOWPLUS,2002036,18.0,18.8,17.7,17.9,11790,11540
HITECDRIL,2002036,48.0,48.0,44.55,45.1,1330,1250
HMT,2002036,6.1,6.1,6.1,6.1,4923,4923
HOCL,2002036,11.5,12.1,11.25,11.95,29287,24760
HOECHST,2002036,350.0,368.0,348.0,349.2,9280,8930
HOGANAS,2002036,96.05,98.0,96.05,98.0,51,51
HOTELEELA,2002036,14.9,15.2,14.0,14.9,20923,17973
HUGHESSOFT,2002036,348.0,348.5,336.15,340.55,73383,10352
HUGHESTELE,2002036,7.65,7.8,7.35,7.4,99483,87609
HYDRBADIND,2002036,8.3,8.3,8.3,8.3,100,100
ICDSLTD,2002036,18.95,18.95,17.75,17.75,11,10
ICI,2002036,71.4,71.4,69.5,69.9,8658,4102
ICICI,2002036,64.0,67.65,64.0,64.6,1794238,477343
IDBI,2002036,18.05,18.35,17.75,17.85,149657,109067
IDBIBANK,2002036,21.25,23.0,21.25,21.4,136108,90189
IFBIND,2002036,1.1,1.15,1.1,1.15,124,124
IFCI,2002036,3.9,4.05,3.8,3.85,134701,102510
IFCI,2002036,3.9,4.05,3.8,3.85,7,1
IFCI,2002036,3.9,4.05,3.8,3.85,6,0
IFCI,2002036,22000.0,22100.0,22000.0,22100.0,134701,102510
IFCI,2002036,22000.0,22100.0,22000.0,22100.0,7,1
IFCI,2002036,22000.0,22100.0,22000.0,22100.0,6,0
IFCI,2002036,11050.0,11050.0,11050.0,11050.0,134701,102510
IFCI,2002036,11050.0,11050.0,11050.0,11050.0,7,1
IFCI,2002036,11050.0,11050.0,11050.0,11050.0,6,0
INDAL,2002036,81.0,83.4,79.2,83.4,10267,7366
INDGYPSUM,2002036,24.4,24.4,23.05,23.05,568,568
INDHOTEL,2002036,166.1,170.0,163.5,167.85,85242,47956
INDIACEM,2002036,32.3,32.6,31.75,32.0,84501,44009
INDIAFOILS,2002036,7.85,8.7,7.85,8.05,2050,50
INDIAGLYCO,2002036,19.2,19.3,18.9,18.9,3600,2800
INDIANCARD,2002036,31.0,31.15,31.0,31.15,124,124
INDIANHUME,2002036,351.0,351.0,351.0,351.0,10,10
INDIAPHOTO,2002036,198.5,198.5,195.0,196.2,985,772
INDNIPPON,2002036,184.0,195.0,183.0,194.95,1817,1577
INDOGULF,2002036,45.0,45.25,44.15,44.35,136296,104340
INDORAMSYN,2002036,8.1,8.35,8.1,8.2,19198,18898
INDRAMEDCO,2002036,13.2,13.2,12.0,12.0,18407,17948
INDRAYON,2002036,67.0,67.25,66.45,66.6,4596,3815
INDSHAVING,2002036,403.0,411.0,392.4,397.7,8438,4703
INDSWFTLAB,2002036,15.15,15.7,15.0,15.4,3575,3425
INDUJENERT,2002036,1.65,1.65,1.65,1.65,850,850
INDUSINDBK,2002036,15.25,17.0,15.0,16.7,222788,164283
INFARINDIA,2002036,275.0,275.0,275.0,275.0,10,10
INFOSYSTCH,2002036,3851.25,3952.5,3785.0,3921.85,724188,111332
INFOTECENT,2002036,604.0,604.0,575.55,582.0,88669,18288
INGERRAND,2002036,152.1,153.3,150.0,150.1,4154,3652
INSILCO,2002036,14.1,14.45,14.1,14.2,20607,19237
INTLTRAVHS,2002036,30.75,30.75,29.5,30.75,13668,11340
INVELTRANS,2002036,49.9,49.9,48.0,49.9,258,258
INVESTCORP,2002036,82.0,83.75,78.6,81.0,8957,7762
IOB,2002036,9.0,9.2,8.8,8.95,33531,28340
IOC,2002036,180.1,181.9,177.3,180.2,47375,26431
IOL,2002036,19.25,19.5,19.05,19.15,12098,11098
IONEXCHANG,2002036,17.1,17.5,16.75,17.2,2221,2021
IPCALAB,2002036,98.2,100.5,98.1,99.95,14513,11226
IPCL,2002036,87.9,87.9,85.1,86.15,855967,319099
IPITATASPO,2002036,17.6,17.9,16.95,17.0,31378,25845
IPRINGS,2002036,33.0,33.4,33.0,33.05,1175,1175
IT&T,2002036,31.65,31.65,31.65,31.65,1989,1989
ITC,2002036,717.5,726.0,710.05,711.6,289533,88458
ITCAGRO,2002036,51.3,55.0,51.3,52.85,1611,1511
ITCBHADRA,2002036,43.9,43.95,42.95,43.35,24369,19924
ITCHOTEL,2002036,47.7,48.9,47.7,48.1,2848,2060
ITI,2002036,16.6,16.9,15.5,15.8,55336,37864
ITIL,2002036,5.7,5.8,5.55,5.7,141958,109852
ITWSIGNODE,2002036,76.95,77.2,76.95,77.2,1651,1651
IVC,2002036,18.0,18.0,17.5,18.0,4469,3729
IVRCLINFRA,2002036,39.5,39.5,37.25,38.4,1200,1200
J&KBANK,2002036,77.1,87.6,77.1,83.4,547189,196134
JAGSNPHARM,2002036,122.0,122.0,120.0,120.0,255,55
JAICORPLTD,2002036,29.5,30.05,29.05,30.05,410,385
JAINSTUDIO,2002036,37.25,37.25,34.1,34.8,10640,8880
JAYAGROGN,2002036,72.25,72.25,71.6,71.7,600,600
JAYBARMARU,2002036,21.85,21.85,20.65,21.0,700,400
JAYPEEHOT,2002036,12.15,12.15,11.6,11.75,2522,2323
JAYSREETEA,2002036,47.65,48.25,46.3,46.4,2221,2221
JBCHEPHARM,2002036,153.85,160.0,148.0,149.2,5937,3146
JCTELEC,2002036,2.05,2.1,2.0,2.0,1700,1600
JENSONICOL,2002036,5.0,5.2,5.0,5.1,2577,1576
JINDALFOTO,2002036,23.0,23.95,23.0,23.5,3652,3452
JINDALPOLY,2002036,38.9,39.0,38.9,39.0,100,50
JINDALSTEL,2002036,155.2,158.0,152.0,152.05,4384,3880
JINDLSTRIP,2002036,49.85,49.85,47.6,48.25,19529,3688
JISLJALEQS,2002036,19.3,19.3,19.3,19.3,35,35
JKCORP,2002036,10.25,11.0,10.25,10.35,48440,48390
JKIND,2002036,16.0,16.15,15.6,15.8,2078,1925
JMCPROJECT,2002036,19.0,20.5,19.0,20.5,2600,2600
JPIND,2002036,28.05,28.65,28.05,28.15,120531,85044
JYOTISTRUC,2002036,25.25,25.95,25.25,25.25,512,462
KABRAEXTRU,2002036,26.05,26.1,25.3,25.3,577,577
KAJARIACER,2002036,16.0,16.2,15.6,15.6,14448,2443
KAKATCEM,2002036,19.95,20.0,19.0,19.4,9026,8025
KALECONSUL,2002036,69.0,70.8,66.25,66.95,266746,64218
KALPATPOWR,2002036,18.0,18.6,18.0,18.6,166,166
KALYANBRAK,2002036,122.5,122.5,122.5,122.5,550,550
KAMATHOTEL,2002036,7.4,7.4,7.4,7.4,10,10
KARURVYSYA,2002036,341.0,371.9,332.0,346.1,124054,29229
KECINTL,2002036,11.0,11.35,10.4,10.5,63718,53826
KELVINATOR,2002036,22.7,23.15,22.55,22.95,18077,16847
KESORAMIND,2002036,26.5,26.75,26.05,26.1,76197,64755
KEYCORPSER,2002036,16.0,16.0,16.0,16.0,200,200
KHAITANELE,2002036,11.15,11.15,10.3,10.3,430,430
KINETICENG,2002036,74.5,79.95,72.0,75.55,1678,1112
KINHONDA,2002036,37.0,37.5,36.5,37.4,594,519
KIRLOSKCUM,2002036,54.95,55.5,54.05,54.5,49616,36842
KIRLOSOIL,2002036,36.6,38.0,36.6,38.0,2912,2412
KITPLYIND,2002036,4.4,4.85,4.4,4.6,838,738
KLGSYSTEL,2002036,40.0,43.9,40.0,42.55,18061,12475
KOPDRUGS,2002036,20.0,20.05,19.85,19.9,5210,5210
KOPRAN,2002036,39.5,39.5,38.25,38.5,3716,3140
KOTAKMAH,2002036,162.0,176.9,156.15,161.5,1538453,423755
KOTHARIPET,2002036,0.85,0.85,0.85,0.85,500,500
KOTHARIPRO,2002036,175.0,176.05,167.1,168.75,11623,8858
KOTHARISUG,2002036,1.8,1.8,1.8,1.8,353,353
KPIT,2002036,80.0,80.0,71.75,73.75,19686,9848
KREBSBIO,2002036,95.75,96.5,93.6,94.0,4411,4411
KRONECOMM,2002036,83.05,84.85,82.0,83.3,1818,1566
KSBPUMPS,2002036,50.5,51.5,50.0,50.1,1505,1355
KTKBANK,2002036,98.1,108.4,98.0,102.85,315484,144190
L&T,2002036,194.5,195.0,191.05,193.5,613153,214561
LAKME,2002036,80.0,80.0,77.0,78.85,14893,10411
LAKSHMILL,2002036,149.05,160.0,149.0,160.0,26,18
LAKSHVILAS,2002036,52.0,57.0,52.0,53.85,35621,16728
LANESEDA,2002036,0.6,0.6,0.6,0.6,4700,4700
LAXMIMACH,2002036,659.0,669.0,656.0,656.35,56,56
LCCINFOTEC,2002036,8.75,8.75,7.35,7.55,37064,32210
LEADEDSYS,2002036,71.8,73.0,70.7,71.75,45485,19054
LGBROS,2002036,35.75,35.9,34.55,35.9,572,572
LIBERTSHOE,2002036,52.0,55.8,52.0,53.0,3397,2325
LICHSGFIN,2002036,82.25,82.5,79.6,80.05,496144,234580
LLOYDELENG,2002036,3.5,3.5,3.5,3.5,1,1
LLOYDSTEEL,2002036,0.9,0.9,0.9,0.9,1801,1800
LML,2002036,22.5,25.0,22.25,24.3,331031,165508
LUMAXIND,2002036,24.0,24.0,23.4,24.0,850,850
LUPIN,2002036,125.0,125.8,121.0,121.5,110406,42520
LYKALABS,2002036,19.5,20.7,19.05,19.55,4649,2964
M&M,2002036,122.0,128.3,122.0,125.05,920772,391159
MAARSOFTW,2002036,29.7,29.7,28.05,28.35,101990,47619
MACMILLAN,2002036,255.0,255.0,224.0,224.0,50,30
MADRASALMN,2002036,59.5,59.5,59.5,59.5,100,100
MADRASCEM,2002036,4302.0,4333.35,4200.0,4300.0,281,200
MADRASFERT,2002036,8.8,8.9,8.6,8.9,3851,3850
MAHAVIRSPG,2002036,40.45,43.8,37.2,37.85,12054,6176
MAHSCOOTER,2002036,41.0,47.5,41.0,45.95,37418,30533
MAHSEAMLES,2002036,40.8,40.9,39.0,39.25,5200,4550
MALWACOTT,2002036,15.9,16.1,15.6,15.65,1280,1055
MANALIPET,2002036,2.25,2.4,2.25,2.4,21549,21549
MANGLMCEM,2002036,4.95,5.15,4.85,5.15,835,835
MARALOVER,2002036,12.0,12.0,12.0,12.0,300,300
MARDIACHEM,2002036,1.9,1.9,1.65,1.65,1205,1201
MARICOIND,2002036,267.0,267.0,259.0,259.0,434,431
MASCOT,2002036,249.5,264.0,243.2,260.95,286146,86047
MASTEK,2002036,345.1,349.5,326.65,335.3,1069944,79472
MASTERSHAR,2002036,10.0,10.0,9.85,9.9,295585,275132
MAX,2002036,65.0,65.75,63.5,64.05,12241,7754
MCDOWELL-N,2002036,50.9,50.9,48.6,48.9,29631,19725
MEDIAVIDEO,2002036,6.6,7.15,6.1,7.0,2200,1700
MEDICOTECH,2002036,9.0,9.0,9.0,9.0,100,100
MELSTAR,2002036,18.0,18.95,17.05,17.9,3251,3001
MICO,2002036,2525.05,2560.0,2525.0,2553.5,107,107
MID-DAY,2002036,26.0,26.15,23.55,23.85,70672,37356
MIRCELECTR,2002036,380.0,390.0,376.0,380.9,9150,1891
MIRZATAN,2002036,28.0,28.0,22.5,25.55,17195,12825
MODIRUBBER,2002036,30.55,30.55,29.0,30.0,1302,1001
MONNETISPA,2002036,7.4,7.6,7.1,7.15,5700,5200
MONSANTO,2002036,484.95,510.3,480.0,510.3,12117,11510
MORARJESPG,2002036,6.25,6.75,6.25,6.75,4720,4420
MOREPENHTL,2002036,75.95,75.95,70.1,70.1,45,20
MOREPENLAB,2002036,58.4,58.4,55.25,55.8,363615,104643
MORGANSTAN,2002036,9.15,9.25,9.05,9.1,281883,281000
MOSERBAER,2002036,302.0,310.0,302.0,305.7,27702,9204
MOTHERSUMI,2002036,101.0,101.0,101.0,101.0,100,100
MRF,2002036,920.0,920.0,860.0,871.75,962,817
MRO-TEK,2002036,16.7,16.7,15.6,15.9,54299,33623
MRPL,2002036,9.2,9.35,8.55,8.75,88200,66650
MTAL,2002036,6.3,6.45,6.3,6.45,749,749
MTNL,2002036,149.2,149.2,139.55,141.0,1702934,681307
MUKAND,2002036,6.8,7.4,6.7,6.75,16663,16563
MUKANDENGG,2002036,16.0,16.4,16.0,16.4,966,966
MUKTAARTS,2002036,93.75,96.4,91.55,93.1,546217,120851
MUNJALSHOW,2002036,137.0,137.0,128.75,129.85,1450,1200
MYSORECEM,2002036,8.5,8.5,8.05,8.25,6496,6496
NAGARCONST,2002036,22.3,22.9,22.3,22.65,5716,5516
NAGARFERT,2002036,4.75,4.85,4.4,4.5,82099,66373
NAHAREXP,2002036,12.15,12.95,12.15,12.75,1632,1316
NAHARSPG,2002036,50.0,52.2,48.0,48.65,9799,5224
NARMDCHEMA,2002036,7.6,7.75,7.6,7.7,500,500
NATCOPHARM,2002036,11.65,12.15,11.3,12.05,3898,3598
NATHSEEDS,2002036,17.7,17.7,17.1,17.25,107468,70764
NATIONALUM,2002036,82.0,92.8,79.75,86.55,1344649,583971
NAVBARFERO,2002036,15.55,16.0,15.5,15.55,1970,1970
NEDUNGBANK,2002036,38.95,45.8,37.25,42.55,38264,16184
NELCO,2002036,19.0,22.5,19.0,22.05,569503,233706
NEOCURTHER,2002036,1.3,1.35,1.25,1.3,5350,5350
NEPCMICON,2002036,3.1,3.15,2.9,2.9,36663,36637
NESTLE,2002036,502.0,518.9,502.0,512.7,14594,10211
NETVISTAIT,2002036,4.95,5.0,4.0,4.1,16511,13510
NEULANDLAB,2002036,47.3,49.75,47.3,49.75,1870,1320
NEYVELILIG,2002036,22.5,23.45,21.9,22.05,852906,461760
NICCOCORP,2002036,3.65,3.65,3.65,3.65,1800,1800
NICOLASPIR,2002036,254.0,268.7,251.0,266.35,27204,18008
NIFTYBEES,2002036,117.3,117.7,115.8,116.0,24201,20240
NIIT,2002036,221.0,227.5,215.05,223.5,864013,95129
NILKAMPLST,2002036,19.5,19.55,19.0,19.15,800,750
NIPPOBATRY,2002036,280.0,280.0,280.0,280.0,10,10
NIPPONDENR,2002036,1.35,1.45,1.25,1.25,29513,25131
NIPPONDENS,2002036,19.0,19.2,18.25,18.25,12875,11795
NIRMA,2002036,253.0,255.0,248.1,249.15,4090,2789
NOCIL,2002036,7.6,7.6,7.25,7.4,58316,46081
NOVAPETRO,2002036,52.85,52.85,45.7,45.7,340,300
NOVARTIND,2002036,240.0,244.0,237.05,242.65,6222,4225
NOVOPANIND,2002036,24.05,26.0,24.05,25.9,736,736
NRBBEARING,2002036,46.0,48.0,46.0,47.9,4056,3706
NUCHEM,2002036,1.3,1.3,1.3,1.3,1600,1500
OENCONNECT,2002036,91.25,94.0,91.1,94.0,450,410
OILCOUNTUB,2002036,12.9,13.1,12.45,12.95,11820,10170
ONGC,2002036,245.0,250.0,243.05,245.45,82315,30649
ONWARDTEC,2002036,31.9,34.05,30.1,33.65,363295,135426
ORCHIDCHEM,2002036,70.65,71.0,68.75,68.85,13929,9256
ORIENTBANK,2002036,37.3,39.75,37.3,38.75,49394,31512
ORIENTHOT,2002036,62.0,64.6,62.0,63.9,351,351
ORIENTINFO,2002036,75.0,77.3,72.0,73.05,466780,142121
ORIENTPPR,2002036,13.95,14.4,13.5,13.85,1250,1100
ORISSACEM,2002036,46.75,50.35,46.75,50.35,210,109
OTIS,2002036,250.1,254.75,250.05,254.75,105,75
OUDHSUG,2002036,9.1,9.1,9.1,9.1,100,100
P&G,2002036,500.0,508.0,500.0,504.65,3243,2567
PADMINPOLY,2002036,9.7,9.8,9.5,9.55,124842,86169
PANACEABIO,2002036,362.5,369.9,360.1,369.9,155,125
PANTALOONR,2002036,60.9,60.9,50.25,50.75,63525,41854
PAPERPROD,2002036,61.0,69.85,61.0,67.35,2684,1193
PAREKHPLAT,2002036,9.25,9.5,9.25,9.35,3785,3760
PARKEDAVIS,2002036,158.5,163.0,158.5,159.7,3548,2857
PARRYAGRO,2002036,69.1,69.1,69.05,69.05,34,17
PARRYSCON,2002036,43.0,43.5,42.4,42.5,212,154
PATSPINLTD,2002036,6.75,6.95,6.5,6.5,3275,3275
PDUMJEPULP,2002036,17.05,17.5,17.0,17.5,750,750
PEACOCKIND,2002036,4.95,5.25,4.7,5.25,74993,61126
PEARLENGIN,2002036,1.7,1.7,1.65,1.65,4000,4000
PEARLGLOBL,2002036,9.0,9.0,9.0,9.0,600,600
PEARLPOLY,2002036,1.8,1.8,1.65,1.75,402,402
PENTACOMMU,2002036,23.6,23.6,22.65,22.85,103863,63898
PENTSFWARE,2002036,56.5,56.8,53.55,54.1,1361115,618697
PETRONENGG,2002036,9.3,9.7,9.1,9.7,325,325
PFIZER,2002036,445.05,450.0,443.6,444.05,816,626
PHILCORP,2002036,7.6,7.9,7.4,7.45,2500,2300
PHILIPS,2002036,99.0,99.1,99.0,99.1,990,990
PIDILITIND,2002036,170.0,174.25,166.0,169.55,11605,10117
PNBGILTS,2002036,18.25,18.25,17.8,17.9,3025,3025
PNC,2002036,37.5,37.5,35.8,36.1,76968,28545
POLARIS,2002036,195.0,197.0,188.1,190.3,3239488,498483
POLYPLEX,2002036,16.5,16.6,16.1,16.35,1574,1574
PRAJIND,2002036,6.5,6.5,6.5,6.5,100,100
PRAKASH,2002036,3.55,3.6,3.55,3.55,4878,4778
PRECWIRE,2002036,17.0,17.0,15.8,16.75,113,111
PRIMESEC,2002036,2.5,2.6,2.45,2.45,9553,8051
PRISMCEM,2002036,5.05,5.1,4.9,4.9,31700,24100
PRIYADCEM,2002036,14.0,14.05,13.75,13.9,2550,2350
PSIDATASYS,2002036,103.0,107.85,103.0,104.0,4859,2522
PSLHOLD,2002036,29.0,29.0,28.0,28.7,1650,1250
PUNJABTRAC,2002036,159.5,160.75,156.0,156.15,19305,13579
PUNJCOMMU,2002036,32.6,33.2,31.8,32.2,4756,3763
RADICOKHAI,2002036,26.4,26.45,24.3,25.3,4752,3383
RAINCALCIN,2002036,7.5,7.5,6.9,6.9,17901,15448
RAJASSPG,2002036,9.5,9.9,9.5,9.8,950,950
RAJSREESUG,2002036,8.3,8.65,8.3,8.65,2200,1200
RALLIS,2002036,64.0,66.0,63.0,63.1,9532,7970
RAMANEWSPR,2002036,3.5,3.6,3.45,3.45,62231,46302
RAMCOSYS,2002036,168.65,168.65,160.0,162.0,3095,2737
RANBAXY,2002036,844.45,854.0,834.0,848.65,426746,125601
RANEMADRAS,2002036,26.0,27.25,26.0,27.25,500,400
RASLAMIPAK,2002036,2.4,2.55,2.4,2.55,2401,2401
RAVALSUGAR,2002036,2725.0,2740.0,2706.55,2725.6,22,16
RAYMOND,2002036,100.25,102.0,99.1,101.0,28774,25957
RCF,2002036,10.05,10.55,9.8,10.05,142821,104442
REALVALAPL,2002036,1.35,1.35,1.35,1.35,5,5
RECKCOLMAN,2002036,210.0,219.0,208.5,213.1,57937,32574
REGENCERAM,2002036,13.35,13.75,13.0,13.55,11169,10944
RELCAPITAL,2002036,57.6,57.75,55.8,56.25,180592,72470
RELIANCE,2002036,308.0,321.5,306.4,307.65,3332257,822189
RELPETRO,2002036,28.5,28.55,27.55,27.7,7546170,2666884
REVL,2002036,32.0,32.0,32.0,32.0,300,300
RICOAUTO,2002036,201.0,210.0,201.0,209.6,205,105
RIIL,2002036,37.25,37.85,36.8,36.8,6393,5340
ROLTA,2002036,105.0,105.2,100.8,102.5,587418,87746
ROOFITIND,2002036,15.75,16.0,15.3,15.7,10002,7879
ROSSELL,2002036,115.5,115.5,115.5,115.5,50,50
RPGTELECOM,2002036,10.5,12.1,10.5,12.0,6500,5800
RSSOFTWARE,2002036,46.5,46.5,42.5,43.05,28057,15143
RUCHISOYA,2002036,30.95,30.95,30.0,30.0,1140,1140
SAELTD,2002036,4.7,4.7,4.65,4.65,50,50
SAIL,2002036,5.0,5.1,4.95,5.05,580936,500607
SAITELE,2002036,29.0,29.5,29.0,29.0,14110,10110
SAKHTISUG,2002036,7.0,7.0,6.5,6.8,2390,2390
SALORAINTL,2002036,40.0,43.1,39.2,39.6,12370,6847
SAMTEL,2002036,25.1,26.1,25.1,25.75,3519,3519
SANDESH,2002036,110.0,115.0,108.5,112.0,465,415
SAREGAMA,2002036,120.05,123.85,118.0,118.35,1997,1563
SATNAMOVER,2002036,16.0,16.0,16.0,16.0,100,100
SATYAMCOMP,2002036,281.1,284.7,274.9,279.8,11782014,744245
SAVITACHEM,2002036,33.5,33.5,32.3,32.3,2611,2611
SAWPIPES,2002036,68.5,68.8,65.8,66.15,53609,31051
SB&TINTL,2002036,15.1,16.5,15.05,15.85,17050,1900
SBIHOMEFIN,2002036,9.4,9.4,9.1,9.1,4410,4410
SBIN,2002036,230.0,232.4,225.6,230.4,1658273,339342
SCI,2002036,67.2,67.4,64.55,65.05,972172,518259
SCINTSOFT,2002036,0.8,0.8,0.7,0.75,23410,16205
SEAMECLTD,2002036,100.0,101.9,96.0,96.6,182774,119868
SEARLEIND,2002036,33.25,33.75,32.3,33.35,7402,7102
SESAGOA,2002036,47.1,48.3,45.1,46.8,10162,7989
SESHAPAPER,2002036,16.0,16.0,16.0,16.0,150,150
SHAKTIGAS,2002036,2.7,2.7,2.3,2.35,4710,4600
SHAMKNFAB,2002036,17.2,17.2,16.55,16.7,3050,3050
SHANTIGEAR,2002036,53.45,53.75,53.0,53.6,450,450
SHASUNCHEM,2002036,68.1,70.1,67.6,68.0,9090,7462
SHREECEM,2002036,42.55,43.5,41.05,42.25,36341,26200
SHREEKRPOL,2002036,1.6,1.65,1.55,1.55,3360,3360
SHREERAMA,2002036,33.0,33.3,31.15,32.05,71648,47240
SHRENUJ,2002036,27.0,27.0,25.35,26.0,3070,2576
SHRMHONDA,2002036,87.9,90.0,87.0,90.0,2087,1825
SHYAMTELE,2002036,56.4,56.85,54.25,54.8,89687,37708
SICAL,2002036,12.5,12.5,12.05,12.35,3963,3563
SIEMENS,2002036,275.5,275.5,256.1,260.1,8863,5368
SIERRAOPT,2002036,63.5,65.0,61.0,63.45,13003,12452
SILTAPCHEM,2002036,51.25,52.3,50.0,50.15,1532,1130
SILVERLINE,2002036,54.25,54.25,51.2,52.45,888397,247591
SINTEX,2002036,24.15,25.25,24.15,25.25,142,142
SIRPAPER,2002036,27.0,27.5,27.0,27.5,1400,1400
SIVIND,2002036,3.0,3.0,2.65,2.65,3785,3685
SIYARSILK,2002036,36.0,36.1,35.35,36.0,1669,1209
SKFBEARING,2002036,34.8,34.8,33.0,33.5,82464,40291
SMITKLBECH,2002036,397.1,400.0,396.0,399.65,1570,1199
SNOWCEMIND,2002036,37.6,38.0,37.55,37.7,12985,2985
SOFFIASOFT,2002036,33.25,34.75,33.0,34.75,39939,25771
SOFTSOLINT,2002036,189.75,191.0,183.2,187.5,540861,39931
SOFTTECHGR,2002036,18.85,19.25,17.5,17.9,1000,750
SONATSOFTW,2002036,13.5,13.7,12.85,12.95,228745,116839
SOUTHBANK,2002036,41.9,47.3,40.5,47.1,905585,312523
SPECIALSTL,2002036,25.8,25.8,25.8,25.8,350,350
SPIC,2002036,6.9,7.05,6.8,6.9,28236,17430
SPICELEC,2002036,4.4,4.4,4.0,4.15,4155,4055
SPICFINE,2002036,27.0,28.8,27.0,27.5,11976,8697
SPLLTD,2002036,22.05,22.5,21.5,22.5,700,700
SQRDSFWARE,2002036,42.3,43.0,40.0,40.4,521044,271926
SREINTFIN,2002036,8.75,8.9,8.75,8.8,1650,1650
SRGINFOTEC,2002036,1.05,1.1,1.0,1.0,58056,44130
SRIADIKARI,2002036,174.8,178.0,170.2,171.9,325727,69622
SRICHAKTYR,2002036,38.3,38.4,36.55,38.0,452,422
SRIVISHCEM,2002036,141.4,142.2,141.4,142.05,1100,1100
SRTRANSFIN,2002036,9.3,9.8,9.3,9.75,10604,9004
STARPAPER,2002036,5.0,5.0,5.0,5.0,11,11
STDIND,2002036,3.2,3.2,2.6,2.8,5001,4759
STERLINTEA,2002036,28.1,30.0,28.1,28.8,27356,11311
STERLITIND,2002036,128.3,129.15,128.25,128.6,17885,17335
STROPTICAL,2002036,129.5,131.25,127.55,128.45,268660,58785
SUBHASPROJ,2002036,30.0,30.0,29.1,29.15,95,95
SUBROS,2002036,24.6,24.95,24.5,24.95,401,400
SUNDARMFIN,2002036,100.0,107.35,98.05,107.35,4255,3955
SUNDRMCLAY,2002036,178.0,178.0,162.1,164.0,2050,1651
SUNDRMFAST,2002036,260.5,269.9,260.5,265.35,4826,4115
SUNEARTH,2002036,19.1,19.85,18.4,18.7,4355,3785
SUNFLAGIRN,2002036,2.1,2.1,2.0,2.1,12620,8120
SUNPHARMA,2002036,664.1,664.1,642.6,650.35,21254,20440
SUPPETRO,2002036,4.6,4.85,4.6,4.6,11200,10700
SUPREMEIND,2002036,57.75,58.25,56.0,56.15,3704,1930
SURAJDIAMN,2002036,8.8,9.0,8.8,8.8,5779,5679
SURYAROSNI,2002036,10.8,10.8,10.75,10.75,1451,1451
SURYCOTMIL,2002036,11.95,11.95,11.95,11.95,10,10
SUTLEJINDS,2002036,27.65,27.65,27.4,27.65,1150,1150
SWARAJENG,2002036,254.0,254.0,245.0,245.45,1708,1658
SWARAJMAZD,2002036,36.9,36.9,36.6,36.6,800,800
SYNDIBANK,2002036,10.45,11.05,10.45,10.9,197548,145665
TAJGVK,2002036,59.0,60.0,59.0,60.0,312,312
TATACHEM,2002036,46.95,47.25,44.8,45.9,542920,217050
TATAELXSI,2002036,76.7,76.8,73.0,74.25,175489,51560
TATAFIN,2002036,21.85,25.75,21.4,25.75,946316,398796
TATAHONEY,2002036,141.0,141.0,135.1,136.4,740,630
TATAMETALI,2002036,16.05,17.5,16.05,16.8,39675,31795
TATAPOWER,2002036,126.0,126.5,121.7,123.1,427337,163431
TATAPRESS,2002036,81.9,81.9,79.0,80.65,3153,2893
TATATEA,2002036,192.0,194.5,181.6,185.65,495657,143454
TATATELECM,2002036,146.9,148.0,140.0,146.2,138468,34719
TATATIMKEN,2002036,29.2,32.7,29.15,30.8,25651,17690
TATAUNISYS,2002036,150.0,154.5,147.15,148.25,14679,6429
TATAVASHIS,2002036,12.15,12.3,11.8,12.05,14150,8650
TATAYODOGA,2002036,28.75,28.95,27.0,27.2,1150,1150
TCI,2002036,22.5,23.3,22.5,23.3,700,700
TEIL,2002036,21.0,22.0,21.0,21.6,3337,3226
TELCO,2002036,128.5,129.5,123.0,124.2,142214,71497
TELCO,2002036,128.5,129.5,123.0,124.2,2886197,1000436
TELCO,2002036,128.5,129.5,123.0,124.2,55832,44152
TELCO,2002036,132.5,134.3,125.05,126.2,142214,71497
TELCO,2002036,132.5,134.3,125.05,126.2,2886197,1000436
TELCO,2002036,132.5,134.3,125.05,126.2,55832,44152
TELCO,2002036,33.5,36.0,31.55,33.7,142214,71497
TELCO,2002036,33.5,36.0,31.55,33.7,2886197,1000436
TELCO,2002036,33.5,36.0,31.55,33.7,55832,44152
TFCILTD,2002036,6.2,6.2,5.85,5.85,7505,6805
THERMAX,2002036,81.25,82.0,78.0,78.95,30658,12536
THIRUSUGAR,2002036,22.6,22.6,22.6,22.6,349,349
THOMASCOOK,2002036,250.0,255.0,250.0,252.8,1051,705
TIL,2002036,19.5,19.5,19.5,19.5,100,100
TIPSINDLTD,2002036,168.6,172.6,163.05,164.3,678746,115098
TIRUMALCHM,2002036,30.35,31.7,30.35,31.4,2300,2200
TISCO,2002036,103.15,105.35,101.0,102.15,1519406,591918
TITAN,2002036,51.2,51.65,48.0,48.2,94956,53518
TITANOCOMP,2002036,7.5,7.5,7.0,7.0,2900,2900
TNPETRO,2002036,17.4,17.5,17.0,17.1,56870,50970
TNPL,2002036,27.55,28.75,27.25,28.35,71376,58568
TNTELE,2002036,15.8,16.5,15.75,15.8,4001,3451
TODAYS,2002036,19.9,19.9,19.8,19.8,4000,0
TORNTPHARM,2002036,251.95,261.0,251.0,259.5,14081,10926
TTKPHARMA,2002036,15.75,15.85,15.3,15.85,1220,1220
TTKPRESTIG,2002036,14.0,14.6,13.35,13.95,3600,2450
TUBEINVEST,2002036,71.3,73.0,71.0,71.4,2177,2104
TV18,2002036,99.8,102.0,98.15,99.8,168944,39633
TVSELEC,2002036,59.8,64.5,54.2,59.4,697359,176644
UCALFUEL,2002036,71.25,73.0,71.25,72.0,9021,7481
ULTRMARINE,2002036,55.25,57.25,55.0,57.25,1590,1590
UMITL,2002036,6.05,6.45,6.05,6.45,3488,3488
UNICHEMLAB,2002036,204.0,212.65,202.0,205.5,40447,17844
UNIFLEX,2002036,8.0,8.25,7.8,8.2,4500,4450
UNIONCARBI,2002036,11.8,12.0,11.6,11.6,7213,7096
UNITECH,2002036,50.0,50.0,48.0,50.0,1420,1420
UNITEDBREW,2002036,150.0,151.55,150.0,150.1,11580,10640
UNITEDPHOS,2002036,45.5,46.0,44.1,44.4,14993,10549
UNIVCABLES,2002036,6.95,7.0,6.75,6.75,650,650
UNIWESTBNK,2002036,19.9,21.3,19.1,20.0,26029,15550
USHABEL,2002036,27.05,27.05,26.2,26.6,9514,9439
USHAINDIA,2002036,1.6,1.6,1.45,1.5,1350,1350
UTIBANK,2002036,40.9,42.2,39.6,40.2,201720,93509
UTIUS64-CI,2002036,6.5,6.5,6.35,6.35,9700,9700
UTTAMSTL,2002036,2.65,2.65,2.35,2.35,400,400
VAMORGANIC,2002036,103.0,106.0,103.0,105.45,439,439
VANADYCHEM,2002036,29.2,30.0,29.15,29.95,1999,1451
VARDHMNSPG,2002036,27.0,28.3,26.8,27.95,8955,7708
VARDMNPOLY,2002036,26.0,27.0,25.75,25.75,8595,7420
VARUNSHIP,2002036,13.05,13.05,12.1,12.3,25466,19456
VATSMUSC,2002036,247.0,247.0,247.0,247.0,15,15
VDOCONAPPL,2002036,5.4,5.6,5.35,5.6,12062,9854
VDOCONINTL,2002036,23.8,23.8,23.0,23.1,29522,22874
VDOLEASE,2002036,14.5,14.5,14.35,14.5,600,600
VESUVIUS,2002036,47.05,49.5,47.0,48.55,13742,12829
VIJAYABANK,2002036,8.55,8.65,8.4,8.4,22640,18450
VINDHYATEL,2002036,44.7,46.0,44.45,45.15,4801,4060
VINTAGE,2002036,20.0,20.3,17.6,20.3,19728,12851
VINYLCHEM,2002036,6.95,7.1,6.85,6.95,3600,3200
VIPIND,2002036,17.5,17.55,17.35,17.5,1210,1210
VISAKAIND,2002036,14.0,14.0,13.5,14.0,5901,4900
VISESHINFO,2002036,13.1,14.15,13.1,13.75,24718,14760
VISIONLTD,2002036,6.3,6.3,5.6,5.85,574054,136337
VISUALSOFT,2002036,217.0,221.8,206.65,212.7,1569538,163613
VLSFINANCE,2002036,6.5,7.45,6.5,7.0,23122,15586
VOLTAS,2002036,44.8,45.5,44.25,45.05,9291,7061
VSNL,2002036,174.25,175.4,173.05,174.8,267841,217289
VSTIND,2002036,142.5,149.8,142.05,148.2,2616,2391
VXL,2002036,2.55,2.55,2.5,2.5,4065,4065
VXLINSTR,2002036,21.25,22.5,20.6,21.0,6850,5627
VYSYABANK,2002036,232.9,266.5,227.1,249.8,204227,80865
WALCHANNAG,2002036,29.7,29.7,28.35,28.35,230,200
WARRENTEA,2002036,71.95,71.95,68.05,68.85,908,628
WARTSILA,2002036,106.0,107.9,105.25,105.25,700,686
WELLWININD,2002036,23.0,25.0,22.25,22.55,351437,128339
WESTHATCH,2002036,36.05,36.05,34.5,35.25,9316,8966
WHEELS,2002036,70.95,70.95,70.9,70.9,51,51
WIDIA,2002036,51.0,51.0,50.05,50.45,488,270
WILLAMAGOR,2002036,5.5,5.5,5.4,5.4,50,50
WIMCO,2002036,6.85,7.05,6.8,7.0,11149,11149
WIPRO,2002036,1775.0,1809.9,1743.3,1791.8,643449,70494
WOCKLIFE,2002036,26.5,31.65,26.5,31.55,452478,259358
WOCKPHARMA,2002036,526.0,535.0,521.1,525.9,10408,8615
WSTCSTPAPR,2002036,46.0,49.8,46.0,48.1,4350,3225
WYETHLEDE,2002036,272.0,278.0,265.0,266.25,7060,4955
YOKOGAWA,2002036,28.0,29.35,28.0,28.0,2555,2040
ZANDUPHARM,2002036,1839.95,1839.95,1770.0,1810.55,46,45
ZEETELE,2002036,158.5,160.95,152.7,155.95,8675872,667237
ZENITHCOMP,2002036,16.45,16.9,16.0,16.15,9185,6705
ZENITHINFO,2002036,17.6,17.65,17.1,17.25,5571,4495
ZODIACLOTH,2002036,55.0,56.75,52.0,52.5,8673,7265
ZODJRDMKJ,2002036,8.25,8.9,8.25,8.9,300,300
ZUARIAGRO,2002036,21.2,21.5,20.5,20.7,14389,13664
